132 216 271 389 800
125 157 218 316 849 998
224 677 730 852
6 14
21 326
199 257
41 154 276 339 549 899
473 490 585 751 771 922
50 65 85 293 320 888
84 143 228
23 102 912
7 94 204 456 575 859 942
29 47 81 244 284 374 427 677 680
239 362 623 929
5 73 109 157 204 250 274 304 468 953
80 265 891
24 142 658
2 25 118 186 211 606 913
379 613
101 153 913
31 44 78 158 166 236 339 596 985
10 155 501
45 136 182 290 920
126 447 646 878
64 780
15 56 174
90 106 262 326 839
18 45 160 240 257 401 757 811 886
331 786 820
250 471
37 42 99 189 981
26 39
12 61 334
5 425
38 120 153 454 461 665 786 796 820
258 907
41 121 369
5 39 255 298 796 872 993
99 146
445 731
28 254
7 74 518 633
171 348
73 234 384 631 961
48 128 302 711 799
294 346 444
61 71 134 187 663 894
53 80 821 880 902
85 177
15 197
29 394
86 198
23 29 158 253 403 451 593 985
20 169 285 337
64 620 932
59 64 277
49 75 113 219 386 619 662 718 765 819
13 25 162 364 612 657 684 692
29 88 185 335 966
16 198
16 86 180 294 307 376 424 530 828 935
62 123
19 263 350 545
5 19 82 283 633 637
604 701
422 836 849
72 75 138 305 474 478 670 938 977
3 17 291
12 32 139 209 216 474 478
427 929 944
30 43 126 875 937 991
115 140 144 178 582
114 139 439
35 79 97 113 128 194 662
26 768
59 159 402 707 714 957
7 43 204 304 518 522
87 617
126 503 874
167 178
6 14 235 459
27 131 470
1 100 107 173 310 433 994
102 279
386 398 425 708 747 950
126 974
356 773
64 248 521
56 147 213 372 728
30 78 166 232
1 17 65 135 177 852
33 140 178 691
164 387
68 138 225 267 414 552 961
92 511 541 586
1 49 138
254 396 455
95 104 568
101 934
10 20 734 995
49 342 391 920
28 68 241 251 594 790
168 816
70 247
69 70 98
48 202 497 732 963
2 22 25 192 224 487 685 915
90 191 194 467 469 550 726
48 229 269
2 3 22 66 859
104 524 642
33 683 772 926
325 400 604 611 773
4 68
8 45 417 925
29 88
110 252 380
309 560
16 27 71 92 115 142 294 507 866
164 411 535
41 190
938 950
16 137 699 815
383 894
10 896
224 453
14 31 547 936 951
202 801
10 165 539
2 9 606
35 112 139 209 318 420 470 657
60 93 103 183 272 319 382 813 855
5 196 795
86 168 935
47 642 897
113 487 612
201 273
205 325 375 400 814
250 603
34 225 226
25 715 846
170 651
140 144 176 178 357 404 569 691
49 141 272 282 314 614 792
3 9 118 244 646 916
455 990
192 441 989
135 293
6 81 119 120 171 465 782
15 47 66 320 448 752 978
67 124
25 40 69 70 79 295 297 298 343 690
27 155 441 735
18 143 760
24 27 318 355 511 556 964
22 663 789
124 133 253
194 839
33 467 779
213 402
14 21 589 775
4 41 42 99 239 307 656 822
479 675 765
25 95 487 502
17 117 120 153 387 411 704 927
291 954
35 56 95 102 221 229 488 629 724
1 17 45 49 141 515 526 576 811 980
342 922
6 72 81 237 368 802
139 209 223 979
44 102 268 504 653
68 87
236 534
259 280 369
34 42 207 311
131 287 605 867
4 56 87 499 539 661 898
129 152
59 458 519 533 539 628 845
52 537
77 406 668
191 376
8 38 39 390 532 538 577 615 838
155 286 512
11 29 37 103 183 319 519 750 760 901
23 65 568
92 134 155 434 950
24 134 155 172 173 541 586 988 994
123 131
1 18 519 628 856
13 28
57 269 863
56 759
46 129
50 444
11 360
6 60 95 243 278 481 966 992 1000
17 40 320 374 481 642
97 133 191 799
1 8 184 443 608 815
3 6 17 176 209 275 677
110 111 285 380 405
156 446 754
91 195
219 384 827 864
368 452
2 86 203 214 307 317 509 616 877
117 164
111 252 337 476
132 148 497
47 129 453 900
20 837
2 9 364
73 135 953 998
3 10 72 841
185 278 280 327 484 532 538 615 924
30 31 78 166 936
144 495
22 25
73 76 147 450 526 890
41 42 52 245 390 850 861
73 204 513 744
93 256
20 30 399 429 734
54 555
253 451
770 843 987
59 845
11 50 485 910 997
26 121 177 445 484 584 640 659 858
6 26 170 572 651 762 768
53 82 296 353
61 136 189 190 290 362 754 970
311 326
11 19 49 57 124 191 233 270 788 865
12 54 69 91
20 276 499 790 840 916
29 43 93 126 287
29 361 394
36 277
49 689
6 329 397 426 463 540 931
136 156 265 358 602 666 821 840
203 277 634 715 979
5 108
538 776
41 351 391 928
59 211 370 533 740
160 401 635
272 999
82 279
8 57 163 340 667 676 848
243 368 559 785
36 458
138 338 347 655 670 739 767 898
8 137 477 696
6 21 77 805 825
1 18 21 49 77 106 391 668 675 725
209 379
29 278 367
43 122 826
53 400 600
37 141 277 361 447 460 542 576 581 643
54 169 208 215 311 597 755 778 804 853
44 48 759
17 22 66 242
24 142 831 857
18 85 220 391 833
76 122 470 483
265 297
24 71 142 159 745 866
24 134 303 470 541 625
70 295 612
13 28 98 168 317 471 956
112 404
70 91 96
44 57 653 973
55 82 88 598 992
173 283 869 968
226 827
145 644 696
15 56 97
8 72 199 350 531 586 718
112 479
58 132 147 230 243 340 818 942
8 264
366 573 592 827 982
30 272
21 109 218 316
276 941
229 371 860
35 823
2 18 84 143 228 323 381
162 422
64 194 413 605 903
227 768 805
37 293 382
103 410 513 587 823 902
2 47 109 560 744 769 893
52 100 610
9 17 140 151 186 222 244 524
33 121
37 282 756
210 324 345
7 8 624 727 832 847 873 953
7 43 518 540 621
31 109 274 300 498 769
22 453
219 338 347 438 440 592 806 847
15 342 544 887 940
36 140 273 277 699 939
11 780
512 983
27 134 155 322 386 645 944
13 15 36 228 430 746 812 917
3 149
1 51 96 125 199 257 503 511 674 698
28 65 158 166 168 241 388 489 740 912
52 505
44 150 158 724 732 835
225 395 403
5 377
309 851
24 41 51 146 156 351 803 867 931
30 200
170 187
22 87 225 718
6 84 226 228 270
45 190 357
73 76 157 933
30 31 236 436 438 534 703
313 407 536 547
217 537
10 308
184 443 945
8 418
1 635
142 159 175 220 349
145 647 904 917
34 233
24 27 303 398 590 719 735 946
110 112 122 202 319 380 405 457 479
24 74 137 747 983
5 39 210 462 759
25 34 151 217 222 246 393 441 583 848
16 71 98 115 159 234 295 352 398 708
5 39 71 220 362 895
101 164
83 148
20 37 114 261 328 516
10 82 279 373 494 598 840 958 963
34 682
14 20 363 378
98 100 298
442 753
5 50 85 102 196 293 709 779
312 485
4 10 68
9 244 252 318 784
290 528
185 209 344 781 808
157 309 456
456 851 948
81 221 243 464 586
3 25 118 205
113 711
3 9 17
76 168 184 249 261 264 395 456 513 526
11 506
24 92 159 367 546
376 473 490 588
24 74
23 65 372 733
58 74 108 322 486 507 522 590 614
13 30 31 62 78 289 435
283 433 610
52 57 79 107 128 217 387 437
34 52 150 583
272 542
38 282 316 506 665
33 287 300 305 541 710 974
41 42 126 156 189 446 467 549 794 926
83 231 686 899
23 35 50 65 85 480 730 910
181 282
9 163 205 304 325 356 701
2 21 25 116 160 242 284 441 502 570
43 245 289 523 575 576
38 969
12 478 514
127 204 592 594 739 798
281 723
330 710
28 451
881 996
101 120
86 137 180 873
177 302
35 85 135 202 229 973
66 97 461 570 606
2 55 200 266 577 837 855
11 58 63 431 595 872
130 636 915
67 133 260 477 550 607
18 34 188 199 306 401 927
3 17 192 320
7 781
24 80 523 620 807
11 67 315 496
8 501
23 35 91 98 161 255 359 596 618
50 564 997
114 238
178 287 330 669
43 44 240 269 359 730 882
10 114 414 809 987
8 72 246 250 338 713 791 938
3 118
91 116 255 393
11 133
15 46 105 130 150 152 491 793 871 879
86 198 530
21 105 182 296 579
330 581
203 222 984
50 543 618 962
16 180 721
26 62 64 123 358 379 609 903
523 968
20 84 432 469 476 686 862 959
46 70 372
184 264
11 69 133 607
16 373 883
28 99 146 165 269 370 455 587 678
55 121 265
2 38 108 331 454 509
32 89 91 96 106 116 298
16 42 144 165 193 317 508 923
41 410 749
11 67 110 258 358 907
76 82
4 87 219 643
31 78 341 937
8 200
107 212 268 345 401 709
2 118 153 535
74 322
18 165 803
198 301 638 664
20 223
113 150 232 437 596 629
104 909
6 14 26 81 119 407
93 417 829 870
3 22 47 66 104 130 222 244 299
12 54 106 262 348
147 230 249 292 300
618 711
773 814
282 492 529 748 756
78 912
12 89 201 262 357
34 107
4 10 31
153 390 411 454
137 184
181 272
94 129 197 430 697 737 940
7 187
413 521
42 53 149 626
21 415
125 450 526
20 38 63 223 306 317 363 429
8 35 161 264 477 882
30 33 534 889 911
430 697
121 214 367
62 64 131 613
144 495 656 939
18 49 167 257
5 19
3 17 564
7 96 109 116 195 227 365 603
37 608
16 180 307 684 706 780 822
84 323
99 154 681
154 239 339
1 63 181 240
6 48 88 220 259 381 387 452 797
3 244 393
12 32 54 172 326 389 964
15 197 213 463 491 572 591 879 943
112 404 900
60 394 565
20 375 984
22 151 186 462 846
403 632 727
733 750
15 109 197 591 623 667 943 967
617 838
39 462
44 743
2 186
95 480
19 62 123 350 745
70 206 389 562
314 824
303 625
109 209
88 92 173 299 380 610 641 717 877 968
210 299 462 722 965
13 19 38 50 154 407 454
318 437
168 180
464 536 671
73 94 562 705
812 863
33 83 217 440 447 563 588 772 991
263 291 486 563 585 684 727 816
193 301 906 935
13 19
1 21 45 401 811
15 46 197
14 746
14 163 336 547 931
193 638
4 366 896 982
23 84 113 177 232 385 712 764 852
35 77 171 778
4 15 354
1 31
63 967
84 143 231 321 334
30 31 158
106 369 474 555 589 695 808
116 195 247 298
37 103 245 258 288 382 531 901
34 107 520
7 43 525 760
376 771
43 80 289
4 7 43 255 428 472 978
170 930
94 720 848
57 85 177 728
36 98
203 652
22 32 251 348 356 466 580
76 344 979
40 69 105 116 402
82 598
80 283
381 783
578 674
36 55 118 377 576 818 884 972 981
254 717 990
47 636
5 46 210 553 602 659 722 795 961 965
33 216 217 436 460 467 581 911
11 58 986
73 109 147 181 292 304 309 515 601 769
125 147 340 601 705 729 890 893
10 72 138 179 251 414 434 552
232 561
13 194 509 687
110 334 399 582 964
2 35 79 95
248 413
16 983
163 179 205 356 611 789
4 138 234 251 395 408 510 617 648
39 498
63 175 238 327 328 421
68 138 650
128 383
2 437 500
3 9 25 145 211 222 448 481
99 333
137 395 734
38 117 120 151 158 164 211 647 832 949
30 166
70 554
130 909
1 792 844 885
103 288 314 382
28 33 593 742 990
228 270
13 83 111 252
198 301 706
8 38 927
4 72 138 713 790 806
1 45 453 844 971
12 54 172 834
53 266 485 958
58 114 124 141 595 960
193 672
17 118
44 162 310 545
227 328 869
201 571
57 65 553
16 89 215 335 616 834
81 452 536
169 215 873
73 125
163 205
52 616 646
126 361
301 731 746
27 199 243
141 187 314 457 529 660
53 493 952
63 399
28 134 717
56 57 161 202 736 860
40 342 486 588 627 810
440 472 723
10 88 121 599 700 788
20 39 68 196 399 609 714
127 226
9 83 394 415
55 952
47 192
33 49 81 119 237 397
7 26
2 118 176 242
86 294 508
99 799 959 985
63 139 346 363
154 190
7 43 219 522 801
27 108 556
27 41 71 866
64 107 131 248 268 294 449 574 688
25 111 162 263 310 563
37 245 377 870
94 101 103 184 218 560 933
130 284 374 502 877
216 218 300
27 286
68 75 219 499 501 918
419 891
5 722
11 58 84 260 726
351 431
111 112 137 337 418 435
15 46 67 459 804
34 52 144 189 583 681 939
17 44 48 97 221 252 485 600
4 10 234 266 281 385 539 603 941 958
160 199
64 123
56 561 743
71 74 123 216 286 475 574 624 754
54 122 253 404 408 639 826
12 415
6 12 13 14 89 108 223 329 368 805
31 388 396
69 70
11 37 114 344 423 733 748 763 960
84 686
61 766 783
69 116 295 880
51 246 544 569 793 830 897
21 54 91 145 412 567 644
157 998
42 173
2 29 121 214 256 438 654 788
33 361 702
14 186 237 457 464 476 536 611 630 762
122 258 476
495 699
1 18 73 206 241 365 482
18 157 200 205 240 701 885
14 81 119
39 131 921
433 807
148 343 544 649
66 524
15 129 737
182 188
67 88 93 700 841 924 976
62 76 132 218 316 389 515 648 712
74 92 507 590
18 325 529 611
424 838 956
563 810
15 33 46 213 917
77 182 188 332 348 557
13 40 77 96 195 422 980
153 212 306 313 370 387 523 772
210 346
23 44 48 102 128 229 497 725 736 764
20 39 171 262 558 908
146 189 446 683
8 182 332 577 696 716 876
21 32 215 550 556 567
80 620
24 27 115 142 159 303 625
12 32 142 172 286 322 406 747
9 22 299 564
282 972
42 100 865
664 853 883
265 297 585 892
30 167
34 45 47 49 66 117 224 652 886
77 597 915
251 276 490 631 791 830 847
154 923
182 951
126 305 740 974
69 116
226 252 594
38 535
6 397 904
59 377 710
26 119 687
421 913
503 571
45 345
192 909
32 92 412
137 264 477 548 925
138 442
20 977
157 410 562
51 179 250 385 472 817
44 61 187 334 469 507 557 862 899 930
71 496
285 787
23 50 201 273 495 500 543 671
129 241 396 650
4 352 758
43 809
11 78 117 236 341
51 87 136 604 630
4 219 246 378 582 854
72 267 573
21 482
3 242 549
59 120 164 212
40 70 83 86 148 161 468 665 859
249 566 622 832
201 398 944
12 311
167 844
87 127
45 628 707
40 343 649
566 669 892
4 127 293 347 371 833
30 551
4 51 68 119 124 494 502 854
84 270 352 557 1000
7 43
213 331
75 87 136 276 308 378 552 569 995
258 639
32 208 275 406 969
3 17
34 51 292 466 784
28 91 98 396 473 741 771 919
36 54 59 130 326 914
132 165 300 446 515 767 902
543 633 833
48 56 99 444
7 86 187 270 289 316 416 432 813
38 101 120 449
6 26
139 843
26 65 89 167 169 172 695 794 853
14 278 335
48 85 87 177 206 236 388 579 599 622
58 67 839
8 261 925 945
3 21 104
353 881
88 280 369 654 775
4 127 428
182 577 904
51 72 206 281 384 442 498 592 648 791
284 715
3 100 179 405 499 527 578 670 941 971
2 104 186 211 652
114 173 379 770
28 92 108
13 514 636
10 800
34 107 217 365 537
48 79 150 579 629
116 919
53 82 253 325 493 641 742 814
103 492
14 26 170 765 802
111 420 691
292 601
114 233 382
27 134
16 115 134 135 193 294
1 6 14 19 81 225 263 775
2 22 66 176 397 570
7 201
74 142 543 831
29 291
3 9 47 118 524 896 900 911
11 18 44 97 167 171 428 500 736 865
38 331
117 127 164
154 704
3 211 254
62 132 183 310 449
60 88 828 966
6 14 110 459 888
75 225
1 18 44 45 56 97 991
60 140 324 582 656
10 373 466 475 819
26 170 802
163 863 918
102 168 193 664
15 957
80 100
15 46 174
38 104 221
35 113 161 172 235 510
74 85 92 111 386
58 133
145 296 996
9 984
632 949
2 9 176 242 374 564 635 680 785
5 210 630 645
690 919
9 25 98 247
147 206 292 304 321 676 705 729
149 190
38 101 212 390 777 934
30 158
152 196 324 737 757 921
4 10 90 269 910
4 166 889
2 274 601 926
62 64 248 492
29 185
79 97 134 312 372 553 554 561 568 720
2 9
16 28 399 546
61 91 678
38 47 224 535 777
33 992
90 360
110 111 380
6 238 836
9 10 72 366 373 578 638 864 918
103 109 608 850
194 360
57 65 95 269 359 504 510 720
63 310 363 609
62 212 248 533 845
200 207 259 369
9 151
488 812
71 774
107 537
104 846
376 486 892
24 71 93 259 286 288 291 383 673
39 346
36 277 519
31 551
197 957
95 128
49 160 580
231 599 749
80 338 714
3 151
41 42 146 149
36 40 69 98 255 905
61 321 323
57 75 781 882 997
3 25 130 481
19 296 545 757
53 434 498 952
50 135 229 344 962
60 185 280 367 552 797
131 688
341 694
4 179
13 480 801
83 365
152 271
24 152 181 331 774
47 79 203 222
133 233 360
76 650
31 889
83 148 473 627 897
423 595
74 619
48 68 83 342 544 738 751 860 971
318 405
14 26
5 602
44 117 371 553
61 84 132 321 358 770 808
271 890
24 111
114 143 358 783
53 491 879 940
212 390 421 735 820
1 955
40 343 555
20 42 609 667 948
419 483 868
60 185
11 53 124 191 274 426 585 640
110 192 196 420 457 479 639 774 787 868
59 377 707 856
19 162 164 589 986
7 257 349 384 435 518 826
68 226 246
62 131 198
127 594 817
8 13 19 93 214 291 409 448 584 700
123 521 867
63 223
160 388 749 875
26 235 259 407
35 113 128 135 150 159 312 359 823
85 150
93 112 125 183 195 207 335
13 394 721
230 340 389 517 712
52 268
143 228 352 649
484 679
56 177
30 78 951
52 784
429 637
26 51 72 180 527 661 739 945 995
12 21 106 169 273 558 589 615 716
59 533 697
78 181 242 263 745
51 112 153 246 267 392 408 475 578 982
11 19 52 90
273 357 874
5 7 39 324 554 693 795
8 229 256 280 335 581 584 778
20 119 336
2 17 176 343 355 433 506 610
151 192 364 374 393 487 692 755 987
53 55 230 637 703
76 215 216 256 365 517 632 851
278 367
207 855
37 529
36 59
183 259 416
29 162
12 32 208 514 558 597
15 105 152 402 887
16 83 168 301 508 822
18 33
12 215 412 675
2 9 16 22 70 86 96 424 706 842
3 370 416 565 692 742
27 286 512 658
1 78 175 240 391 432 448 458 689
2 25 222 224 364
60 207 256 976
99 149 156
77 384 438 809
15 76 213 271 274 591
386 708 946
35 188 202 245 353 489 528 881
5 143 352 602 645 895 993
19 162
2 28 130 211 752
11 100 355 418 546 880
37 200 660 980
89 171
148 392 898
9 112 130 258 362 549 970
50 100 265 312
1 63
81 119 329 465 671
33 305 779
175 220 738 793 810 817 870
7 53 621
46 105 129 174
50 888
27 175 509 512 869
9 66 104 284 320 978
505 849
5 149
20 75 934
24 74 108 400 483 604 789
7 59 93
1 45 167 306 308 527
4 53 266 680 908
1 167
125 818
55 279 313 687 702 955
96 247
12 18 45 709
141 245 531
107 110 112 787
36 133 550
19 315 350
140 503
27 165 378 517 546 566 624 658 928 949
73 622
241 451
6 29 121 166 214 409 584 798 893 954
7 353 528
7 43 110 122 337 442 501 525
163 336
67 194 370 593
19 101 263 545 796 969
200 288
115 228
359 725
9 181 288 542 999
281 314 319 614 660 850 901 956
2 17 22 66 151 685
328 431
31 341 937 986
41 156
28 253 275 396 483 493 947
289 525
187 758
76 94 450 560 758
35 113 178
106 170 235 237 243 329 480
261 516
139 234 379 414 613
31 599
346 936
49 551
89 262
6 14 559
69 124 196 341 439 551 694 741
22 203 234
1 11 54 171 597
94 450
466 494 514
813 858
23 51 66 113 221 302 371 431 561 973
34 52 106 520 567
92 303
11 21 77 90 103 133
12 172 207 565
2 176 685 905
210 965
19 208 555
238 327 349 532 538 615
123 162 287 305 447 460 682 857
32 361 517 558 878
5 61 381 921
78 87 166 388 534 825
8 90
3 25
62 64 248 932
143 225 408
123 688
12 58 67 90 146 149 333 803 960
75 354 674 703 753
53 55 82 106 422 426 842
100 355
6 55 89
26 237 329 354 570 603
58 62 64 124 360 607
141 312 319
23 554
175 227 322
9 25 932
3 41 42 146 794 929
12 106 668
195 255
375 429 666
13 19 30 90 100 353 505 520 1000
6 14 104 731
12 75 121 136 188 290 332 854
175 417 679
36 89 171 565 856
51 347
8 261
5 672
1 23 65 102 160 482 835 885
27 145 188 290 647 836 876
11 233 262 268 423 763 792
29 214 575 621 673 693 761
136 203
37 43 218 288 297 435 525 756 981
52 99 333 427
338 864
4 13 170
5 40 271 468
321 381 557 824 862 930
10 127 267 354
60 88 183 409 654 673
13 19 139 220 227 721 923 947
136 753 830
23 264 443 474 516 975
27 52 504 520 681 914
111 122
75 205
7 55 279
60 88 214
567 825
223 375
103 191 208 492 614 824 999
48 128 221 510
231 766
574 605
260 872
5 58 67 439
19 505
10 227 404 679 776
15 105 141 174
105 280 572
1 10 51 72 173 355 916
719 891
17 22 204 260 292 612
15 105 430 491 804 943
1 23 95 161 641 653
559 975
218 249 566
147 206 378 494 527
31 260 616 834
108 120 313
4 34 107 268
3 28 174 606 954
1 12 48 345 425 488 886 920
82 463 598
290 328
40 247 295 468 496
32 54 175 227 238 327 829 967
11 67 191 251 400 419 423 726
7 884
73 76 124 132 340 460 562 728 729
21 77 874
63 363 977
55 80 279 283
75 179 428 605
18 199
239 339
5 39 101 183 196 220 295 424 858 895
148 738
51 145 267 344 385 613 843 975
179 455 530 816
16 75 136 392 530
68 580 655
267 366 475
1 18
6 114 139 235 445
90 101 120 591 698
266 626
23 35 65 587
249 752 905
32 172 208 215 406 782
511 766
6 46 174 651
71 159 193 719 894
37 542
392 434 580 841
16 86 198 883 906
588 922
20 169 323
308 385
79 102 135 372 579 666 962
41 351 531 683
18 63 240 571
36 58
165 190 276 643 713 861
77 413 521 574
50 79 232
14 459
20 375 907
95 202
23 144 497 732
17 532
15 32 46 336 356 368 663 764
7 289
149 165 190
522 575
556 988
33 59 115 330
10 281 471 631
42 67 260 472 607
155 946
154 189 239 333 351 362 410 861 928
254 315 337 461 506 786
94 309 623
659 762
32 126 270 275 415 432 436 478
32 89 169 208 275 311 348 782
349 417
40 69
271 482
85 150 293 302 488
1 45 160 257 571
16 23 46 174 572 871 887
1 284
16 21 180 743 906
108 115 155 383 619 988
102 161
146 339
14 119 436 661 702 875
490 751
40 96 195 690
464 465
8 224 548
108 868
443 548
5 439 993
204 216 672 763
20 41 49 140 178 201 223
153 347 411
24 115
93 256 761 976
90 640
82 313 330 421
94 249
247 678
13 406
9 842
23 128 334 568 618 644 835 903 959
44 135
117 777 955
16 57 79 169 307 317 412 676 828
156 704 767 948
4 10 226 373 723
17 54 56 364 500 695
21 54 275 755
238 327 349 776
145 188 296 332 996
71 74 80 287 419 425
125 132 230 513 744
60 797
127 235 397 445 540 559 596 662
152 402
239 682 878
4 236 250 392 408 595 806
366 383 989
8 418 815
122 285
80 156 189 333 427 617 970
117 212 461
254 403
65 306
13 16 122 489
61 231
42 273
14 36 46 131 315 449 871 914
42 148 669
39 50 56 158 371 444 634
6 61 109 157 184 197 274 716 798
83 278
8 39 89 152 465 608 748 750 837
5 324
48 97
407 452
163 336 600
36 508 583
693 884
231 398 496
590 831 857
40 741
81 237 440
296 302 332 471 528 573 800 876 908
37 972
12 28 241 261 516
426 463
105 129 174 493 587
4 281
57 91 96 98 221 724
105 129 547
17 785
22 186 299 634 689
285 484 829
8 28 94 137 395 403 489 989
18 173 283 297 345 807
22 47 66 176 393 573
32 285 405 420 593 657 942
206 933
144 178
10 61 323 469 819
40 70 96 125 230 698
79 97
185 409 761
29 60 207 416 924
55 91 600 626
21 26 55 266 540 548 963
69 458
19 350 357 821 994
308 655
34 47 217 233 354 504 569 694
58 232 315
46 213
13 87 627 947
57 161
