51
35
38
14
25
16
19
6
127
86
15
17
82
50
26
14
8
41
38
39
13
13
77
43
53
45
23
14
93
28
18
28
23
69
6
73
45
42
44
17
11
9
90
78
41
41
41
14
97
49
45
23
10
60
77
54
32
93
26
13
12
66
29
25
9
87
59
23
12
45
14
42
9
92
81
22
22
19
15
16
13
107
11
14
19
89
55
58
37
15
16
19
29
15
13
19
31
36
26
15
23
25
13
46
52
32
77
45
38
39
40
27
29
23
16
52
32
27
12
8
7
21
8
16
6
14
8
48
36
6
60
45
18
9
20
22
14
8
67
19
51
25
35
21
44
26
15
16
11
65
50
49
29
18
28
13
16
138
89
13
60
21
19
18
15
105
69
12
22
12
57
16
41
25
19
10
42
22
95
41
26
22
13
18
21
25
14
15
17
26
68
15
12
35
69
58
57
55
9
44
14
46
21
16
17
11
21
19
18
20
29
13
22
12
52
11
9
9
6
52
40
42
32
29
23
22
53
34
7
51
7
54
37
9
7
41
41
29
24
14
12
40
23
23
15
20
19
14
30
19
17
13
12
27
16
11
18
16
9
45
20
14
20
23
15
14
17
40
35
21
83
19
15
17
11
19
60
34
22
56
20
18
17
36
27
27
19
26
16
15
37
39
46
16
13
16
33
22
18
10
83
63
52
37
19
15
48
15
91
73
35
14
19
33
23
13
25
41
53
21
11
14
64
25
9
16
17
21
44
22
21
16
55
24
21
16
15
7
90
34
36
31
22
14
13
15
20
13
18
68
66
17
23
23
20
11
25
24
32
16
14
75
29
22
20
22
15
6
15
67
23
21
14
10
81
7
78
47
21
11
33
14
15
43
13
10
50
14
19
15
13
7
43
22
28
20
42
28
13
16
27
18
38
14
9
32
21
7
4
19
14
20
51
48
14
14
23
32
23
20
29
9
12
19
13
27
27
49
11
13
42
16
50
44
18
14
12
94
10
13
17
18
20
20
14
11
37
14
40
34
16
9
13
39
28
19
13
33
25
17
12
48
14
37
17
33
44
16
21
10
13
18
8
20
24
25
18
19
15
23
19
47
23
20
18
30
29
26
18
12
21
14
17
5
40
21
17
60
32
12
37
27
43
30
32
19
69
28
20
15
22
13
26
19
24
21
20
19
16
12
12
14
7
9
15
31
18
28
4
43
21
14
55
19
4
40
16
8
9
9
64
26
12
11
23
19
54
9
6
13
16
21
20
39
18
15
67
18
25
20
26
13
17
31
15
13
15
14
6
22
11
16
21
30
17
22
34
31
23
11
18
10
25
9
7
30
9
16
24
14
15
22
15
15
50
16
28
15
24
20
10
13
14
99
15
18
4
17
11
10
16
15
49
10
15
16
59
30
24
18
14
31
22
21
22
16
24
19
16
25
50
15
40
9
9
8
24
74
18
11
6
18
32
27
19
20
20
24
16
23
17
25
17
19
61
16
11
78
23
19
12
31
18
16
48
15
7
31
25
12
16
25
21
9
11
13
29
14
15
13
15
15
12
23
15
16
18
4
34
26
16
59
36
27
13
8
11
41
20
16
12
20
23
25
24
12
30
31
11
31
19
24
13
18
24
26
20
85
17
17
30
39
18
14
14
24
23
25
12
9
63
15
22
14
17
27
19
13
11
19
20
7
18
8
12
15
15
17
21
16
43
17
19
8
13
20
26
7
13
9
12
17
20
23
15
21
20
9
15
12
28
22
16
15
17
21
14
16
18
16
12
19
10
10
38
13
8
12
7
8
14
17
15
20
13
19
18
27
13
16
8
14
15
44
29
20
11
13
18
13
13
14
25
17
12
16
21
18
17
20
22
26
17
31
13
10
12
26
14
30
14
19
25
12
26
15
16
8
14
25
10
14
16
17
17
20
9
13
15
16
6
13
28
20
24
12
26
17
15
18
18
14
13
10
23
24
14
20
17
17
16
15
14
9
16
14
16
11
18
28
21
24
15
7
19
18
18
15
11
17
12
15
19
19
17
30
13
17
10
3
16
5
16
17
20
21
8
17
19
17
14
11
11
10
13
22
15
8
11
14
17
30
21
21
18
14
12
14
25
17
21
18
18
41
20
18
5
11
16
15
8
12
30
17
14
14
20
8
12
12
40
22
12
13
13
17
16
22
16
21
21
18
18
22
21
21
7
4
19
9
8
10
13
5
9
14
15
15
19
12
26
31
12
13
12
11
17
7
15
13
21
24
9
22
15
18
7
18
15
18
