33
11
16
15
49
44
7
36
13
33
13
53
10
72
54
36
37
37
20
84
28
123
69
35
55
27
27
22
109
98
71
21
29
14
58
56
50
45
39
26
20
18
68
33
21
16
15
17
48
34
34
28
45
21
19
20
22
9
43
28
28
7
16
12
86
44
52
33
14
19
18
59
29
20
47
52
22
12
19
17
15
53
38
23
32
20
17
12
14
39
22
16
20
23
8
20
12
87
43
11
30
17
34
12
14
18
16
64
41
6
22
46
21
26
17
28
28
13
67
68
11
34
15
13
11
94
32
38
13
10
86
79
68
33
16
21
14
30
15
19
74
49
98
46
8
33
20
39
33
32
33
31
12
19
78
32
25
17
20
58
4
28
24
13
14
48
26
11
18
14
55
32
24
20
20
18
53
40
34
9
14
10
7
28
15
51
44
44
14
17
76
36
19
107
51
26
21
11
13
46
24
20
8
20
49
14
4
10
10
70
44
15
28
18
25
16
10
36
34
15
28
19
24
7
13
45
24
20
21
59
40
25
34
13
13
60
45
37
33
31
28
27
20
65
24
11
62
4
62
22
14
36
24
16
21
24
10
38
5
39
31
24
22
52
19
8
85
71
41
32
31
30
12
100
69
13
17
50
47
15
16
21
7
13
21
5
118
24
35
16
8
10
19
16
17
52
36
21
14
28
25
28
34
37
16
63
11
56
20
20
42
36
29
22
21
19
18
13
12
22
16
10
50
13
11
27
20
55
35
68
41
22
15
15
19
23
16
60
29
20
21
19
23
12
25
11
13
50
51
22
24
13
22
22
15
13
37
35
14
14
24
11
31
13
10
20
13
15
11
55
43
29
34
28
22
19
15
21
39
27
14
13
34
27
17
16
30
11
9
28
16
33
20
8
15
26
15
17
35
30
21
17
13
70
20
17
64
26
13
19
15
44
38
18
17
16
16
25
26
14
18
17
41
17
35
25
17
8
45
32
11
17
9
27
22
14
15
46
22
18
11
20
22
11
23
25
20
14
23
22
13
19
11
46
14
75
30
53
9
45
17
12
22
16
27
24
6
14
20
31
17
16
13
23
35
8
42
6
42
29
12
22
28
12
13
35
18
8
14
12
15
8
75
34
33
23
52
24
10
29
23
18
25
16
8
7
38
7
50
13
31
24
18
92
63
14
14
10
15
9
85
25
21
33
13
22
13
9
33
18
25
11
12
10
12
11
20
15
10
7
12
15
17
18
23
28
16
18
12
18
38
43
35
25
19
5
21
18
9
17
12
8
19
12
5
79
14
21
13
31
33
21
14
18
39
29
31
21
8
14
13
26
24
16
32
28
18
23
18
17
7
37
38
14
17
10
16
10
19
10
7
12
46
17
7
27
13
18
17
12
20
13
20
12
40
12
15
9
20
12
17
18
34
21
14
21
10
6
15
21
21
18
15
18
29
28
11
27
13
12
8
13
24
11
11
17
15
13
75
29
10
9
25
61
13
39
15
14
19
24
20
32
32
17
24
13
19
11
18
13
20
17
21
21
63
12
34
17
24
14
13
21
21
10
3
14
7
16
21
31
15
19
12
38
27
12
25
9
26
10
12
25
12
13
10
9
11
33
12
12
25
38
13
25
18
26
24
23
14
15
14
14
10
29
17
16
14
17
7
18
8
8
11
28
20
21
20
8
9
24
38
10
25
27
10
13
15
18
12
7
10
15
22
13
12
14
13
17
14
9
11
9
35
20
20
12
22
17
25
14
16
10
13
33
9
19
16
10
14
20
29
25
13
10
10
7
19
9
19
27
15
41
22
20
9
7
15
16
16
11
15
21
25
15
17
14
11
8
24
18
13
23
16
20
15
21
8
15
19
13
12
15
28
18
6
13
16
30
9
24
18
17
19
14
15
19
6
30
22
14
44
19
13
10
18
18
30
5
23
9
8
8
24
17
22
18
11
16
13
14
11
14
10
12
18
16
7
26
18
12
9
11
13
34
15
14
18
14
17
21
9
16
14
10
30
14
9
10
12
17
11
18
6
13
17
27
15
18
7
6
12
8
8
21
12
6
16
20
15
16
18
23
20
17
9
22
17
16
14
11
16
19
21
19
19
29
11
10
6
18
22
14
12
16
10
8
18
9
16
7
28
17
17
9
11
5
20
14
15
16
10
17
18
11
22
11
12
13
14
14
15
10
19
13
9
11
11
21
29
13
30
10
15
21
16
12
9
19
14
22
18
11
21
18
18
12
11
9
15
10
24
11
19
21
25
13
10
30
9
16
