69
10
43
23
9
58
26
12
11
12
68
14
16
16
16
12
10
87
48
11
50
34
24
12
86
29
60
13
26
7
53
62
43
36
21
25
16
27
19
17
14
12
25
12
17
17
114
40
27
24
10
30
11
119
8
11
9
8
49
38
26
74
55
36
10
16
17
25
10
26
31
19
105
28
28
69
32
9
5
80
40
37
28
18
28
28
12
10
69
67
41
25
30
15
21
18
16
14
11
52
21
14
60
19
71
33
25
13
8
45
44
54
29
23
14
18
21
15
73
74
46
29
36
39
45
25
18
23
67
49
49
25
29
20
15
15
44
33
19
14
10
55
61
54
27
26
14
15
32
17
12
12
16
60
25
42
26
23
62
23
9
46
43
12
38
24
14
21
4
37
46
37
22
17
10
62
44
20
18
15
9
59
9
23
18
38
25
14
6
61
30
55
74
52
62
56
34
24
15
7
74
56
57
32
23
16
24
20
49
32
32
26
23
22
22
63
50
25
13
39
25
11
65
69
20
27
19
88
55
42
35
19
34
31
22
68
26
28
33
29
65
23
16
34
33
42
17
24
10
87
55
51
20
14
9
22
21
7
6
59
8
13
7
22
17
7
12
44
50
26
24
12
8
31
18
120
23
33
12
29
28
13
20
14
60
18
12
7
15
73
65
16
11
86
31
23
16
10
12
61
32
22
22
9
44
24
25
14
17
15
40
43
42
22
12
24
12
13
73
73
46
21
11
38
27
15
31
30
15
15
56
43
41
42
27
13
10
28
23
11
8
15
54
53
15
33
23
38
17
21
21
23
20
27
24
13
9
17
22
13
8
50
24
14
132
19
12
9
20
13
18
81
27
24
21
12
17
108
54
13
19
14
43
22
22
18
23
8
13
17
18
20
38
23
18
34
27
13
22
18
22
27
23
19
28
22
21
13
6
32
18
68
13
8
98
21
26
34
12
20
8
15
16
14
29
14
28
29
15
15
37
15
15
15
65
58
21
18
16
23
11
14
9
23
12
40
20
21
19
14
10
17
24
6
16
8
54
30
17
14
28
20
14
17
17
20
24
16
19
14
22
12
31
35
25
21
11
16
6
8
22
19
18
15
19
19
20
29
16
8
26
16
9
45
20
18
11
19
16
17
15
14
26
5
17
16
21
10
60
11
14
5
12
20
22
23
13
16
15
14
12
68
22
24
12
22
35
16
27
22
15
12
20
21
15
28
6
14
44
25
29
20
13
17
30
17
17
12
54
9
30
12
18
9
14
38
23
17
17
36
35
29
13
14
63
33
18
15
10
15
34
43
49
18
10
17
17
38
19
24
19
13
8
14
10
14
17
15
11
53
25
18
39
36
27
26
15
14
18
27
18
19
19
23
12
14
30
21
23
8
10
25
12
18
18
19
6
10
12
73
15
21
6
10
7
18
20
13
17
17
16
7
43
19
15
28
24
7
10
27
27
12
29
23
15
26
15
15
19
14
10
19
10
7
25
8
9
15
27
15
46
32
40
15
14
24
24
14
18
13
14
16
20
17
13
33
16
13
50
23
21
48
13
18
11
13
6
18
46
13
11
16
17
23
13
17
15
12
7
21
30
16
5
15
12
21
19
21
18
27
15
22
16
12
21
15
14
8
14
11
15
19
31
29
15
39
23
20
11
8
6
25
13
18
31
13
15
12
18
55
17
4
15
18
16
14
17
14
20
26
25
12
8
8
13
32
19
19
12
7
10
27
27
20
27
13
26
30
12
25
52
20
31
25
20
16
14
25
16
16
39
11
11
20
18
41
24
13
13
18
15
19
15
23
18
23
14
20
10
13
25
12
23
21
19
17
12
10
18
14
9
20
18
4
4
11
39
12
20
12
13
12
9
21
14
17
19
14
11
12
25
24
24
13
20
18
14
17
16
7
6
13
31
9
31
18
21
12
25
20
26
18
19
19
22
8
19
24
18
11
21
14
25
14
16
11
8
18
16
7
6
17
21
14
10
17
18
21
16
24
13
15
16
10
51
15
20
7
14
16
15
26
10
30
9
9
5
9
16
40
13
21
16
4
15
12
18
18
13
14
17
21
18
14
16
13
6
12
13
27
35
25
10
13
21
11
13
27
9
17
15
17
14
24
34
16
24
21
5
21
5
13
12
11
12
18
18
14
16
17
8
15
17
16
11
26
11
14
8
15
8
12
11
21
13
14
6
11
22
4
14
9
12
17
13
6
10
19
22
16
18
7
14
23
11
12
12
22
15
13
15
20
18
18
10
21
12
20
17
18
