77
52
33
31
26
29
18
63
17
26
19
19
8
74
47
25
8
15
17
91
55
56
58
44
23
20
23
16
18
86
55
32
41
33
29
16
15
22
41
18
40
34
22
30
26
17
17
18
81
8
80
69
38
12
14
79
32
26
24
61
41
15
92
78
14
65
38
17
10
120
75
53
27
32
23
23
16
102
35
33
30
6
46
31
12
15
7
34
33
20
11
13
98
40
54
32
36
39
32
89
50
4
47
8
17
40
17
34
30
25
20
20
18
14
23
18
97
66
83
21
25
17
19
96
48
47
36
37
31
36
17
19
54
25
16
19
14
33
19
12
15
12
52
45
37
13
10
8
26
15
46
34
23
29
32
19
18
21
24
24
18
68
20
17
8
9
82
7
16
7
49
29
22
36
31
23
13
17
9
82
38
38
28
30
26
43
83
14
34
19
23
27
21
8
28
19
22
90
78
40
30
30
22
16
13
12
13
61
25
18
15
36
39
25
17
58
8
24
12
38
16
9
19
19
14
20
10
21
7
37
25
13
23
18
47
20
30
17
21
20
33
23
26
24
16
17
50
14
53
9
6
9
17
31
26
37
10
22
66
22
17
51
26
17
37
18
60
12
7
15
15
19
18
19
23
21
16
15
8
7
10
38
29
65
21
28
26
14
71
47
22
42
25
13
9
15
13
73
14
9
12
11
52
29
53
44
16
12
14
10
64
21
15
31
8
31
26
15
18
12
47
16
24
21
11
92
29
17
11
10
14
10
9
14
13
54
31
23
15
34
20
24
14
19
50
25
17
29
15
13
84
18
12
16
10
49
16
10
5
64
20
20
21
24
15
41
27
22
20
53
31
27
14
23
15
16
62
52
22
33
20
29
38
18
3
11
22
22
16
8
8
16
8
23
8
17
9
15
90
9
72
43
23
16
9
17
25
57
19
26
76
78
24
19
21
33
27
29
18
23
35
20
9
33
29
18
37
16
104
61
49
28
16
21
23
29
10
27
31
19
15
22
29
23
10
7
9
40
41
20
19
14
16
15
11
11
38
8
27
30
39
30
18
23
37
31
7
66
31
34
17
17
39
44
30
18
17
16
15
5
15
10
24
60
39
20
17
24
72
25
18
11
43
21
23
17
28
11
11
12
22
31
17
13
18
12
61
17
10
8
25
15
21
17
32
14
4
16
39
24
19
17
29
13
10
21
17
12
15
35
17
26
20
22
18
88
42
27
30
15
21
10
9
9
27
9
14
10
14
11
30
20
17
9
9
18
20
12
32
17
22
51
28
23
17
8
22
34
17
25
13
55
23
11
13
12
31
47
38
30
21
16
34
23
23
60
16
17
19
17
20
12
46
9
12
25
30
23
18
18
11
18
10
25
13
60
26
16
12
16
8
8
89
42
44
13
18
14
9
71
20
30
23
22
10
25
7
19
61
15
23
15
23
17
38
22
24
29
16
5
28
33
22
18
15
21
18
10
11
19
43
14
18
25
22
17
10
20
18
38
13
26
29
24
27
20
38
15
36
20
11
42
31
37
11
32
16
26
17
23
39
8
14
10
56
33
16
17
10
49
20
18
21
12
17
16
22
16
18
16
19
19
49
9
24
31
21
14
20
12
31
22
7
5
12
36
14
12
7
25
13
15
31
19
14
19
23
18
12
40
11
16
12
21
7
17
17
16
17
36
11
20
13
19
4
13
10
28
11
19
8
12
24
20
43
32
11
17
16
21
12
25
16
22
8
38
13
10
56
23
14
14
13
21
16
26
14
26
22
17
20
31
26
16
15
10
12
8
13
17
15
11
12
16
12
18
13
19
15
23
16
16
7
18
8
9
9
6
40
17
9
11
11
9
19
46
8
14
33
12
11
16
15
15
16
11
21
31
17
17
30
13
25
35
17
16
18
9
19
15
19
23
28
16
16
25
16
29
15
27
12
20
13
14
19
20
10
11
11
16
6
15
6
21
20
11
22
20
11
11
27
7
11
19
6
11
25
36
19
12
13
19
16
13
30
12
12
10
14
18
20
20
17
16
30
22
16
23
20
19
24
20
23
11
14
7
16
19
16
10
22
14
30
7
18
11
9
22
18
18
19
13
8
22
16
13
24
17
15
16
12
16
22
10
8
12
16
15
26
19
5
20
23
12
12
13
17
17
21
13
15
19
13
17
11
13
14
14
13
13
15
20
12
23
20
17
14
12
17
11
12
16
11
12
39
14
21
11
16
24
16
16
4
12
21
13
17
9
13
11
13
19
24
13
12
10
8
17
14
6
