95
49
43
21
27
24
24
22
82
58
50
26
25
23
14
25
86
88
69
10
30
23
14
44
14
8
10
41
5
47
10
68
16
7
20
85
3
28
24
24
22
8
15
18
14
64
12
48
23
111
53
52
53
110
84
65
61
18
27
21
11
13
17
16
27
22
10
84
41
12
93
44
20
25
23
18
20
28
21
5
9
41
35
32
31
24
12
3
9
40
19
33
17
19
16
19
22
29
94
47
21
11
56
62
16
11
55
52
28
18
16
11
13
14
60
30
31
31
64
21
77
75
37
8
39
44
36
31
23
14
18
14
17
45
18
25
23
111
26
24
19
18
12
8
17
105
4
21
14
29
27
19
97
79
10
14
87
38
19
12
20
12
90
15
16
15
13
10
40
73
50
43
34
16
12
18
68
50
35
28
17
17
24
18
17
57
23
9
53
50
42
36
11
49
9
18
12
68
57
17
16
12
27
6
28
12
23
21
19
25
82
18
26
21
21
17
18
20
72
32
29
21
15
14
30
23
51
9
10
70
35
24
9
9
9
32
24
24
12
30
31
20
20
18
13
26
19
14
10
44
40
20
4
97
42
15
18
21
30
22
20
18
33
25
22
21
15
25
14
20
7
15
15
12
6
9
73
39
34
22
12
21
11
11
77
10
11
68
16
15
23
12
29
27
86
77
36
14
15
15
61
7
81
51
12
28
15
50
23
9
59
14
15
21
22
61
59
24
20
17
26
19
23
7
18
16
17
24
27
13
4
31
64
24
15
14
29
39
35
19
15
50
53
43
24
15
15
20
18
29
22
11
16
11
15
22
20
23
11
45
19
10
19
9
17
21
12
13
16
84
33
19
25
6
38
13
32
8
10
27
20
15
24
22
15
53
15
12
14
6
32
13
20
5
12
12
8
19
9
8
38
32
20
53
50
40
22
20
60
20
14
11
25
8
17
23
14
71
43
33
16
26
15
72
25
18
16
39
16
25
18
17
10
17
24
22
15
9
39
25
51
19
16
8
17
16
18
33
30
33
25
18
17
15
42
18
16
34
15
24
24
10
34
24
25
17
8
28
24
17
13
23
11
30
17
26
10
11
11
13
47
21
11
24
14
26
15
51
30
20
16
22
37
18
19
14
27
13
16
34
23
46
27
22
49
34
16
10
11
10
17
11
17
26
10
18
30
21
19
16
24
13
10
17
8
57
5
9
40
21
17
22
11
51
40
21
22
24
14
55
36
33
17
15
21
14
16
13
12
43
20
15
42
28
35
16
17
19
7
6
21
29
56
34
24
15
13
21
23
17
12
20
16
11
6
28
13
37
19
13
8
19
16
7
7
13
5
15
12
71
8
16
9
14
12
22
54
34
7
19
11
16
11
32
4
24
19
13
8
18
37
22
15
21
31
14
41
31
12
9
7
25
16
19
46
27
25
19
25
28
15
33
30
27
19
17
14
43
17
12
10
32
8
17
9
27
20
15
23
16
19
14
10
16
15
20
27
26
12
14
15
9
20
11
18
18
25
11
34
15
11
26
28
17
11
17
10
8
28
48
12
15
13
16
14
48
19
15
17
14
16
13
34
10
22
37
29
19
38
23
36
20
19
16
19
18
12
15
25
18
20
13
13
35
14
22
25
15
14
20
32
18
33
34
17
33
20
35
11
15
17
24
18
19
19
13
4
15
10
12
10
23
16
13
9
6
33
18
14
15
17
5
35
12
19
19
19
17
15
15
9
10
29
25
18
20
20
8
26
23
16
11
23
20
17
17
12
17
9
11
19
17
16
9
24
13
14
11
14
14
13
13
17
22
19
10
16
19
23
16
14
4
21
30
21
10
30
26
11
12
12
3
11
31
31
14
24
8
17
18
31
25
22
18
20
12
17
7
28
4
7
12
13
11
6
14
16
17
13
16
23
12
11
13
10
15
14
18
9
15
8
11
19
17
7
10
19
33
15
12
17
7
15
17
18
17
17
12
16
18
33
11
13
7
10
9
16
10
13
25
10
22
12
17
15
36
11
24
28
24
16
21
21
13
9
9
15
19
13
16
11
10
18
14
18
10
23
30
30
14
10
16
15
12
13
14
19
19
22
22
14
12
21
7
13
6
13
11
5
25
17
15
30
17
13
16
20
15
16
11
22
19
10
9
18
22
12
13
12
18
11
19
8
23
22
14
11
11
18
15
14
10
18
11
16
14
18
16
8
17
18
6
19
11
28
17
18
12
9
13
16
10
9
11
19
17
9
12
31
24
7
19
12
19
13
25
11
19
18
14
