84
57
55
35
25
23
23
14
13
63
32
31
17
80
64
14
14
13
37
8
58
15
78
32
22
11
56
30
18
46
43
45
31
46
29
25
19
21
17
60
33
29
22
14
87
48
20
25
9
14
11
45
54
38
42
18
20
13
55
49
27
23
20
11
18
12
64
32
80
91
70
53
42
20
20
25
26
18
21
109
32
56
50
59
37
17
11
19
7
41
34
27
13
49
13
4
51
15
21
76
18
33
35
41
11
11
117
37
26
30
11
17
96
48
11
48
33
20
12
14
44
41
30
27
30
56
10
10
20
11
66
55
31
23
24
19
82
73
43
13
11
89
37
42
39
21
31
13
17
56
54
21
35
31
12
8
37
23
66
91
30
38
30
19
10
29
26
12
8
21
66
18
20
10
14
55
27
37
39
30
25
27
24
25
14
32
5
96
27
59
15
13
7
17
22
64
44
20
37
12
16
36
11
48
42
51
10
58
17
18
20
16
72
36
28
26
45
22
9
17
11
23
42
28
29
32
16
31
28
21
26
20
66
50
26
27
19
16
85
33
30
26
24
19
19
9
72
52
37
43
7
59
38
24
19
53
27
15
17
18
108
13
15
38
25
78
26
32
36
38
21
18
11
83
43
17
18
10
18
9
12
83
29
20
30
7
37
46
38
24
20
46
23
14
19
20
8
14
45
43
29
15
9
15
21
16
61
15
26
18
45
13
70
67
36
39
14
38
30
25
23
13
41
34
21
16
11
13
21
34
28
14
12
11
9
8
73
5
45
29
19
16
30
67
16
14
19
17
13
16
99
17
13
13
9
10
31
20
19
17
12
13
25
9
54
39
19
17
57
91
22
26
28
21
23
26
8
25
10
56
18
30
16
7
45
8
27
11
29
34
24
20
21
21
18
24
44
39
29
20
19
32
8
6
43
8
25
16
21
17
87
64
17
5
43
11
22
34
18
22
48
38
14
12
32
18
11
23
16
20
6
17
15
14
15
18
33
28
21
14
31
19
15
29
8
16
21
11
14
11
49
33
27
20
26
8
8
21
15
17
8
17
3
10
80
42
59
26
16
15
16
13
25
20
16
46
39
39
30
23
18
19
11
30
16
14
30
22
29
14
14
7
9
8
18
12
31
15
11
8
24
10
27
23
25
12
23
8
28
13
37
28
21
18
12
34
17
21
18
11
18
28
29
12
7
37
16
19
23
12
16
46
14
20
17
15
12
16
49
16
18
7
16
35
22
12
15
10
26
20
28
26
14
37
16
9
26
5
7
47
9
32
17
58
7
20
16
11
13
54
36
83
15
18
6
9
44
18
9
34
6
62
28
22
18
13
34
15
20
12
33
26
14
18
21
22
19
18
9
43
23
18
16
22
13
40
15
32
18
19
11
31
13
28
79
22
19
5
12
8
12
10
18
12
9
15
16
39
10
25
21
25
38
14
19
11
45
25
24
18
21
10
17
21
14
24
12
13
15
28
9
11
14
17
19
33
24
22
10
9
31
18
15
11
52
17
18
13
10
25
21
9
11
6
22
14
18
10
24
14
12
32
18
18
20
12
10
28
9
30
15
7
14
12
6
26
17
42
30
22
28
21
25
18
11
8
12
25
6
14
12
12
12
8
39
8
6
20
34
18
19
20
23
26
9
9
9
19
13
12
16
12
23
10
19
19
16
20
16
21
23
20
23
29
9
14
20
12
14
12
8
7
18
96
16
19
25
25
9
11
29
11
14
20
24
12
7
9
10
34
18
24
18
26
16
16
27
20
24
30
20
13
17
23
26
18
16
14
21
18
8
17
11
17
19
26
27
7
11
13
40
6
16
27
6
24
20
22
14
17
18
16
17
18
10
11
17
23
25
27
17
18
6
25
19
25
39
15
25
26
8
14
18
14
12
24
16
35
30
14
13
11
12
12
16
15
30
17
16
14
18
23
16
41
13
13
18
15
15
11
11
9
22
14
19
14
11
8
15
12
8
11
16
29
15
6
8
15
14
12
18
14
10
12
20
12
11
13
17
22
19
15
8
16
19
26
11
22
15
12
15
28
14
30
9
10
9
9
12
13
20
14
16
24
26
22
25
8
14
19
21
13
18
11
25
15
12
13
8
11
17
15
27
23
12
8
12
20
13
27
22
10
23
11
11
10
13
16
26
13
24
9
17
17
14
17
7
34
25
18
8
11
29
11
14
7
31
15
22
14
17
8
27
16
13
9
13
15
13
20
14
13
12
13
21
10
16
12
13
18
11
11
15
10
4
8
10
9
18
15
