15 257 300 510 790
11 69 94 682 930 995
622 970
268 292 758
148 450
2 87 98 944
336 723
13 122
15 298 331 441 765 815
136 155
4 56 183 727
46 63 155 352 951
116 359
4 277
9 44 54 455 528 780
61 686 826 866
44 73 212 250 299 500 533
30 310 334 493 532 887 919 985
535 686 747 797
19 43 66 237 379 580 640 936
256 695 981
17 342 746
4 799 925
10 14 110 182 193 346 390
22 115 128 183 471
7 270 346
11 166 702 889
91 343 909
23 211 337 485 600 885 893
50 51 179 321 656 849
15 105 147 348 350
5 8 18 100 194 226 387
10 20 110 293 322 830
69 185 383 828
1 27 68 163 338 867 958
19 145 152 387 447
594 778 962
20 81 262 781
7 42 218 365 584 736 934 952
7 324 360 418 760
23 832
6 17 22 28 130 404 457 478
367 880
19 30 48 270
42 125 410 560
5 36 96 190 682
47 51 173 883
201 251 798
76 107 149 270 271 387 491 635 835 988
18 129 210 402 556 896
1 3 24 27 95 124 163 188 373
9 433 846
14 143 507
5 431
9 665 752 996
60 84 974
70 405 575
59 619 633
367 460 899 929
47 470 500
296 427 538 674
20 42 57 222 264 293 466 922
374 608 623 792
151 193 405 407
266 473
56 75 84 117
90 328 607
17 78 113 167 193 233 487 583 746 750
301 456 539 831
3 29 135 415 428 446 613 742 745 876
23 356
34 38
26 62 359 889 955
179 274 524
49 381 884
32 70 203 233 530 564
8 18 36 55 158 511 540 726
36 292
5 47 74 259 434 861
46 90 134 261 287 339 459
48 510 671 821
38 53 130 197 257 259 370 653 884
376 599 924 957 1000
150 346 835
3 14 139 205 299 585
16 410 760
440 448
18 660 897
2 180 495 890
6 124 188 200 518 562 629
276 289
29 132 217 370 698
44 93 112 137 505
75 203 345 357 385 564
142 555
58 87
79 348 706 823
13 344 523 957
140 584
23 25 181 697
117 177 386 757
230 483
11 16 561 565
470 563 811
105 849 897 939
133 171 258 326 363 441 529
16 200 946 981
1 229 650 801 918
8 394
37 45 181 268 287 881
8 80 171 431 693 749 757 894
92 379 644
32 56 339 459
4 51 253 499 582
285 897
17 86 145 213 262 915
12 18 88 200 227 253 421 559
7 29 331
120 543 876
661 798
80 140
89 92 156 582
84 96 357 400 476 564 614
37 45 136 152 358 399 465 467 580 792
20 69 133 297 584
4 26 83 255
26 66 92 546 637 737 949
40 843
762 930
343 836 890 968
38 42 134 161 242 491 500 539 625 989
281 344
46 223 304 426 471 492 862 926 975
48 162 458 577 871
50 103
47 807
88 355 621
53 126 408 469 611
132 774
134 186 325 658
108 669 747
28 193 224 268 422
5 45 96 153 989
20 148 242 284 365 414 548 596 624 885
458 489 634 704
1 223 713
261 412
17 219 389 919
17 193 678 817
4 26 50 63 230 824
127 381 591
53 202 457 486 493
72 82 85 113 530 543 552
311 581 750
94 437
15 67 115 542 584 663
238 631 921
7 20
74 232 277 978
41 212 216 433 894
14 101 177 362 680 778
271 467
37 201
146 739
234 381
50 72 112 121 124 499 825
63 73
82 265 501
57 81 188 497 833
28 60 555 589 770
324 360 567
11 150 346 640
74 589
53 67 319 961
98 634 735 831 904 907
38 63 112 169 388 714 776 975
182 232 442 481 617 650 722
28 457 719 758
6 15 166 174 437 464 475 633 789
197 446
2 90 183 903 986
225 360
1 13 14 73 119 347 373 415 483
110 289 447
100 332 937
92 347 807
37 526 837
197 690 814
205 843 902
5 36 292
40 73 119
32 310 420 906
107 237
30 71 94 144 149 878
77 170 704
80 92 217 255 580 824 913
347 376 549 920
3 294
1 741 823 935
8 15 72 78 101 109 153 159 495 611
245 888 924
72 113 273
223 225 486 777
54 170
112 121 129 210 277 321 751 906
35 865
26 33 78 164 204 531 643 793 962
36 60 75 82 100 291 385 558
93 105 201 320 348 661 823
30 237 537 635 701 743
178 368 466 880
74 173 428 470
77 156 534
20 131 284 749
128 316 818 968
25 50
48 106 113 135 430 677 718 914
199 275
22 33 39 360 651 772 783
220 370 372 566 641
115 632
55 106 190 209 291
37 56 782
398 788 878 928
195 522
18 85 324 521 777 838
33 104 381 842
31 102 313 354 724 804
361 845 943
626 910
217 269 378 419 523
27 131 138 161 269 378
102 193 686 687
16 69 293 399 854
44 203 265
33 763
169 867
263 861
17 77 160 213 498 588 817 910 949
30 107 136 503 608
49 80 134 234 267 278 285 349 542
36 164 209 332 782 827 947
79 197 488 519
63 112 169 221 416
12 102 136 322 391 696
61 79
214 863
9 119 137 681 791
22 28 304 655 848 970
18 100 106
15 45 119 167 246 530 862
173 811
72 75 113 233
30 144 753 773 799
78 224 303 513 901
37 71 110 133 502 726
19 30 107 428 788 796
48 489
6 11 45 106 170 209 263 399 590
477 927
12 49 158 343 623 649 667 850
25 61 62 126 145 167 412 438
7 24 41 58 329 620
32 62 109 369 631
78 340 373 464 979
207 246 578 802
382 581 809
6 10 16 20 42 89 208 577 596
63 221 321 388
264 509
35 192 397 916
175 184 202 396 870 898
114 157 461
17 227 279 302 405 609 822
66 462 475 503 608
4 26 114 461 479
33 154 191 315 393 716 852 875 892
34 85
6 11 12 69 202 241 306 730 855
18 526
1 124
5 10 52 56 112 297 398 958
49 62 153 879 960
572 688 754
129 221 502 751
37 116
215 945
282 377
9 24 436
419 560 659 875 954
102 157 865
56 168 607
64 65 416 736
14 67 175 853
83 424 773 839
51 76 266 685 720 769 911
223 225 247 579 664 694 777
11 22 114 309
306 617
39 57 81 144 282 585 640 813 954 991
37 62 71 82 89 93 173 791
149 335 912 954
7 10 20 242 271 497 895 974
88 418 872
330 717
131 161 358 754 969
49 269
45 147 175 207 210 460 520 660 890
41 172 732 784 948
7 43 139 161 184 274 624
41 143 258 512 752 816
1 3 24 214
22 73 162 204 212 250 301 455 870 895
268 622
15 38 234 288 468
12 587
18 59 91 209 260 382 805
10 20 769
240 604
8 11 16 241 383 545 685 779 808 947
15 36 61 278 454 743
77 79 267
1 81 215 327 899
53 260 323 527
62 196 339
45 80 976 999
10 29 75 142 183 555 693 977
27 59 134 452 546
54 88 160
121 283 712
25 51 121 295 388
158 226 658
111 794 854 986
103 649 839
8 95 96 127 130 449 553
2 90 805
35 62 97
4 31 796
6 68 147 315 454 482
2 64 204 238 532 691
369 581
66 182
5 55 130 249 553
32 49 109 370
96 100 291 851 887
34 67 488
17 52 364 626 641 644
44 141 172 528 668 681 993
28 252
23 101 236 578 645 832 904
107 447
1 3 24 27
516 667 818
43 94 107 150 198 346 503
76 558 996
36 40 45 114 288 340 699
79 261 606 875 930
66 291 411 456 489 577 671 735 844
46 163 274 848 877 926
33 53 67 68 85 154 453 762 763 775
33 47
1 13 77 143 167 903
19 462
120 211 423 485 517 543 688 893 909
25 47 90 160 186 311 583 666 755
30 98
19 152 270
8 114 117 239 439 576 891 905
8 96 187 259
10 118 209 259 451 476 566 806 980
118 494
438 452
605 625
156 190 287 386 999
32 127 153 195 325 439
65 592 868 892
38 571
258 396
69 810
65 176
252 492
219 572 609
108 535
385 733 810 811
53 150 220 279 909 951
122 146 178 344 821 834
7 220 243 965
59 99
138 803 942
25 463
26 66 377 491 727 780
6 21 496 565 647 776
98 409 435 824 841 945 959
177 441 937 972
275 276 317 643 744
90 98 234 597 731
37 116 514
10 13 105 273 295 706
2 28 152 238 368 908 935 947
31 298 528 677
22 41 292 739
8 139 217 774
38 59 474 571 627 695
13 239 494 739 956
54 93 143 239 326 512 706 896
39 254
8 630
11 36 60 130 164 170 244
108 384 929
287 572 850
9 172 281 496
16 24 46 135 225 889 910
33 150 270 508 792 849
76 77 86 303
5 142
290 350 559 642
35 426 879
20 160 174 203 224 279 403 407 672
118 122 495 917
29 250 276 375
48 211 576
91 120 236 423 516
32 111 158 258 323 391 724
46 56 246 380 420 879
12 35 66 197 398 437 537
416 556
15 85 191 482 591
16 759
8 18 29 219 256 398
667 734
91 211 472 516 543
60 95 488
35 354 779 804
58 112
107 460 929 964
8 366 621 815 998
24 401
70 82 207 708
133 201 406 683
21 51 65 167 320 699 892
524 731
85 973
98 246 380
127 234 356 908
13 794
43 149 159 198 743
8 25 32 59 63 685 812
20 72 180 808
216 281 518 551 643
4 855
2 53 271 797 986
2 4 52 171 189 206 329 649 674
14 22 86 304 473 514 693
39 56 109 417 438 664
71 81 242 353 740 952
1 58 295 392 507 855
31 35 111 151 210 235 397 825
16 118 772
14 244
9 44 70
15 49 79 154 257 300 519
745 871
186 310 361 737
47 886
35 95 283 525 764
95 114 175 177 185 392 515
55 117 273 490
567 694
164 209 249 267 269 434 655
2 85 98
125 306
105 251
2 87 484 552 599 684 959
2 504 539 569 859 940
89 138 289 612
114 123 168 187 440 663 974
26 158 515 872 923
93 505
340 341 452 802 869
131 378 754
87 98 446 521 569 616 659 902 903
4 28 229 434 874 970
23 319 680 707
15 312 450
340 891
15 789
107 231
118 119 184 273 618 857 878 978
5 55 60 164 309 359 465 998
65 403 697 963
35 72 97 111
65 602
68 82 154 339 445 722 993 995
10 42 322
91 166 946
41 906 940
314 459
51 54 728
147 150 214 390 427 904
6 11 69 391 609 638
218 308 425 547 549 687 815
52 134
20 57 71 140 222 243 395 548 560 830
121 352 388 402 536 647 840
12 52 103 111 206 254 394 463
38 43
10 189
308 882
75 92 333
129 210 295 307
509 922
94 104
57 123 127 332 614
48 65 176 404 666 831
123 133 216 309 924
103 177 192 642 873
64 210 253 283
109 261 627 848
6 29
88 847
12 103 285
1 31 68 724 960
99 234 302 915
4 96 183 389 570
6 7 57
26 50 103 273 719
37 43 136 194 231 286 560
10 322
40 276 348 544 646 723
50 156 722 829
47 74 173 192 432
30 125 178 182 244 451 542 662
569 678
1 46 246 328 380 829 881
84 88 157 676 702
3 166 755 860 995
65 442
34 37 95 448 554 603
139 378 615 645 969
3 27 155
486 645
14 41
16 426 913 946
1 245 313 349
4 55 163 207 228 406 407 529 819
22 473 478
1 97 205 373
19 107 377
57 70 208
12 120 189 277 396 420 481 716 967
108 142 394 656
3 202
6 51 81
7 80 177 190 476
112 264
214 349
382 494 495 575
159 827
45 114 522
702 854
41 73 375 653 820
5 34 41 70 344 732
1 111 119 573 675 916
31 588
21 128 178 306 650
60 82 84 425
2 87
3 131
19 280 305 335 374 398 652 819 988
28 719
76 78 151 181 229 525 578 655 672 851
39 361
3 89 124 188 360 557 579 810 941 992
652 768
7 71
8 972
230 327 342 487
53 70 260 544 619
113 159 207 265 425
162 176 315 758
9 75 140 208 385 414 541 795
76 171 357 443 479
2 18 47 184 319 683
32 56 153 204 215 504 593 800
25 52 272 333 679 748
260 372 980
17 465 742
304 443 457 939
381 504 628
82 84
345 614 943
18 185 359 429 765
109 143 146 151 920
1 24
108 847
71 749
27 188 373
71 140 218 365 962
35 192 256 720
47 931
198 206 508
5 60 100 554
7 21 57 94 242 248 833
5 33 116 194 266 406 524 531 767
9 13 244 326 841
257 263 304 359 580 656 982
12 83 255 272 582 587 696
6 16 110
23 680
13 250 662
821 940
70 154 203
410 654 933
3 24 27 124 435 554 567 741 992
12 670 912
20 40 86 99 431 553 691 818 836
180 316 477 953
23 101 236
138 148 180 472 480 602 826
478 511 766
76 78 213 303 364 583 809
677 914
33 62 104 127 147 197 394 997
785 964
17 78 86 279 644
24 46 163 235 384 401 439 932
120 148 312 450 951 977
88 391
14 88 120
404 745
219 730 760
12 220 274
25 49 67 213 351 389 392 638 729 808
32 325 979
126 169 221 556 939
77 99 783
71 85 474 960
3 42 81 173 208 853
23 101
7 10 125 351 592 596
7 624
2 18 45 106 226 249 433 529 599 837
32 126 153 328 950 979 985
1 50 102 125 184 186 198 273 566 638
19 54 442 485 918
48 202 458 539
12 26 92 248 362 515 778
324 838
22 195 364 535 565 857 920
14 19
104 286 300 574 601
61 265 757 865
126 506
10 66 94 136 198 537 597 793
329 805
14 276 500
4 24 98 130 324 349 814 894
4 452
4 94
42 135 182 540 566
150 467 683
23 135 377 415 563
103 179 570
36 61 288 419 589 673 783 990
270 413 695
40 642
202 375
130 187 770
294 342 610
199 233
22 252 856 1000
10 138 148 603
151 224 253 266 390 403 873 901 963
11 16 103 113 290 966
120 137 180 211 239 316 423
2 19 159 967
94 692
60 157
105 140 157 505 547
21 178 232 595
736 933
454 771 928
10 262 692
44 68 139 199 261 673
355 652
46 62 235 380 439 606
32 214 265 795 987
23 615 802
58 411
81 155 312 594
5 7 32 54 73 79 231 402
30 91 115 317 498
7 114 713 944
117 130 972
100 681
16 268 421 445 847 874 990
83 99 170 338 421 517 911
9 21 128 146 508 845 864
1 21 147 657 709
50 231 461 753 819
42 64 128 344 634 714 773 864
218 282 302 481
10 18 41 100 106 164 298 386 497
62 83 314 404 459 464 787
229 400
319 418 669 900
25 538
90 195 310 338 426 522 859
223 225 713 838
17 36 48 129 263 399
76 115 154 267 453 611
458 671
2 706
43 768 827
32 196
55 245
55 171 187 529 558 905
1 3 28 61 236 478 585 859 928
574 830
237 351 392 422 490 718
2 59 104 115 127 300 323 527 775
4 12 89 389 545
336 411
17 80 106 194 259 364 704
46 56
18 166 169 214 725 798 828 943
66 159 689 921
277 499
146 318 520 533 637 665 786 791
53 81 428 432 563 807 883
44 73 549 715
10 21 93 128 132 243 363 540 895
21 176 232 355 602
23 31 101 720 866
705 976
307 367 756
26 39 44 413 612 860
52 254
122 172 252 505
64 742
343 456 788 817
5 363
39 56 109 126 186 261 334 558 918
31 440 534
11 16 29 147 200 475 561 866
219 565
9 317 407 525 725 982
95 133 181 466 717 782
38 59 115 117
34 49 61 341 510 519 632
175 289 301 413
47 64 74 169 251 338 422 801 901
39 58 63 92 582 932
31 84 122 144 162 223 463 499 729
7 20 367 733 856 922
69 162
66 94
243 447 467 597
145 390
29 256
31 84 335 546 907
18 37
106 209 263 434 448 994
6 29 730
56 90 109 126 356 384 471 977
1 24 294 342
3 5 75 275 358 490 557
26 52 89 158 288 570 882
82 199 564
196 338
191 222 262
2 240 280 352 557 600 605 825 860 964
50 58 165
12 25 89 170 676
18 48 74 131 622 966
92 153 249 310 342 804
64 174 260 372 598 636 775
3 188 205 297 610 675
9 76 160 227
4 26 51 52 58 129 307 696
790 842
79 132 161 269
30 45 75 239 354 435 489
41 670
11 17 115 151 732
65 129 165 275 293 374
315 456 871
14 96 376
247 579
134 238
20 140 293 480 548 711 952
26 40 162 444 445
28 108 124 756 900 956
7 10 212 218 262
1 3 18 616 863 923
24 55 123 230 275 984
10 42 71 184 218 318 715
19 144 231 503
24 327
79 174 542 763 771 789
35 97 111
20 654
639 718 738 767 914
390 536
34 49 308 362 394 538 586 858 882 949
204 477 569
54 116 296 444 523 711
13 22 28 228 492 628
156 511 620
16 22 198 268 1000
120 469 648
19 30 144 280 387 703 772
93 105 128 178 251 968
257 337 468 983
14 375
22 55 124 187 286 383 522 568
132 371 628
64 99 240 400 938
393 451 651
17 35 76 78 192 313
15 67 68 174 393 449 468 852
16 981
317 793
23 615 832
171 185 630
74 165 221 840 985 991
17 27 193 224 403
38 67 174 308 323 474 690 761
137 204 215 345 797
93 208 661
227 232 331 436 552
21 190 473
182 412
5 106 435
271 507
47 121 371 469
357 506
14 73 75 133 155 228 551 769 846
131 161
684 927
148 200 361 378 476 679 905 987
8 117 363
130 705 936
15 104 523
91 443 485 517 885 971
101 707
47 73 283 336 698 923
2 33 34 53 68 85 278 980 997
482 512
138 148 253 352 840 942
9 307 549
200 351 833
790 956
35 313 361 601 796
31 35 59 97 201 330 397
199 708
2 31 87 97 215
77 400
133 164
91 154 244 349 496 834 858 908
5 36 55 95 185 320 660 726 887
8 17 77 78 86 103 145 303
77 309
50 69 76
30 40 243 353 934
22 874
6 79 91 180 211 547 668
7 66 94 149 395 537 703
7 10 284 590 934 944 965
51 402 502
46 245 358
182 186 334
167 487
128 166 369 552 868
60 256 259 417 536
562 612
7 172 318 410 536
4 6 11 29 40 69 705 707
17 86 227 229 550 697
29 70 115 451 544 844 990
550 747
332 765
151 333 362
219 850
109 161 208 424 712
23 101 886
136 189 282 286 377 572
64 400 513 729 863
109 318 328 356 532
72 82 113 357
52 135 141 175 272 289 376 637 870
266 604 725
36 65 102 168 242 370 816
3 13 218 305 468 578 604 616 770 799
87 151 160 744
180 971
329 513 550 678
39 188
43 66 282 305 689 820 936 988
8 73 171 235 384 401 430 490 546 806
110 507 715
157 843
13 122 347 717 948 957
131 132
2 87 479
4 83 142 389 674
1 657 701 741
30 43 912
136 286 689 738
58 141 165 311 502 714
18 663
12 737
93 105 201 330
26 31 192 208 325 577 586 759
366 369 420 484 581 787
241 251 303 408 438
155 603
19 183 195 339 340 787
3 247 567 664 992
100 150 152 159 231 316 462 491
90 471
42 353 414 553
113 385 795
25 142 938
213 873
19 30 136 475 526 710
14 28 243 326 492 548 973
6 11 29 759
393 551
233 700 708
3 16 34 267 514 665
6 135 168 215 302 369 911
12 29
366 575
121 311 411
248 488 561 607
36 80 96 245 308 530 806 919 989
312 780 803
15 34 42 67 257 288 323
8 48 123 168 331
15 325 430 926
51 102 112 165 676 687 867
135 662
710 869
8 37 168 800
248 568
76 90 525
10 12
21 35 41 306
49 814
575 953
61 67 547
57 220 222 322
113 157 298 425 984
74 106 937
33 350
11 241 561
54 161
34 59 574
4 26 255 281 295 510 619 915
367 408 888
1 27 179 205 254
11 59 104 191 315 506
38 95 226 263
2 659
36 108 429
2 49 53 61 278 497
8 132 139
19 335 355 635
396 803 942
64 487 559 735 837
34 104 267 312 482 594 961
34 842
19 25 74 173 247 253 519 563 853 925
59 86 145 240 405 688
63 169 210 740
16 166
6 131 139 163 217 269 593 862
200 532 610
4 206 314 379 531 753
3 165
57 190 291 320
44 252 423 587 994
27 124 327 675 958
135 698
141 673 857
119 141
13 285 562
28 34 52 156 158 290 292 511
29 67 631 727 896 965
98 118 366 382 430 484 494
123 531
13 51 60 79 97 233 250 274 692 927
5 8 194 699
70 350 446 469 598
42 63 71 167 276 297 365
67 115 527
99 147 422
39 99 134 334 921
395 781
61 453
57 71 351 856
14 646
55 116 168 177 255 386 399 554 639 984
118 618
639 907
152 305 474 621 822
45 80 114 199 427 448 592 617
29 32 87 153 246 334 379 658 941 959
144 149 281
3 294 721
87 299 477 902
102 573
33 62 963
279 750
62 172 384 576 731 852 891
23 118 157 388
119 265
43 47 374 613 828
169 185 353 623 948
5 141 212 214 299 551
9 80 149
247 521 579
17 64 78 99 240 588 672 809
354 397
40 88 142 162 301 319 900
501 544
37 154 933
38 141 176 393 419 455 636 761
21 176
6 138 241 590 966
4 21 22 30 92 237 424 701 876
34 571
32 39 90 134 356
15 33 53 191 235 337 700
247 694
12 83 92 189
23 60 486 851
5 101 433 752 764 774 898
2 5 6 34 412 768 822
330 348
7 237 262 353 654 721
11 69 472
354 573
12 22 25 222 248 538 545 748 784
60 406
9 13 116 122 137 415 464 625 978
7 105 107 264 328
80 82 149 181 630 994
39 46 314 600 648
368 888
25 329
70 97 230 751 841
207 700
40 93 330
6 11 123 383 826
72 84 245 440 541
97 111
216 668 816
61 197 632 931
1 3 27 44 163 241 557
10 137 314 366
72 313
13 41 204
129 352 653 666
43 48 125 164 462 710 744 813 845
127 496 518 651 931
58 102 125 219 391 416 461
58 368 712
2 31 254
1 3 24 48 205 327 401 586
138 450
236 869
84 116 187 194 506 997
44 122 172 455
19 321 647
9 117 123 168 184 239 320 371 526
52 156 248 272 296 432 955
22 28
13 66 170 258 374 483 528 613 820
54 88 105 281 784
8 37 226
36 43 63 104 225 316 355
5 100 185 771
46 69 85 87 527 571 601
1 27 684 971
38 68 337 395 762 858
341 591
40 864
14 95 441 484 504 533 767 785
40 73 137 186 216 228 250 396 766 812
297 395 414 460 733 785 899
9 16 44 119 146 509 618 764
14 62 101 156 165 236 397 836
35 67 127 191 961
6 27 162 205
32 102 126 163 657 950
16 38
38 187 449
9 57 121 143 284 975
42 57 368
9 21 34 54 77 110 240 550 626 746
21 125 128 380 436 518
50 143 213 216 345 358 629 834 872
15 280 372
39 189 196 255
333 454 670
65 227 331 364 605
2 198 212 521 955
33 59 70 176 278 501 633 877 973 982
27 938
165 179
8 21 171 232 466 703
83 206 424 620
463 555
372 813
11 15 68 85 174 191 337 417
202 318 326 335 520 533 786
508 766
30 152 271 280 835
4 941
4 58 158 311 556
917 953
12 23 52 83 189 679
24 108 137 445 709
2 215 379 524
54 68 99 145 213 417 453 690
11 97 442 627 917
116 125 178 201 595
3 6 86 108 121 256 275 421
31 111
5 881
2 33 192
53 61 146 260
40 108 409 535 669 800
83 138 142 194 321
55 249
39 126 196 576
37 83 89 103 142 254 272 392 479 839
33 341 716 761
5 49 56 68 139 221 387 409 945
139 217 969
118 740
1 28 64 252 498 514 641
27 534 996
95 181
21 25 285 481
3 24 45 483 976
317 991
4 6 89
6 9 28 110 166 376 629
31 111 309 573 916
96 280 305 437 983
46 117 155 363 375 386
13 97 296 336 709
159 512 861
51 222 258 277 283
54 110 137 347 755 812
418 429 540
29 383 967
49 179 238 983
44 54 143 781
43 45 116 249 298 682
20 86 96 132 598 786
2 52 545 568 829 884
40 88 251 290 493
39 196
98 413
167 382
883 886
23 40
272 350 362 449
91 893
43 574
26 89 794
279 583
65 472
78 302
170 776 779
8 43 141 235 300 593
81 160 264 284 408 880
13 68 104 341 636 728 898
14 110 123 195 287 299 570
41 444
42 48 371 431 595 738 844
27 48 371
86 266 498
3 230 721
55 77 133 181 332 409 429 646
7 44 51 63 129 152 220 274 480 950
290 493 559
196 217
72 294
63 112 728
84 132 207 345
91 120 148 155 264 734
5 47 74 465 877 998
4 25 58 206 913
1 9 38 93 140 144 212 278 734
3 183 606 932
206 480
145 224 365 501
72 199 203 228 238 244 541 691 756
75 562 987
74 173 296 336 427 432 470 723
9 13 228 520
211 216 443 516
65 436 868
513 534 801 935
46 50 195
75 203
515 568
21 39 146 190 282 509
226 999
9 41 141 143 172 175 301 993
64 160 229
81 140 711
343 517 541 648
122 444 846
31 45 50 179 307 333 748 925
