41 44
30 59 91
3 36 40 81 82
3 30 49
2 56
12 40 79
27 42 54 87
23 44
31 93
25 47 63
19 25
35 78
6 7 20 80
11 12 72 74
45 60
5 53
42 58
4 66 97
6 32
15 61 69 96
2 14 23 26
4 50
18 28
7 45
1 98
36 40
8 36
10 34 78
64 98
11 35 94
10 82
27 77
13 39 56
15 66 77
40 96
45 68
2 5 29
33 53
1 38 44 61 68
18 19
39 41
12 39 95
69 86
3 22
17 23 52 56
42 70
2 60 61 72 79
60 95
12 90
8 58 74
19 30
28 69 82
1 53
16 32 46
37 80
55 100
7 61
6 70
2 5 17 52
23 36 43
2 11 21 67
63 79 89
31 43
40 71
9 95
9 20 93
41 46 75
11 46
77 99
30 47
37 64
4 23
9 16
62 76
20 28
14 85
20 59 69 83
49 100
19 22 89
20 32 85 98
15 38
59 63
23 83
24 52
16 17 36
18 43
14 60 64 98
10 92
53 84
8 11
1 17 21
11 18 55
31 86 96
6 22 25
64 77
26 69 71
1 83 99
3 9 34 61 81
13 46
30 74 86
4 28 89
6 68
79 94
2 16
9 48
62 96
8 9
8 29 31
9 10 15
48 73
42 80 86
13 26 51 57 60
6 8 26 57
55 84
14 32 93
71 94
43 95
12 84 94
45 79 84 92
51 67
8 21 35
1 11 17
35 81
39 61
27 51
62 86
53 97
12 34 38 100
29 34
7 44 49 50 57
46 67 69 72
12 24 56
3 13
7 83
3 33 90
6 33
47 64
15 34 37 99
68 70
39 48 88
2 26 31
44 50
37 63
13 93
15 78
73 82 88
4 16
9 48 49 82
8 98
41 65
4 19
43 97
67 91
5 24 97
1 93
83 87
24 50
15 40
6 38 62
37 49
31 65
13 29 65
44 58 74 87
18 33 35 41 54
56 62
14 47
24 94
5 14 27
52 64
10 16 36 65 85
3 7 75
28 54
17 21 97
3 10 33 57 71
14 27 78
15 36
22 54 84
12 21 46 48
5 81
71 75 90 100
66 72
10 27 77
25 38
37 65
19 28 55
26 55
49 85
8 26 42 87
70 88
5 16 24
9 50
51 92
27 32
18 67
5 88
33 39
14 48 76
16 75
29 38 47
7 30 51 88
5 57 66
9 20 55 68
14 21 22
24 42 72
25 60
2 91
4 10
20 76
76 90
29 30 50 90
18 41
23 35 80 96
3 7 22 25 99
33 38 58 81
4 6 17 73
54 74
63 91 100
22 52 63
19 54 58
6 43
27 40 59
1 8 13 16
11 31 73 91
51 89
25 71
65 67
45 87
62 70 89
1 12 52 59
10 13 41
7 59
21 32 34 53 92
24 57
37 78
18 70 80
10 13 66
1 2 73
68 95
22 99
23 92
3 35
7 20 32
4 39 76
19 21 29 75
17 25 26 56
5 42
15 43
58 85
28 66
45 47
4 11 34
