254 455
61 370
24 142
4 175 220 227 615 870
168 706
367 622 949
6 14
12 48 169
41 149 165 221 861
8 137 184 489 848
13 422 674
34 126 287 361 772
250 385 661 941
256 409
129 491
105 319 466 576
291 788
111 380
114 544 613
163 377 600 611
46 187 323 572 657
58 340
205 836
7 522
254 396
60 92 983
29 88 207 256
212 421
327 484
33 403 587
35 345
25 117
212 274
33 40 98 247
2 22 31 113 203 320 570
42 549
25 62 64 688 932
66 212 440 461 535 713
27 71
425 586 747 944
471 941 971
5 169 185 214 326 700 954 995
43 67
10 45 56 276 281 291 373 392 908
77 328
94 241 324 593 717 740
314 462
1 160
5 39 196 630
77 234 251 854
1 49
435 693
14 540
7 30 31 101 869 875
195 649
27 61 304 321
4 106 182 817 857 961
62 131 605 903
10 51 136 251 527
7 11 141 370
25 203
119 264
234 244 453 524
43 940
220 776
35 79 302
5 172 747
76 94 389 482
36 458 914
306 387 421 777 913 955
38 117 120
62 574
57 65 79 128 437 608
31 64
22 67 209 781 975
3 86 307 906
56 232
456 624 625
26 768
600 773
73 147 216 274 300 769 949 998
101 306 665 810
119 659
16 684
253 947
49 544
192 448
80 865
65 95
202 239 704 794
43 402 575
473 632 751
2 25 52 224
29 654
5 8 516 517
13 19 394
44 852
103 314
3 14 17 151 557 900
25 66 284
12 89 215 597
20 363
229 365 526
524 629 725 823
27 142 155 322 398 670 950
306 786
135 728
80 173
45 709
60 335
97 221 543 561 711
154 333
180 198 910
1 240 257
80 355
307 530
151 564 692 984
12 224 842
86 168 317 508
187 783
133 194 728 986
55 598 666 958
28 29
14 599
1 18 49 160 223 776
47 203 606
15 16 129 294 317 508 638 780
337 457
19 721
6 8 14 235
190 351 861 928
145 275
23 57 812
80 132
139 247 808
40 298 538 615
3 17 73 729
541 825
452 1000
349 532 552
15 46 129 213 491 572 591
37 103 350 446 529 577 660
499 908
7 43 70 412 690
7 61 97
57 158 166 812
30 889 937
32 567
18 39
78 551
85 425 962
85 135 925
27 511 708
78 388 889
40 313
35 518 575
101 515 560
100 173 297 433 610 865 994
7 575
4 276
129 197 211
11 26 814 960
123 248 449
251 702
19 37
87 464 830
5 39 226 324
278 280 673 976
26 41 220 929
140 178 262 444
72 87 92 136 276 539 982
214 259 966
127 225
614 756 972
31 243 330 581 779
76 100
27 102 159 372
20 399
105 591
58 67
82 952
162 849
69 116 331 468
21 275 347 478 687
58 104 320
13 19 162 263 295
18 401
7 210 289 332 522 559
43 46 187 662 871
507 546 964
201 281
34 152
64 78
15 198 684
228 321
42 427
53 426
196 630 895 965
20 223 974
71 92 108 345 386 957
348 380 668
4 10 127 408
204 230
122 479
28 54 403 587 947 990
376 897
226 347
6 14 21 243 287 559 651
402 430 697 943
71 326
18 167 345 664
78 214 416
191 506
10 219 539
319 331 461
583 697
87 136
162 545
80 490 897
267 498 817
41 902
15 46 105 197 887 917
28 180 559 651 687
12 262 558
40 195 722
55 463
40 69 91 98 247 892
104 203
47 130 284 481
46 129
231 899
22 81 329
60 121
234 527
29 259
33 61 290 881 930 931
175 328
60 93 954 966
60 232 654
386 891 958
10 408 580
183 976
82 131 140 621
13 94 162 271 422 483
12 38
142 419 939
117 164
26 362 540
6 137 264 395
68 594
12 326
73 303 383
93 337 855 954
714 957
30 654 693
51 72 438 475 578 617 739 918
78 158
55 70 96 98 255 434 963
587 593
12 613
2 441
1 240
61 757 758
9 47 413 481 606 715
65 446 910
37 824
6 243 397 451 814
494 539 840
24 115 586 624 894
189 362 410 794 902
86 424 508
90 726
463 666
19 162 350 394
79 150 359 480 485
185 976
139 250 353 927
20 63 399
10 222 594 908
58 67 90 124 191 640
9 119 130 211 242 440 599
82 637
29 584
99 217 268 427 704
68 75
73 125 206 340 456 504
23 186 303 560 561 596 997
29 207
842 846
69 98 298
31 238 388 599 749
5 39 210 257 259 346 700
159 774 964
36 377
46 174 402
173 791
426 598 626
64 266 598 867
30 44
190 446
192 438 440
378 408
188 296
121 280 761
16 20 86 193 941
37 272 506
7 69 390
14 404
113 161 189 229 264 833 882
163 325 457 663 691
64 206 248 413
56 293 510
26 46 182 402 430
5 891
4 10 68 72 791
41 190 427
108 386
20 63
16 168
20 157 223 375 977
253 348 370 717
1 18 844
6 26 58 540 756
208 616
223 292 375
9 652
1 150 711 730 844
392 718
112 404
122 252 318 457
28 159 254 363 396 493 988
17 863
53 194 255
24 27 159 398 891
265 267 994
29 88 207 259 813
122 380
305 911
44 523 542 807 980 981
11 58 68
45 635
66 393
76 292 562 667
8 264
8 99 548
23 219 497
32 89 106 406 555 778
34 52
67 133 378
211 336 448
452 464
146 239 333 362 549
180 294
140 144
358 779
1 27
23 303 483 719 735 944
57 85 732
111 117 404
10 89 262
24 44 71 108 833 866 983
419 658
8 184 395 443 548 873 945
140 365 677 712
21 54
8 184 263 505
3 25 130 151
236 748 837
14 170
2 605
179 592
43 525 621
16 29 88 193 797 828
127 602 603 723
73 729
9 20 734
11 176 181 191 200 306 531 745
105 197 430 697 737
546 625
62 64 413 424 956
70 98
84 187 228 231 512 862
249 676
42 270 754 929
227 417
354 592
50 57 65 68 269 736
9 222 352
48 161 201 743
48 73 601 744
131 721 867
8 184
3 268 487
241 451 740
141 614
363 429
572 879
55 266 626 963
12 21 555
15 213 524
174 591 737 943
163 814
277 533
310 678 741
15 52 102 129 146 158 197 754
29 550 607 872 918
156 362
38 820
196 552
86 706
37 660
164 535 682
245 824
551 836 936
9 25 47 173 211 242 272 293 628
90 134 434 624
348 558
3 22 47 104 118 222 284 502
42 239
38 96
134 317 338 499 703 938
106 262 275
40 255
50 235 728
83 139 987
70 96
893 949
50 102 113 128 553
42 101 154 165 411 692
16 86 193 780 822
70 112 886 919
23 488
46 491
40 70
87 136 573 648
75 864
21 558 761 782
200 213 352 572 639 887
154 189 794
301 321
51 225 938
211 441
48 83
379 808
35 145
30 135 388 534
66 284 441 481 502
76 109 271 672 698
272 538 679
134 154 339 496
15 174
101 119
79 161
26 170 397 464 547
125 942
655 830
11 260 352 432
16 193
4 75 164 246 617
68 246 442
84 469
105 125 402
117 153 927
106 215
57 122
139 440
207 761 924
694 875
24 74
53 55 266
7 33 43 467
10 138 250 392 414 527
108 488 912
15 52 152 583
96 146 190
1 290 696 996
170 310
5 88 324 924
109 157 271
110 318 337
5 19 577 716 848 948
41 48 56 57 97 150
182 332
289 745 801
154 156 189 368 923
12 32 171 262 597 853
234 347
294 424 780 956
881 996
43 755
77 171 172 348 589
141 272 542 614 827
21 54 77 825
22 28 76 681 915
36 44 57 113 277 305 359 914 993
241 489 493 923
67 360
126 188 296
1 16 34 35 45 428
127 592
110 258 318 476
102 135
200 314 531 748
187 766
7 101
18 88 185 280 416 673
8 137 261
120 421
126 287 305 616 991
41 189
75 155 442 635 655 723
204 216 942
61 108 228 946
26 81 119 120 237 329 407
38 313
164 238 454 969
8 146 165
146 203 681
121 584 945
397 536
394 422
89 205 406
124 762
435 518
74 161 554
267 384 661 827
47 685 715
48 66 132 135 177
52 107
231 323 758
56 764 835
23 35 143 221 579 596 888
349 484
11 604
2 281 982
15 32 172 208 406 414 914
95 122 387 390 786
2 22 198
78 82 951
400 511
4 127
120 153
11 90 550
13 100
8 12 129 145 332 353 957
130 284 518
8 838
26 63 399 977
48 221
53 478 514 675
207 409
183 214 215 256 740
111 337 405
184 273 667
118 186
70 578 819
6 465
400 604
10 226 806
62 64 574
63 375
22 47 186 222 282 453 909
73 216
270 334 859
34 52 217
14 26 547 746
53 82 279
209 770 946 979
22 25 294
178 357 495 582
276 408 475 536 790
18 45 226 335 359 391 739
138 534 603
2 21 23 132 273 463 478 952
5 656 921
91 96
509 619
400 509 701
454 535
112 337 657
244 594
56 582 874
24 134 470 831
302 437
1 18 49 167 199 257 345 811
5 645 709
99 189 333
42 678 788 861
38 127 218 482 798 890
51 52 107 217 430
181 272
97 614 662
59 377 525
252 253 285 457 691 907
7 39 289 621
23 35 85 444 764 962
17 83 486
238 619
31 166 936
12 21 89 106 171 334 415 478 553
419 541
632 769
61 321
6 16 138 198 445 687
708 989
249 340
342 490
125 953
304 357
11 67 90 133 191 550 607 729
12 32 54 391 474
11 194 270 323 783
796 934
6 1000
53 236 381 420 568
84 323
28 33 436 493
71 286
297 968
248 449
29 180
16 34 217 710
1 45
64 183 220 227 417 532 615
408 447 884
141 245 733
149 156
167 696 876
389 450
36 458 707
2 118 203 320
142 795 965
216 832
22 47 642 652 692
210 346 795
25 913
77 172 208 616
5 520
5 462
5 346 895 965 993
33 287
48 132 204 356 515 818 855
119 170 235
1 261 395
35 44 97 128 135 516 732 945
15 197 213 385 516
102 202 725
38 153
13 19
51 138
682 772
96 179 246 800 806
62 64 114 131 574 932
44 97 202 480 770 901
19 820
59 377 707
37 181 245 382 388 901 999
181 256 282 694
216 316
479 691
1 160 164
7 43 289 565
538 748
39 630
97 114
17 55 266
431 679
163 356
213 491
112 252 657
26 368 407 559
18 49
57 62 932
20 265 283 322
20 63 80
100 173 523
633 823
50 218 249 698
101 969
126 141 143 200 837 851
227 328 349 417
366 438
283 285 821 880
327 778
210 252
191 595
6 31
90 960
76 204 316
27 735
80 519
273 357
50 488
4 188 896
110 122 209
584 858
65 568
148 342 376 472 627
20 223 609 734
14 27 111 116 195 477
3 877
248 413
136 300 308 338 448 703
97 128 135
174 351 940
27 144 415 503 874
2 9 104 574 680
105 330 737
8 116 386 676 705
16 86
99 333
93 797
17 25 606 642 752 978
24 831
202 359
358 762
38 390 454 665 955
349 869 870 967
107 520 757
145 188 289
71 322 541
161 229
230 712 798
382 484 745
83 376
44 48 128 232 912
13 350 545
130 677
619 894
11 33 118 126 287 361 460
29 46 917
103 181 750
32 558
496 509
22 100 265 821 880
412 826 967
44 57
7 9 22 41 211 393 448
71 154 395 398 470
89 514
348 822 834
17 118
9 242 642 766 877 930
1 142 199
41 88 427
67 506
77 106 169 171 275 782
139 149 171 755
4 58 124 763 839
13 92 286
36 179 533
38 153 969
50 65 85 372
51 75 428
303 831 944 950
163 205
5 126 462
44 70 195
1 18 160 885
328 869
37 141
110 405
83 239 588 669
460 581
28 97 717 724 990
209 843 987
2 9 680
63 399
68 674
74 92 590
14 26 743
16 86 198 611 701
152 174 197 591
180 193 530
4 201
338 373
277 856
267 578 617 916
14 237
23 85 163 220 888
79 140 144 150 398
107 524
3 95 158
32 406 589
28 61 557
84 358
329 445 1000
140 201
12 79 171 172 622 668 912
445 802
88 278
228 783
172 412
37 288
179 434
118 374
42 220 227 826
627 793
23 95
447 460
20 429
148 935
297 610
85 150 371 510
87 480
808 843
8 516
115 270
44 401 571 731 769
48 85
286 383 418 577
327 328
49 214 278 291 855
22 114 192 320 877
35 644
473 738
7 809
103 384 475 580
25 299
84 686
507 989
102 158 683
209 344 379
28 95 312 497 500 863
52 107 520
4 713 718
23 44 79 95 725
3 66
28 455 489 593
13 310
6 26 44 191 329
60 326 369 436 813
224 393 564 785
6 822 906
1 199
11 58 90 133 595
30 53 82 260 341
53 82
59 658
41 333 339 351 549 948
81 294 540
530 935
361 710 974
17 487
120 166 341
311 415
56 91 359
6 243 465
361 884
41 149 410 803
20 374
344 809
34 90 107 217 233 268
46 121 174 183
486 771
606 677 955
51 246 251 308 501 643 961
46 879
358 760
4 225
63 223 363
23 50 79 85 568 835
188 330 878
112 476
87 494 580 585 655
21 106 215 593
3 48 192
13 19 107 849
21 54 77 94 555 898
59 533
52 293
36 169 458 707 845
24 27 134 507 511 546
11 67 90 133 194 315 763
83 256 407 547 671 775
2 33 118
20 63 828 896
3 22
562 910 973
309 365
131 521
274 933
20 609
94 230 566 667
77 172 531
184 332
110 907
99 156 165 970
11 64 90 426 463
3 24 151 176 374
36 410 727 856 968
227 416 565
46 152 804
180 797
364 715 734
532 679
176 393
84 187 228 270 323 334 557
543 629
389 515 560 841
371 835
12 21 78 89 311
2 22
263 650
10 237
42 149
467 519
9 17 151
12 171
55 279
36 59 277 628
59 735
73 309 980
58 199
40 255 298 302 315 372 543 554 826
60 93 970
50 269 736
117 454
89 169 695
68 250 366 847
365 796 851 893
20 125 132 147 157 206 218 747 767
477 548 716
10 68 404
112 122 158 166 420
25 374 807 821
291 335 409
91 376 563 588 810 922
8 403 815 947 990
37 382 750
37 50 75 93 648 670 813 858
269 759
38 53 55 168 313 318 380 420
10 51 68 472 847
37 39 173
28 56 553 959
10 188 296 354
6 21 170 397
138 281 373 494 527 569 819
29 80 523
128 500
242 244 299 364 453 900 905
41 99 146 149 203 208 948
371 823
29 121 256
54 169
109 285
290 522 904 996
16 307
155 159
219 603
165 239 369
41 156 446 683 902 926 928
248 521
111 112 405 992
8 443
43 114
277 308 434 578 800 841
119 762
18 19 29 335 367
290 296 353 450 904
34 54 129 217 268 556
88 207 291 369
25 143 168 198 301 307 530
36 305 984
84 352 686
26 452 526
7 43
51 72 565 670 784 791
125 199
23 50 500 510 724 833
3 17
17 109 157
656 939
456 482
10 32 136 275 282
218 832
384 414
6 26
314 608
1 167 325
7 439
152 532 804 887 917
139 809
37 212 576
36 283 340 355
78 111 122 166 236 479
72 276
3 176 320 636
339 803
332 353
211 570
71 135 633 852 882
386 586
21 89 261 311 675 695 834 848
9 295 564 634 689
24 115 590
134 324 346 581 757
168 180 183 185 193 280 613
106 567 695
212 316 331 387 418
112 959
113 221 345 372
528 873
45 160 792
54 171 215 406
116 919
30 485
563 585
38 212
83 473 627
19 91
467 581 646 702
80 100 433
31 175 349 453 538 551 776
104 176
8 33 60 71 74 419 626 647 816
424 664
254 370
562 601
65 355 610
39 105
9 573 580
2 31 186 787
71 155
125 157 161 300 456
1 160 240 269
34 52 856
2 25 66
84 140 358 699
87 378
168 883
201 376 503 582 699 939
250 317 816
33 779
43 522 550 801
7 103 210
63 84 88 121 366 569 594
260 360 423 554 960
13 19 204
91 116
529 901
225 226 261 617
12 21
6 198 237 768
207 225 336 356 611 789
12 21 32
279 598
251 661
94 312 998
24 27 509
106 208 326 834
261 838
58 133
242 364 487 685
114 185 585
60 121 278 335 788
96 189
109 218 292 316 492
97 686
141 288 733
39 311 385 569 573
8 28 264 477 641
109 153 156 206 274
133 315 839
93 327 829
286 512
56 510
62 78
28 403
324 354 602 971
9 16 664 935
253 489 742
525 693
327 967
115 122 202
16 684 865
9 636
258 476
6 14 38 115 155 512
205 336 423
13 19 350
459 775
11 90
126 646
3 984
16 38 52 75 107 117 331 665
20 382 660 881
8 528 696
145 382
15 51 179 378 909
30 936
111 420
2 915
2 9
34 583
145 290
91 678 829
78 341
4 11 87 124 631 872
137 815
381 469
130 133 138 186 364 374 977 978
380 479
110 112 258 405 639 765
220 829
5 850
15 804
254 618 641
58 194 986
164 212
282 531
792 920
5 39
47 86 244 752
66 502
144 503 656 899
84 144 201 270
35 50
18 240 259 620
107 537
112 258 765 787
9 244
37 55 82 637 952 981
293 372 662 799
83 148 588 810
1 49 709 886
336 604
92 470 708
77 107
67 143 228 334 381
19 263
81 98 137 395 477
30 31 78 236 388
50 618
60 93 483
83 738 897 922
123 449 903
608 972
118 192
131 688
329 411
144 497 711 973
175 227 238
59 519
146 754
65 102 161 312 485 618 720
10 471
72 136 179 428 648 863
108 496
11 67 124 140
48 387 720 799
529 850
2 27 43 130 435 842
520 537
444 985
163 205 325 785 961
730 812
13 19 304 505 539 561 601
37 62 123 288 521 608 934
74 92 344 590
4 10
3 22 151
5 602
40 69 164
114 480
35 561 759
15 105
132 147 162 350 526 622 705
343 649 652
1 45 172 853 920
46 714
101 149 803
23 36 293 488 533 553
6 14 288 314
137 443
55 123
59 110 111 252 373 476 569
126 503 878 974
41 154 239
80 297 355 890 968
170 547
119 243 397
94 132 292
4 466
60 61 334 758
64 131 521 903
11 233
15 91 197 879
2 301
157 389
42 144 178
16 301 860
108 214 291 301 883
5 210
147 482 526 601 623
53 55 279
13 545
12 241 451
76 744
9 11 66 487 846
13 394 721
3 47
21 77 106 276 504 537 552
31 937
193 217 706
92 102 135 546 997
7 103
34 35 113
719 857
368 731
2 66 242 900
30 45 391
18 57 579
271 274 998
573 631 938
113 293 371
58 640
133 423 640
48 65 69 177 199 564 973
14 114
11 360 607
28 253 451 650 742
63 175 238 609
423 726
219 472 827
15 24 174
689 915
163 600
252 405 639 875
8 137 698 873
30 534
82 266
147 309
24 507 511 541 774 946
27 288 556 590 868 898 983
148 342 563
24 108 153 383
33 447 911
153 461
139 344 455 770 843
127 442 643
19 28 187 231
278 369
41 70 339
13 19 356 433
76 109 206 818
28 742
93 416
61 94 157 317 560 942
3 104 612
75 466 722 840
79 87 113 128 229 302 312 799
18 45
23 65 95
47 104 222
474 781
34 268
102 124 194 233 730 764 986
109 120 313 513 676 796
295 859
27 115
4 13 87 235 466
42 49 160 190 240 290 299 704
390 777 786 927
34 784
20 145 245 429 824
12 29
100 283 620
54 88 280 369
517 832
108 123 286
72 75 136 501 643 918
56 500
12 782
30 236 599
96 195
2 436 878
342 669
74 399
123 867
428 499
134 322
3 17 25 589
3 222
1 175 391
330 447
196 895
17 40 47 649 919
49 148 473 585 751 771 892
117 153 313 820
178 201 495
124 194 595
11 67
120 387 421 752 913
196 439
74 577 625
52 504
4 131
62 99
81 805
5 39 602
209 613 979
45 773
1 244 401 612
566 727 818
99 152 154 260 767
1 264 401 418 716 815
175 238
1 70
425 523 556 871 988
39 196 439 498 795 921
21 71
12 32 54 89 169
200 288
175 609
114 344 379 675 781 975
4 5 840 864
75 347 494
584 992
35 150 177 882
14 30 31 551 937
241 370
32 69 116 343 859
139 979
325 336 663 928
5 59
35 54 113 229 568
266 537 666 784
8 24 27 71 142 159 556 839
76 230 274 292 316 340 411 513
7 59 277 377 493 518 985
36 105 495
31 874
21 32 616
89 297 610
20 91 375 690
104 224
51 631 703 854 982 995
309 450
204 259 367
43 52 681
15 42
34 504
10 33 126 246 308 710
188 319 981
127 471
673 992
23 57 860
13 19 79 545 743
40 468
22 905
352 557
103 634
81 91 671
514 853
3 17 176 612 680 685
116 247 741
261 443 838
529 733 837
32 33 208
56 269 485 633
132 157 450 515
108 142
167 257 811
158 341
120 147 218
42 69 70 298
118 634 846
278 924
69 96 247 295 298 343 690 741
181 282 595 607 850 950
8 658
100 355
53 265 958 963
31 534
431 484
121 176 225
178 582
414 854
265 283
177 759
9 17 47 130 909
49 528
110 498 753
65 177 618 653 911
138 373
40 69 417
101 237 671
271 389 513 705 712 744
79 150 213 940
86 294
82 279 282 321 469
760 930
19 263 422
83 177 342
1 773
37 200 272 492 542 999
87 366
49 571 635 885
6 26 368 956
202 860
73 76 204 271 953
167 920
76 517
39 51 210 219 468 645 847 971
68 817
231 432
48 232 732
13 16 302 310 638
141 492
59 458
146 156 383
144 513
18 199 257
3 465 536
2 17 22 148 343 393
110 111
165 351
40 53 62 98 637
26 229
12 567
115 383
1 18 240 571 844 885 886
15 525
127 267 308
38 164 777
70 98 255 295
432 766
167 391
2 186 441 597
14 452 536 805
53 80
27 74 182 246 296 303 459 612
6 235 243 407 644 746
169 412 589
214 858
260 872
98 468
19 505
9 570 689
219 438
248 260 315
99 123 280 605
74 92 134 857 994
208 467
186 299
110 258 285 894 907
354 378
85 269 579 629 724
104 396 587
35 56 65 95 221 720 862 964
519 628
400 555 600
59 155
73 237 931
1 15 384 739
14 81 82 235 307 368 426 508
83 148 588
431 615
218 249 300 304
100 365
10 219
178 273 305
64 449
75 995
15 170 174
232 985
54 77
30 166 749
205 285 325 787
109 249
25 123
7 123
15 152
74 200 496 988
21 32 311 668
459 464 651
644 647 836 876
68 713
245 999
319 980
51 830 916
114 139 379 975
346 645
33 287 379 460 772 991
17 23
10 605 688
5 143
173 265 498 542 880 972
195 255 343
418 925
132 292
206 623 933
3 213
165 190 683 926
396 650
663 896
2 495
361 436 646 884
3 192 481 570
111 258 285 318 765
1 18
470 767 970
182 353
11 58 289
281 347
44 57 312
72 490 738 793
95 596
9 17 66 192 636
11 763
143 231
544 563
13 61 84 143 322 381 760 792
17 222
81 215 755
4 55 267
2 16 162 816
9 215 415 567
162 310
33 330
4 138 753 800
3 224 299
14 459
576 718
104 284
95 202
38 499 514
407 768
45 49 61 167 432 579
124 191 360 404
42 181 750
15 351
392 431 442 849 870
6 876
34 36 774 845
76 893
74 232 852 866
81 731 746
94 216
115 182 552 864 904
18 44 74 102
11 273
233 315 506
91 96 116 130 195 890
24 825
31 166 341 889
50 178 437 653
18 45 160 257 401 811
34 52 268
62 158
7 131
486 544 771 793 892
10 72 228 309 354 475 916
94 147 933
29 36 45 121 185 925 966
16 638
40 306 331 390
221 371 868 888 929
128 233 596 736
2 16 66 151 828
56 161 166 951
98 124 273 462 722 921
30 31 339 951
73 109 394 851
33 702
543 962
262 275
14 802
6 170 659 775 931
4 72 366 384 471 472 501 592 806
2 22 357 785
42 410
14 81 802 987
4 300 727
5 39 993
103 245 486 492
63 223 429
51 92 134 281
230 304
226 898
283 620
2 47 978
39 196
125 672
8 517
17 25
10 69 116
6 647 805
490 922
136 400 789
100 807
4 138 226 385 566 603 790
249 623 953
2 9 151 224 360 364 502 905
155 159 425 997
152 943
18 571
149 362
24 142 159 512 989
165 926
7 575 714
10 150 385
4 72 338 723
40 53 55 69 247 279 295
20 375
24 115 586
7 36 554 801
23 444
4 63 143 363 381 392
93 216 367 868 883 906
184 250 501 819 841
254 403 641
1 5 49
101 113 461
30 236 694 749
263 356 604
611 701 789
59 583
148 168
155 719
233 726
81 85 119 465
474 751
862 899
46 125 230 357 562
183 185 439 700
128 177 229
286 398 483 497 866
117 120 411 535 653 778 934
209 367 435 474 669
177 437
32 54 72 234 597 790 845
3 60 86 88 251
28 396 455
7 41 42 43 190 576
8 137 469
178 699
682 991
6 241
137 548
4 179 234 753
176 224
50 99
253 959
49 205
6 147 433 566 632 672 798
105 129 549 871
32 145 182 296 528
73 206
93 103 173 183 319
75 225 338 674
103 756
409 565
445 659
13 505
156 923
