398 509 624 658 988
588 897
117 306
6 119 805
255 256 838
14 250 454
46 917
21 613
15 129 402 879
242 680
12 21 172 675
56 406 473 702 768
42 99 165 377 499 901 923
327 484
31 749
114 613
53 279 402 952
381 548
30 61 166 270
23 35 65 720
12 114 406 675 809
114 641
99 371 970
5 74 523
75 373 806 830
251 896
29 214
143 323
67 153 640
36 519
5 20 283 284 399 965
265 673
33 581
12 668
328 387
126 646 991
143 386
209 770
14 81 329
219 387 552 971
50 140
326 755
47 502
195 649
16 180 198
23 717
8 26 296 315
305 369
177 470
418 477
44 941
200 529
170 243
366 471 941
1 3 9 18 47 151 481 909
94 109 206 230 249 601
10 438
43 801
21 77 271 672 969
18 132 274 890
10 476 866
228 321 352 899
81 114
42 57 113 146 362 372 861
170 547 760 775
80 865
21 194 853
24 27 71 115 134 286 470 512 605
2 9 715 842
49 187 560
102 235 323 623 784
1 4 62 131 661
22 364 502 692 950
3 73 125 224 249 672
302 912
101 777
41 107 238 431 446 484 970
6 14 651 687 775
376 473 751
9 157
79 150
228 345 709
24 164
82 83
385 617
3 47 186 224
59 277 914
52 217 330 911
80 880
330 350
15 625 989
34 218 271 340 456 712
80 451 469 515
80 100 265 283
2 9 877
661 753
95 97 561 736
40 295
5 324 795
232 359
28 81 277 297 367 764 816
93 214 584 761 797
70 255 741
205 325 814
78 694
243 802
32 54 77 126 460 612
401 886
7 575
538 826
241 717
64 521
18 113 309 943
4 75 97 475 485 617 643 703 819
22 25 256 842
188 201 223 357 656
16 33 184 305 682 768 884
282 292
82 963
222 642
267 578
13 109 618
34 39 151 176
2 9 66 453 877
218 309 680 712
139 247 524 741 919
8 9
239 820
501 790
92 96 155 286 483 894
58 308
414 670
23 42 207 333 565 648 734 743 788
37 531
20 399
86 190
109 205 292 336 356 526 600 942
96 98 255 298 343
256 584
49 283
62 64 605 688 978
80 297 865 880
2 145 290 752
35 65 113 425
106 348 782
304 727
376 627
392 408 573 817 847 918
11 75 225 234 552 623 815
12 63
30 55 133 472 592
47 105 123 152
384 578
228 321
64 123 215 308 314 688 748
50 56 97 128 156 500 724 928
15 152 174 714 737 887 957
1 391
29 88 788
110 111 252
342 922
80 173 250 338 620
737 871
68 87
74 92 106 115 766
23 150 510 554 633 732
274 566 949
54 215
62 168
12 29 110 149 207 256
188 332 389 594 647 876
3 34 85 107 213 231 828
50 686
83 88 91 153 276 621 961
11 287
6 19 78 222 341
32 35 89 140 202 504
11 58 550
2 99 427 441 928
98 295
66 155
29 291 369
91 136 414
123 131
216 274
86 119 452
46 129
52 217
44 128 149 410
2 203 211
42 105 209 233
4 7
32 35
23 48 81 568
324 479
62 123 932
6 12 15 34 107 491 966
139 209 262
128 618
132 157 218 769
13 263 310
517 858
27 134 303 625 857 946
43 198 294 296 322
22 25
54 558 616
94 147 933 934
68 142 466 746 850 859
15 430 714
40 83 136 197 238
85 97 543 835
86 193 508
30 323 388 557
60 765
10 392 827
134 624
275 406
319 467 901
182 188 290 332
161 444 629
20 63 117 387 783
33 153 205 548 796
38 55 82
175 227
879 940
8 80 184 264 815 848
42 351 683 704
94 116 255
4 67 69 158 290 301 562 668
35 50 95 203 371 568 596 629
436 622
120 411
7 83 342 588
74 492 625
29 565 811
76 271 304
27 512
83 588 657
204 623
288 756
16 193 317 706
769 953
99 362
330 460
108 163 701 747 891
10 75 87 310 655
2 9 283 284 610 905 972
267 864
147 870
455 493
2 54 180 275 406 412 825
872 976
15 770
44 200 282 660
92 371
754 794
516 925
7 31 166 599
377 458 628 856
30 31
4 234
135 437
16 60
85 242 302 372 823
68 438 643
117 120
122 252 404
52 223 504
17 37 87 122 136 221 354 719
13 19 202 437 721 863
257 792
69 91 96
162 350
40 124 763
11 124 217
38 120
176 248 441
7 28 189
87 569
73 157 204 450 890
269 732
65 743
702 884
23 912
54 71 74 77 126 719
110 224 318 715
10 68 75 317 434 896 908
41 42 99
52 83 148 960
16 133 276 816 956
11 872
8 154 190 261
69 859
53 55 82 426 598 958 961
4 10 72 94 109 139
559 731
39 397 440 573 762
5 42 795 989
112 404
56 312 464
31 388
95 229 724
137 516 548
147 601 667 832
180 307 706 780 822
53 82 405
19 639
45 142 974
219 226 384 426 442 470 655 718
63 174 572
63 150 269 293 554
112 479
32 275
13 721
54 63 381 505 704 920
248 932
58 67 233 423
38 178 201 699
294 780 935 956
180 294
341 694 916
171 695
44 221 812
37 245 272 571 608
58 960
9 17 118 222 246
145 188
252 380 476
99 149 351 549
72 219 365 501 864 918
54 89 208 226 540
14 170
22 36 213 402 917
44 70 102 554
20 45 199 240 257 571 844
319 708 981
47 632
213 455 697
15 197 572
3 211 244 364
411 955
101 173 331 433 620 653
11 26 168 193
822 979
85 596
15 871
279 401 447 799
102 596
67 233 315 360 595 607
52 107 206 230
230 271
4 300 705
24 619
227 417
18 20 417 431 441
141 733 981
15 20 63 161 363 904
198 508
20 72 440
8 137
40 91
260 839
71 78 534
78 236
5 27 71 159 196 511 550 831
221 488 568
4 68 225 800
116 398 546 857
158 694
21 326 834
96 139 147 443 604
1 174
93 259 942
59 473 793 810 970
330 702
29 185 335
11 36 207 291 369
140 497
93 103 155 194 695 811 991
415 804
98 217 314
56 997
205 300
7 435
58 124
1 105 130 345 635 837 973
127 225 251 472 806
139 379 975
178 230 423
7 14 22 43 453
462 628 801
11 107 217 506 513
681 877 900
202 434
22 244 984
3 685
18 821
16 180 906
141 200
101 164
6 53 191 318 428 934
96 116
13 34
961 971
69 96
5 48 440 594 600 603
5 196 574 736
13 728
395 716
11 986
4 36 258
178 656
9 47 55 106 130 412
192 364
142 383 386 470 507 894
10 87 179 827
2 118 915
171 515 601 832
833 852
114 808
51 552 580
95 437
71 221 322 556
92 417 776
137 195 395 945
72 318
21 90 194 233 277
18 807
69 98 678
29 185 654
9 11 211
296 647 650 696 836
183 992
101 144
37 576 972
15 46 430 491
43 518
69 866 964
55 82
300 676
73 201 220 426 609
126 203 412 475
65 221 579
3 245
6 14 59 277 540 762
14 26 241 659
27 71 983
145 528
182 332
6 746
129 591
105 400 887
88 144 699
13 197 721
117 295
57 248
44 579 863
310 350
28 451
485 989
520 784
20 22 129 456 560 611 710 826
144 273 874
193 307 530
518 575
47 82 99 154 156 374 861
61 144 357 432 453
110 111 420 691
4 10 268 908
38 843
40 59
40 116 478
9 349 915
121 315 839
21 54 567 755
142 774
27 285 639
208 597
219 982
39 795 993
60 93 138 148 278 280 416 729 825
162 210 439
617 840
23 372
143 145 231 270 334
33 37 285
84 352 760 875
20 162
313 461 934
55 266 598 626 666
159 868
8 205 253 604 611
112 787 999
201 495
4 404 405
106 208 326 558
131 449
47 203
39 65 362 525
5 38 117 120 164 306
224 849 932
2 66 104 186 192 285 652
27 286 586
356 400
215 853
21 31 56 101
2 118
26 68 87 183 357 648 806 847 851
22 35 203 569 846 909
477 516 848
84 132 442 593 787
134 383 708 735
9 25 30 176 284 502 636 642 984
5 57 645
150 175
111 122 380 457 752 905
32 171 275
7 47 86 363 823
48 65
8 647 945
45 161 293
531 614
74 322
37 382 492
41 74 509 794
41 43 149 289 522 774
1 532 677
16 449 605
61 371 469 888 930
33 484 776
115 142 944
28 70 253 403 564
92 386 512
5 39 121 219 291
21 776
118 487
250 366
24 52 87 138 361 373 739 971
24 481
136 392
125 365 698
478 757 867
76 389
9 186
12 169 490
59 70 91 154
123 549
73 249
24 771 909
1 18 213 391
41 549
509 619 774
159 175 238 263 747
570 785
10 22 53 537 812
32 173 671
115 142 159 679
27 142 968
175 298 328 332 967
220 227
1 6 45
120 313 338 357 390 543 820 874
40 118
15 107 302 895
11 21 80 124 260 315 355 423 595
238 967
342 485 543 860 973
97 799
360 986
467 991
1 45
75 346 706 996
13 19 310 422
37 200 918
77 89 239 348
49 927
36 277 420 476 845 907 997
279 637
22 176
305 772 779
17 51 613
175 869 967
325 667
1 240 885 886
29 297 370 481 610
20 374 544 578
85 385 603 959
375 523 575
514 589
8 848
69 83 490 810
5 84 228
218 727
39 164
13 19
30 102 108 127 134 556 619
70 638 684
146 239 410 446 919
73 245 997
29 88 259 335 367 816
32 177
185 427 673
8 137 642
32 75 89 127 215 674 982
4 127 338 428
7 621
242 459
43 118 289 522 536
30 31 158
12 16 137
76 157
258 285 457
19 214 545 700
6 170 368 679
319 824
662 985
5 630
44 60 170
146 149 333
226 366
66 244 406 561 692
97 252 299 488
6 119 204
53 917
111 300 364 779
6 19 237 243 263 350 965
14 931
38 421 868
100 265 807
144 495 939
68 110 112 318 405 718
268 414
5 77 196 346 501
144 201
30 31 158 491 599 889
50 102 720
67 133 194 233 399
13 42 95 120 165
62 449
2 16 445 814 950
24 944
41 339
5 141 288 850
37 181
6 79 150 177 497 500
17 25 320
165 948
128 344
16 86 104
33 361 460
29 69 70 195 204 270 298 862
6 11 26 97 445 651 671
3 606
30 159 236 283 433 479
48 61 321 899
2 6 178 624
159 511
2 18 45 447 911
4 127 428 670
499 669 739 800 819
3 17 677 957
101 153 178 390
377 533 607
131 143 152 248 591
235 419 586 968
7 43 283 289 522 575
40 52 55 266
186 245 314 319 374 733
12 28 150 292 494 605
55 180 438 817 993
41 247 351 861
111 258
41 427
54 73 933
88 797
163 229 356 701
501 728 976
33 126 189 646 710 878
5 49 210 346 355 439
40 649
8 184 261 443 815
190 468
66 100 118
44 133
124 164 286
60 966
614 850
55 510
123 449
1 257
885 974
182 333 998
13 165 281 674
172 215 555 853
946 964
454 913 927
93 214 857
287 878
70 91
2 17 156 347
2 591
237 872
94 146 189 239 446 532 767 869
21 121 229 529 653 977
6 14 19 536 805
14 1000
147 157 316 340 818
23 161 672
3 104 347 441 752 854
62 413
658 910
49 792
70 237 631 868 900
14 448 958
353 528
19 51 60 88 394
74 398 483 541
14 74 95 460 660
76 727
20 429
52 107 583
61 84
5 722
334 469
297 610
15 152 174 330 447 804 876 996
585 614
24 108 456
25 60 259
53 55 82 426 463 952
196 462
16 45
122 657 765
270 317 353 358 530 754 836 881
808 809
57 945 985
190 361 772
239 929
33 402 416 953
87 830
3 17 25 570 924 978
17 472 847 881 896
186 634
253 403
64 123
64 574
14 23 56 85 135 232 626 888
206 216 515 933
126 467
36 59 533 663 856
65 79
35 48 113 128 730
383 511
28 370 641 740
69 70
19 162 849
15 213
17 118 224
10 134 148 341 365 370 551 874
42 683 929
928 929
171 536
81 368 445
53 82
17 487
187 528
24 92
83 544 892
19 79 149 212 251 352 439 753 887
51 226 236 347 499 539 974
17 115 212 286 383 483 507 512
12 711 834
4 23 56 753
8 264 873
6 191
141 531
12 54 286 514
210 837
385 471
18 45 199 813 886
170 397 521
38 115 218 394
64 903
4 13 378 466 494
28 100 121 165 256 291 654
435 522 525
400 611
247 295 468
81 346 397 462
4 108 186 360 638 785
122 542 686 840
664 822
46 197
19 922
2 3 25 130 564
400 701
223 382
274 328 744
24 92 556 950
447 878 911
280 396 725
3 564
101 610 612 665
163 517
31 875
45 571
173 865
588 892
94 365
116 649
10 276
462 602
26 62 64 123 235 413
267 276 442
44 79 85 158 386
293 301 424 935
3 9 18 22 45 160 320
726 763
24 117 559
64 131
32 111 555 558 567 595 597 602
545 793
368 445 459 547
129 572
380 487
1 227 349
699 987
178 416
168 236 385
138 494 670
148 751
138 391 569
528 904 996
81 89 184 538 563 807
277 458
422 444 484
20 63 223 734
165 565
88 133 214 976
235 452
2 978
202 274 304 513 517 818 949
1 49 51 167 308 345 709 718 801
169 236 599 994
532 826 829 869
35 140 503
175 220 349 615
3 86 211 289 310 389 503
33 287 305 315
249 513
46 174 491 572
42 99 339 704 767 803
31 388 534 749
30 951
55 124 128 133 506 726
88 335
183 347 925
216 513 560
10 51 108 378 509 541 988
185 367
392 630
4 51 739
34 52 366 580
206 325 604
28 172 403
592 705 713
53 84 963
9 224 299 524
62 413 574 867
181 245 314 382 576
6 237 368 731
31 78 936
11 28 36 191
18 45 167
1 49 160 401 902 923
979 987
273 382 450 492 745
60 93 185 259 280 416 858
36 103 373 432 536 618
51 301
163 383 425
41 149 410
84 114 139 344
7 179 373
220 538
44 161
14 38 163 789 927 998
111 112 148 337 486 907
143 187 323 334 760 766
125 141 181
62 131 521 574
24 74 998
56 102 135
21 89 169 262 379
164 212 461 777
1 43 78 99 518 693 794
162 394
265 331 384 535 763 767
25 104
40 90 191 255
541 831
1 7 61 66 88 132 210 597
19 545
33 78
143 154 190
153 379 665 969
244 290 431
4 250
397 465
78 158 166 534 951
115 272 288 496
38 786
183 207 280 367
81 139 474
26 746
20 63 609
236 270 301 557 797 936
126 348 713 782 884
125 292 526 859
126 779
6 26
165 427 803
378 800
276 603
10 74 498 499 854 864
139 843
52 107 217 250
21 199 443
117 119 162 361 405
8 28 31 50 232 899 902
14 464
22 448
458 607 813
15 53 68 179 938 982
16 110 251 318 457 476 479 819
85 279 302
133 191 260 839
50 381
110 138 380
10 100 173 284 821 880 994
58 506
52 520 681
26 407
33 101 454 682
2 17
209 344
102 202 728
97 135 177 221 582 973
51 251
56 95 302 359 629 711 732
1 345
6 397
296 593
70 91 116 835 913
6 119 329
30 31 213 937
579 725 959
7 37 141 282 529 531 750 901
268 631
2 490 922
23 35 50 232 488 724 799
24 311 390
148 490 585 810
396 587 990
11 58 423
254 370
59 86 288 458 707
11 368
10 75 527
20 394
76 204 309 340 515 841
828 906
503 582
336 663 773
71 155
9 16 29 228 345 516 716
16 780
48 729
156 410 710
804 943
52 241 493
87 120 483
165 239 926
2 44 519
121 673 855
127 246 434 916
70 678
11 15 129 185 404 541 551 598 669
12 32 41 146 171 281 597
28 241
26 651
303 546
12 21
135 485
12 32 106 825
146 902
125 242 606 744
41 57 59 76 93 118 226 608 712
181 294
26 58 237 243 559 805
80 100
8 188
12 106 471 514
26 81 388 1000
65 303 831
16 84 86 193 703 986
64 131 413 830
3 9
20 63 363 429 764
103 282 614
28 489 947
293 480
263 394 505
13 246 505 581 898
52 520
95 113 359 497 554 662 905
7 77 791 897
25 63
109 206 482 851
40 124 343 474
59 210 324 856
19 300 350
75 281 338 723 898 977
44 50 57 79 102 113 269
212 461 535
120 153 969
5 39 210 343
179 234
145 290
260 275 331 384 464 640
34 52 66 268
13 166
4 51
68 127 154 246 339 498 790 898
33 171 193 214 243 247 990
11 25 90
4 10 61 196 262 622 693
28 30 78 161 388
25 33 287 581
13 15
45 64 332 408 486 495 569 796 836
252 264 307 461 696
140 201 363 375 648 939
172 555
557 879
387 913
105 129
7 20 650
24 563
49 153
80 355 523
46 287 781
138 366 713 726
68 227 308 354 408 703 790 941
254 455 587 641
24 322 496
336 604
6 37 272 376 504 768
253 335
48 128 312 480 618
319 492
10 281 987
72 246
24 27 41 155 303 362 948
103 288
27 496
171 208 326 459 478 589
25 951
98 690
65 293 653
31 77
9 103 168 181 245 272 556
639 691 765 948
55 82 90 666
29 53 65 279 463
71 263 730 892
143 783
4 179
1 49 294 311 353
241 254 562 717
51 840
13 35 48 422 583 882
23 57
182 212 796
58 67 90
18 72 136 473 841 995
39 602
5 13 343 409
4 284 393 636
644 876
64 248 759
183 278
12 172 834
23 35 44 480
20 609 697
8 137 184
56 65
152 387 400
36 533 628 707
188 208 627
25 363 375 734
100 173 265
230 622
72 119
57 278 409 813
37 100
17 22 25 92 105 151 730
39 46 79 120 157 921
8 116
95 177
14 32 61 106 168 547 687 802 931
94 187 372
22 66 390
26 58 121 278 306 532 654 846
3 192
40 69 98 468
655 723
891 983
71 134 590 866
46 197 262
287 646 954
13 249 422 818
38 212 411
24 176 257
8 137 418 577
327 538
12 32 274 348 827
14 299
106 567
29 39 60 183 630 636
28 174 197 213 587
98 116 195 678
114 273 715 733
94 132 893
5 883
72 938
164 539 643 841
35 113 293 553 985
90 126 127 159 291 304 379 524
28 97 106 109 172 339 596 980
138 179
527 723 791
207 855
36 59
130 581 698 742
325 356 600 789
16 43 240
7 43 187
337 691
168 193 883
90 360 550 658
43 167
38 91 208 436 529 786
37 103 141 234 282 660 745 750 824
51 267
589 683
84 358 758
325 600
198 298 301 424 690
48 852
9 130
103 336 999
93 121 163 226 266 280 463 952
62 206 456 632 942
161 860
106 169
34 537 583 975
66 143
14 66 407
11 67 160
108 155
12 21 89 262 555 778 921
267 329 433 558 968
155 359 981
84 228 432
393 562 832
34 268
404 457
112 337
685 689
83 290 881
342 486 585 771 793
84 231 761
34 681
166 849
1 89 270 323 381 758 769
108 115
638 906
225 594
65 100 215 550 755
662 764
463 626 958
27 68
45 305 467 772
421 955
18 160 216 632 811
21 23 54 77 589
61 187 191 231 352 358 557 891
111 112 252 258
1 167
17 38 47 151 299 306 331 915
53 279
11 67
10 39 108 546 747 983
432 510 930
37 94 125 132 161 365 562 729
16 87 91 240 530 919
37 314 608 999
18 19
306 313
789 814
43 525
39 523
73 157
157 218 309 377
409 954
27 578
175 238
104 137 540 705 824 863
145 169 198 916
80 433
54 152 943
34 798
3 677
6 9 67 75 219 506 930
27 71 719
1 167 391 571
73 76 125 132 218 292 340 389 425
98 264 577 873
15 946
17 66 122 151 222
121 136 409
47 271 418 708
2 25 66 130 222 606 652
537 583
54 465 616
5 645 895 993
109 147 204 216 340 482 893
209 474
31 599
12 131 228 686 862
26 235 329 398 671
650 740
234 373
553 716 835
64 96 474
17 393 453 502 606
36 110 112 292 707
61 352
34 504
164 331 459
709 920
627 738
73 949
20 38 421 953
177 312
521 548 867
379 843
250 472
75 125 271 566 667
17 320
272 429
1 155 257 584 792 920
435 525
41 93 108 115 190
87 392 408 592 674 908
258 657
4 324 338 346 494 722 757
42 146 149 154 339 351
7 436 682
163 482
36 254 845
15 225
119 243 407 465
191 194
63 160 223 375
269 959
249 756
92 134 419 944
100 355
32 77 275 354 415 478 567 617
6 687
178 582
247 298
12 58 61 67 133 194 745
67 90
200 240
3 136 267 299 775
60 367
76 107 233 260 607
59 197 519 914
86 344 781 809 979
29 178 966 992
59 377
69 96 244 992
111 592
16 294
8 261
24 27
103 542 576 608 748
33 436
17 82 254 313 378
251 439
182 184 381 477 838
23 31 316 450 851
68 70 96 136 247
380 787
205 611
663 773
117 163 205 212 225 615 955
225 977
29 121 417 788
26 128 372 418 812 910
93 214 259 858 935
125 204
8 23 43 174 268 545 777 894
98 195 255 295 690 741
172 199 215
58 486 751 771
50 582 882
46 430
7 43 135 260
50 60 700
3 113 402
34 107 112 137 873
104 937
57 135 173 359 444 535
196 757 965
103 145 353
8 18 261 264 838 925
222 224
18 49 160
63 429
15 105 129 883
34 354 520 817
28 47 370 489
8 190
46 151 158 442 591 714 895 940
153 454
19 505
91 96 114 195 295 553 659
41 42
551 563 897
22 222 327 349 524 527 564 570 693
71 496 511 552 586
451 912 947
220 615 870
382 542 576 837
2 374 785
141 206 356 508 613 802
28 79 113 135 229 269 371 497 587
114 209 396 493 781 975
50 85 543 590
29 924
38 411 566
5 61
159 398 735
89 311 616 676
13 19 119 199 590
12 169
248 762
6 26 103 237 547 748 980
207 334 584 889 988
102 128 177
72 73 101 289 316 526 601
11 33 133 361 437 560 640 756
241 593
211 317 972
48 50 135 177 297 711 821
13 162
192 487 570 612
1 49 51
49 349 573 871
21 89 169 170 262 415 482 845 890
3 307
376 798
273 495
148 738
5 39 46
4 226 276 354 440 498 995
10 539
181 645
334 421 783
42 253 489
15 46 168 223 301 697
358 862
132 147
74 546
3 448 846
1 18
12 566 778
1 7 664
291 335
31 50 59 195 553 577 637 661 676
281 347
114 139
230 316 828
23 56 79 97 232
140 273 357 585
8 49
132 209 407 744
151 211 362
396 405 420
109 304 798
5 196 210
1 11 167 216 385 731 844 885
79 471 631
151 994
10 51 136 791 938
7 192 266
179 219
6 18
7 41 168 198 435
134 590
2 15 47 612 990
19 47 130
73 94
220 238 327 328 870
2 3 25 192 244 696 786 904
217 344 537 770 784 808
3 145 182 188 296 353 644
341 446
30 158 534 551 889 936
76 83 303 342 351 549 700
85 138 466 882
2 25 104 284
11 144 595 954
76 893
637 666
39 77 281 390 507 926
154 246
17 104 203 374 652 685
8 44 48 561 568
166 937
30 749
563 738
91 108 343 468
90 875
40 69
42 48 57 166 232 312 725 833 962
1 72 261 399 425
7 518 621
105 152 469
1 167 174 635 844
72 415 498 603 695
35 76 95
104 207 448 689
42 146 154 156 189
110 424
35 56 229 444
142 386 395 419 519
21 311 675
19 75
8 46 150 309 395 443 577
200 980
266 598
5 9 130 320 364
26 27 74 119 355 507 735 758
181 321
36 396
105 430 940
4 594 854
150 221 414 500
5 124 320 322 419 420
16 86 110 688
253 403 493 593 740 742 947
10 176 527
189 803
285 337
36 48 57 202 280 736 833 995
156 926
16 452 475
40 81 329
185 278 369 586 761
14 211 559
229 633
229 743 962
19 34 162 189 235 659
102 455 561 579
38 101 117 535 665
265 620
187 231 963
176 203 312 984
722 921
4 10 408
200 750
30 78 321
35 62 166 171 348 580 924
27 72 88 127 199 773 888
282 698
17 401 754 923
234 308 428 475
18 240 257 391 401
22 122 689
129 130 263 634 692
86 317 508 684
78 104
122 285
393 544 900
7 73 216 316 526 542
39 324
140 273
124 914
337 907
254 403
1 49 199 580
37 173 264
32 412 778
184 261
48 503 720 910
10 360 378 384 434 438 466 573 960
220 431
34 156
530 664
18 90 395 680 759 860
20 375
89 782
30 227 766
8 477
36 122 156 192 258 533
140 144 656 939
76 227 327 328 820 829
7 333 931
296 644
109 539 615
14 67 407 465 633
14 81 540
45 160
201 609
58 90
21 169 172 311 326 616
88 565
147 450 517
1 167 635
175 514 679 829
131 160
9 13 152 182 336 452 602 852 957
77 341
57 85 231
189 333
32 44
23 79 113 480 488 759
99 111 112 138 737
2 27 92
62 186
123 313 903
20 33 98 358
22 109 389
16 40 116 198 424 956 1000
60 278
176 242
3 272 842
9 170 464
11 194
242 393
223 399
500 823 962
2 3
83 148 266 376 544 669
53 55 288
22 634
71 964
183 259 855
46 105 180
57 84 202 510
208 668
53 56
256 369 451 481 489 742
43 289
269 307 684 903
