1
1
8
19
1
9
14
3
4
20
6
13
6
9
3
31
23
32
4
2
20
12
9
14
20
5
6
19
23
3
26
10
8
10
3
28
21
23
8
3
2
1
5
2
2
27
10
8
19
7
10
3
3
13
7
12
11
14
2
20
6
9
1
1
16
14
24
20
6
9
1
4
3
14
25
15
2
1
24
6
18
4
13
12
11
9
5
13
5
16
3
2
23
11
18
8
11
16
12
10
6
5
8
3
3
12
21
16
3
5
4
21
1
6
5
29
12
1
6
1
32
6
19
5
26
7
16
17
5
2
7
4
1
11
13
3
7
30
4
13
8
22
28
32
1
28
7
3
6
2
19
8
1
14
9
3
5
17
7
28
4
10
29
5
32
25
11
8
24
5
3
3
6
7
25
9
17
27
26
17
5
3
1
20
27
8
2
12
18
2
7
11
33
7
13
27
1
6
9
21
9
21
28
11
6
25
3
1
2
4
24
12
1
2
5
28
6
1
1
4
4
3
11
19
9
1
6
1
2
3
8
7
31
21
14
31
17
5
32
7
14
2
8
33
9
7
6
10
4
9
9
10
8
1
4
8
8
11
31
17
26
15
5
29
1
10
2
1
10
7
15
11
13
10
25
2
15
9
1
1
12
14
7
17
2
6
11
14
5
2
4
17
5
8
33
25
15
6
10
8
2
5
5
17
1
4
3
4
7
10
30
27
2
14
32
15
1
1
6
11
22
4
19
2
23
20
16
14
7
4
4
18
17
10
22
1
12
21
2
20
5
13
17
8
7
4
9
22
8
7
20
5
24
10
22
23
6
10
1
16
31
26
9
11
3
15
5
2
13
13
4
9
7
2
4
2
2
15
14
4
5
12
28
4
24
18
3
7
6
19
12
11
1
11
10
5
10
6
18
12
2
2
10
30
17
17
25
28
4
8
3
8
20
5
13
8
12
14
1
5
26
11
7
7
3
14
10
23
9
23
7
16
6
19
31
9
7
22
14
18
4
16
10
11
4
9
26
15
1
9
1
22
16
4
17
16
2
3
24
4
5
18
8
20
21
20
1
10
14
3
11
27
3
1
6
24
23
23
4
15
9
32
13
32
8
1
16
19
9
19
17
3
3
11
11
4
1
21
28
11
2
14
13
3
7
2
1
8
33
29
7
5
5
24
12
6
30
2
30
17
5
21
12
17
30
6
7
2
10
3
4
7
3
28
8
9
8
11
10
4
18
7
29
11
25
10
2
9
7
15
3
6
20
14
8
3
2
10
2
11
20
8
1
7
4
18
7
9
6
3
20
14
16
25
11
33
5
6
8
10
14
16
12
5
29
6
16
4
16
1
3
13
8
9
14
3
30
29
15
11
3
1
15
11
12
25
5
9
18
11
15
31
30
12
29
5
5
15
26
21
5
6
6
3
5
6
15
16
3
9
32
1
8
12
5
26
30
3
13
5
13
10
3
1
15
3
1
16
22
15
25
8
2
1
10
2
1
23
23
12
10
13
27
7
13
4
7
2
5
3
8
13
6
6
14
16
5
7
27
9
8
14
12
18
26
26
21
2
9
2
3
17
20
8
31
19
13
15
7
9
26
19
16
32
15
8
18
2
9
33
29
7
22
9
4
10
11
2
8
21
1
2
8
27
3
4
22
10
3
3
12
12
16
10
11
4
15
28
8
29
25
27
3
12
10
11
3
6
4
14
9
1
6
1
1
18
30
5
12
31
1
12
33
25
13
21
22
12
15
10
7
16
18
15
12
25
1
9
30
2
5
27
2
2
1
15
8
1
6
1
7
8
11
14
24
6
5
23
3
19
4
2
2
8
9
7
22
12
9
3
23
1
8
28
2
10
28
12
6
16
9
4
4
19
4
11
8
7
17
18
33
2
13
8
1
22
2
10
5
7
30
25
12
2
12
12
21
26
2
1
13
8
9
5
14
8
7
11
21
2
13
31
10
8
16
22
10
6
29
9
13
18
6
24
10
5
18
3
2
22
10
16
2
33
1
2
4
4
7
9
13
2
4
12
3
4
10
2
24
5
2
24
4
5
27
3
9
7
11
2
7
11
4
1
7
6
1
4
13
13
19
21
1
3
13
14
9
13
2
8
18
1
1
10
2
10
15
31
2
2
23
27
5
5
4
6
14
20
32
33
2
11
3
22
1
13
9
1
13
2
6
9
7
1
24
2
3
29
19
14
9
6
1
1
13
6
19
4
15
1
23
1
15
15
17
7
24
1
4
2
6
22
4
18
6
17
6
17
10
12
