597 900
89 521 909
377 401 832
432 442
15 79 819 987
153 574
57 85 167 262 394 544 645
377 643 804
4 434
19 167 193 244 831
25 68 326 438
8 40 220 495 594 723 746
94 600
582 587
6 879
203 517 519
56 391
2 42 133
15 645
5 923
43 617
159 270 301 309 431 664 840
11 13 27 266
163 264 510 922
611 958
107 620
25 83 773
16 28 184 288 467 878 893
32 34 44 203 335 475 654 776
3 389
6 62
6 429 689
261 685
65 270
228 419
32 334 354 734 745 867
2 71
8 82 96 408
80 474 516
3 98 713
56 117
56 106 108 360 442
3 168 257 318 485 852
68 443 614 719 864
259 823
6 446 714
93 249 326
59 78 322 325 935 975
308 316 599 937 984
38 430
6 33 409 535 672 919 950
9 210 433
7 890
67 353
250 544 768
718 886
20 198 563
118 451
72 108 125 155
194 350
366 378 618 698
138 151
242 402
126 137 147 233 373 695
143 191 437
83 199 630 805
34 39 115 147 514 802 916 939 943
185 782
113 359 497
223 383
149 748
60 110 267 570 741
32 47 354
192 223 276 495 610
14 86 155
39 141
102 584 625 904
58 682
30 73 182 425
323 390
43 113 149 162 167 469 635 703
104 144 230
53 222 532 596
136 247
99 563 602
7 25 66 252 288 314 999
36 146 203 255 383 408 505
1 11 80 280 467 632 949
39 44 48 412 677
214 471
26 334
417 846
159 437 542 564
536 809 957
108 127 265
67 100 875
36 46 980
175 237 890
263 303 607
11 149 493 569 578
85 94 111 371
42 114 360 756
102 839
937 957
110 157 222 607 995
25 102 159 369 899 966
195 483
34 47 299 443 529 642 770 838 936
152 168 253 292 300
55 806
79 150
97 746
47 539 875
928 933
142 371 971
46 679
17 38 451 765
3 930
23 125 272 273 369 372 415 870
138 191 192 404 597
32 839 982
43 129 254 260 358 718
116 191 372
63 194
26 625 956
86 296 503 545 671 739
96 253 593 856
201 548 568 801
222 570
348 438 727
47 162
759 818
5 113
222 358 498 500 610 716 798
319 819
54 369 503
12 83
15 53
4 37 49 154
31 543 615 740 968
95 135 580 796
44 104 248 363 924
50 131 678
19 36 91 132 221 330 346
65 90 411 582
25 129 199
54 135 195 478 484
1 2 47 228 486 657 708 955
53 365 591 638
21 351
46 166 901
10 59 400
113 254
7 58 74 173 179 347 362 572 581
40 51 136 425 473 504
59 281 386 784
424 567
94 142 348 355 858 866
500 604
16 236
185 190 460
17 38 990
2 72 125 328 415
141 430 463
116 163
452 954
31 261 633
89 215 293 320 414 420 469 650
196 847
23 151 523 587
13 48 349 593
236 259 862
86 548
4 33
21 68 74
116 740
76 91 579
39 294 412 834
6 278
38 927
149 150 417 547 940
164 381
14 450 481 962
46 82
77 976
99 634
552 845
13 173 207
85 223 562 712 793
388 431
92 837
62 94 504
207 436 673 814
288 449
11 205 357 961
342 861 920
32 47 51 269 299 397
23 199 821
282 426
170 176 232 538 732 841 960
77 229
24 47 53 416
1 47 248 881
140 195 503 672
14 37 137 410 480 603 659
15 36 52 53 73 148 207 570
3 420 944
292 333 406 799
721 790 958
61 605
155 201 250 608
741 842
41 44 45 688 939
5 10 340 448 805
158 191 247 265 421 530 570
20 37 41 130 187
261 929
21 51 162 240 308 326 470 844
267 815 858
163 585
78 280 507
13 66 95 214 267 328 682
124 846
731 894
56 70 84
121 315 949 962
25 33 40 105 187 194 598
39 73 104 174 276 446 511 872
8 156 171 670 906
35 230 425 492 551 743
264 612 711
78 145
352 553 797
20 849
37 866
72 249 255 972
4 22 28 49 395 490 969
38 135 959
46 48 95 298 314
25 450 995
138 163 404 528
54 62 273 809 857
75 407
76 737
445 825 836
9 19 72 330 540 903
53 132 217 292 425
48 579
21 186
24 411
97 167 272 444
16 49
64 78 208 393
37 42
62 392 394
97 364 769 912
395 816 936
61 80 168 748
357 626
3 198 218 399 835
23 220
7 24 66 314
19 191 567 699
19 407
280 336
39 410
1 5 81
20 67 77 135 225 726 868
2 118 182 187 318
228 277 424
21 52
9 82 729
70 853
74 243 395
50 77 527
29 430 477 811 981
9 30 111 132 749
85 97 444 544 575
602 982
126 142 168
75 175 545 606
33 48
124 129 170 621
7 165 359 436 973
87 152 238 854
46 76 77 91 571 573 913
204 311 316 747
706 792
615 706
11 188 986
327 360 471
51 79 100 282
113 359
10 26 43 89 93 211 289
152 463 723
131 915
5 932
1 63 219 268 755
10 31 474
175 651 776
1 42 71 208 315 654 704
4 498 696
8 9 91 903
97 205 481 751
16 734
284 304
509 950
61 773
89 110 796 943 946
25 122 287 356 690
26 170 352 461 577 621
70 79 227 313 492 875
82 111 384 891
112 202 218 766
41 59 92 130 214 276
128 260 406
16 612
65 85 94 272
370 665
179 261
40 156
18 34 144 239 484 884
44 339
84 293 501 791
373 549 963
275 574
5 7 47 241 265 660 686 822
19 666
24 66 194
16 233 830
84 93 121 227
306 371 726 918
123 564
22 680 810
4 107 200 859
33 43 164 173
1 23 192 417
9 291
72 408 540
356 649
6 33 34
25 215 324
2 63
40 52 246
1 5 113 226 265 266 371 647 761
13 27
71 113 120 268 752 933
42 838
11 868
73 431
558 897
68 113
20 53 810
36 499
4 12 48 50 639
242 376 850
5 719 917
67 169 476
244 421 576 763
21 67 340
12 54 88
93 307 367 520 863 991
71 73 111
18 19 60 326
12 266 800 996
4 28 123 201 245 390 490 800
40 230 560 954
341 381
17 239 303 697
64 137 423
196 306 605 922
323 327 345 578 663
8 121 136 643 782
10 37 234
15 30 55 65 155 401 466
6 7 14 26 225 470 971
321 348 514
116 163 264 510
137 891
237 260
617 801 857 889
2 148 212 731 845 846 925
89 115 181 367 616 617
574 776
27 225
212 301 405 409
1 2 218 305 974
4 151 690
354 403
9 823
159 532 963
30 316 737 786 984
154 201
722 844 960
53 387
154 187 202 456 832 848
100 266 358 716 728
297 603 979
487 589
14 519
137 777
30 109
34 358 867 936
21 184 351
178 905
346 945
164 170 293 303 600
895 953
72 380 829 921 945
28 49 434
38 981
1 54 332 497 819 843
3 5 16 33 256 259 294
123 390
109 799
6 446 927
3 4 96 103 286 334
38 740
22 50 793 885 965
53 73
79 165 482 647
193 710 884
584 617 640
43 102
32 274
60 184
39 50 141 173 246 251 368
133 305
93 325
15 95 566
349 494
1 2 279
57 85 97 134 402 494 717 826
38 231 426
322 346 623
8 15 35 156 207 601 747
472 742
48 141 243 535
35 98 246 287 829
48 141 186 344 358 852
196 942
8 148
149 972
22 83 85 396 507 592 766 896
9 356 487 854
17 39
36 142
8 18 38 321 767
116 367 380 510 543 598
83 769
56 363 525
189 707
99 488 833
76 378 611 810
6 280 484 594 951
45 92 223 559 656 784 935
279 346
311 841
41 181 542 693
32 252 766 881
47 477
36 216 408 817
45 130
300 681 706
410 719
26 283 383 705
73 906
166 206 606 851
9 19 139
5 40 88 90
37 106 112 200 921 977
14 17
8 29
181 482
22 75 169 354 473 502 536 806
258 494 538
36 121 146 534
42 78 132 220 359
8 23 30 62 182 715
86 714
6 176 225 226 232 347
19 110
295 710
35 552 775
100 934
30 259 576
24 147 305 437 876
119 247 286 298 448 627
31 179 370
367 396
196 472 663
730 895
116 968
36 61 276 464
208 988
7 13 299 328 549 568
687 922
207 871
9 161 210 308 375 460 531 822 896
185 585
48 103 231 349 508
440 541
76 480 705
87 414 866
210 913
445 622
16 44 65 109 692 945
160 465
307 624
33 39 52 537 681
27 101 224 253 961
20 59 130 187 290 834 979 984
15 458
143 216 817
343 985
207 380 607
86 278 363 546
43 86 124 468 508 759
139 896 993
6 19 72 291 331 893
88 134 273 891
59 62 197
12 273 369
122 173 929 997
143 160
10 60 206 312 377 413 472 764
17 29 103 792
110 170 181 669 839
29 234 522
9 726
22 84 391 808
25 60 519
28 49 55 151 760 970
48 350
80 87
95 138 311
2 78 118 632
120 153
803 860
17 989
20 100 252 253 317 367 511 695
333 366 405 455
57 204 287
865 882
31 297
177 192 406
54 96 509 524
24 39 71 143 584
6 169 514
43 193 472 554 602
106 400
136 192 210 413 631
494 925
9 331
6 23
106 382 582 918
5 111 132 291 540 715
41 910
47 247 319 518 863 938
501 506
1 396 654 772 874
70 363
31 447
82 94 134 496
3 58 118 196 403 438 502 750
135 272 735
66 310
26 289
117 605 808 818
42 211 353 874
154 502
7 24 253 926
158 284
55 283 350
27 61
40 73 105
128 158 260 304 323 520 524
575 600 604
98 730
134 177
34 180 887 996
27 82 427
17 38
86 105 228 278 414 473
4 516
60 74 113 123 203 308 434 542 755
79 459
301 802 879 940
87 110 129
19 45 736 837
415 461
271 611
104 105 148 742
75 122 365 375
12 54 871 928
78 238
122 465
311 757
302 580 635 900
126 137 283 309 564 806
123 702 921
275 894
161 249 441
36 169 956
20 186
258 300 634 781
487 628
509 831 884
16 26 110
37 305
319 968
296 741
55 126 159 194
32 51 274 334 427 468 816 838
3 176 199 251 315 927
158 406
143 291 428
54 69 74 319 433 586 983
95 374 750
33 555 966
50 55
310 716
126 246
55 131 246 373 680
120 761 850
204 258
13 590
247 789
112 262
193 563 755 932
6 54 289 566 691
20 98 108 442 491 704
556 629
3 231 257
180 304
320 364
3 555 807
12 131
50 147 423 511 699
237 258 495 538 560 746 826
150 528
436 821
23 47
91 258 625
2 52
86 153 700
34 40 646
41 931
50 194 908
81 399 566 756
34 770
22 106 614
24 121 229 269 505
23 70 548
715 825
8 222 596
386 428
59 77
52 230 307 906
10 589 640 666 1000
60 179 585 765
49 164 272 688 853
217 626
100 252 311 443 546
29 229 888
135 373 382 419
7 66 572
138 222 263 519
23 251
447 701
101 523 983
107 156 422
6 8 69 245 623 790 830
22 84 188 337 391 400 515 605 759
98 587
405 520
18 631
662 765
525 613 788 841
2 33 295 310 440 636
3 289 300 381
49 151 168 186 583
366 448
3 13 61 205 416 633 868
273 601
224 420
57 102 181
6 27 63 69 101
232 398 418 862
3 597
6 29
177 345 682
31 75 115 296 788
57 104 133 220 223 320 444 735 873
99 199 355 577 897
7 208 282 439
24 58 241 379 557 750
138 404 525 779
77 290 379 499 799
58 551 702
3 5 82 813 850
197 326 365 451 590 980
52 92 304 798
27 114 711
1 22 43
51 53 256 771
12 24 794 851
59 187 242 668 718 783
20 324
83 89 170 427 454 541 556 655 673
39 562
204 560 952
4 13 26 56 338 513 753
15 42 45 65 336 387 568 642
95 440 604 828 844
30 64 105 133 332 744 962
10 46 60 68 464 466
28 824
15 129 136 171 551 723 878 992
190 214 242 457 771
17 48 76 356 477 864 998
53 68 277 482 553 892
46 96 103 215 217 237 675
39 48 103 410 537 555 671 804
663 724
44 90 107 114 230
94 154 174 212 300 329 840 915
2 279 281
60 561 948
103 342
380 454
197 449
90 478
8 12
108 114 573
14 100
309 593
18 80 130 145 259 283 306 613 953
101 262 745
333 920
119 627
25 44 340 464 668 883
75 178 679 724 942
26 110 157
1 214 256 296 558
332 877
26 87 102 115 142 238 438
335 807
213 561
100 698 764
89 876
41 45
101 114 586
131 175 500 676 701 949
163 615
34 266 310 784
149 475 916
27 398 623
74 155 439 554 947
24 200 285 328 495
15 30
165 239
37 107
35 253 834
281 391
50 126 232 644 712 911
191 667
517 779
1 562
10 21
87 127 172 210 917 930
111 308 445 556 749
29 69 250 345 450
21 57 295 576 743
8 411 624
8 967
9 565 736 993
1 959
268 885
40 177 343
285 339 374 502 688 803
15 30 40 182 339 343
28 370 527
26 89
343 462
37 498 720
3 119 517
59 285
6 18 26 72 825 923 942
148 290 493 530
189 684 872
119 122 389
211 795
118 184 218 486 609 637 785
361 760
25 57
14 778
14 15 551
174 232
66 95 189 271 397 462 993
62 119 925
171 591
5 35 314 439
14 155 229 613
69 198 789
486 531 596
55 128
5 42 53 64 145 182 268 336
11 13 668
2 18 68 414 901
935 960
126 986
75 166 606
190 674
613 637
9 49 51 140 271 296 339 650 997
6 176 680
488 929
297 937
20 75
22 56 660
23 575 669
111 161 322 588 918
105 470
70 250 446 536
29 964
188 768
448 705
128 284 998
372 709
6 14 242 251 404 407 450 476 821
55 58 147 240 270 309 437 532 911
129 985
45 82 229 409 454 479 854 978
4 824
21 335 954 992
10 68
75 166
140 150 299 315 485
347 429
102 111 140 153 354 521 867 938
179 362
293 677
189 609
83 370
56 117 188 337 417 614 744 762
528 879
73 172 493 530 691
21 38 652 671
45 313 506 815
2 5 474
77 722 951
124 293 512
33 96
204 952
35 91 533
52 73
85 223 325
11 209 831
97 288 426
4 138 597
163 694 733
618 627
37 441 869
40 52 337 924
399 872
7 112 429 595 969
57 62 80 81 85 157 370 660 713
233 435 612 862
178 185 196 905
7 74
499 783
58 134 146
476 795 987
36 105 216
378 418
4 12 83 88 592 639
20 44 45 150 301 339 559 853
22 56 84 188 409 445
57 97 167 735
115 152 630
46 49
7 130 426
598 869
35 91 601
77 92 229 783
13 122 149 286 298 796
19 20 380 745 843 849
6 23 62 372 709 971
413 561
267 422
18 144 631
192 360 500 560 575 717
1 506
12 30 91 105 148 172 953
124 758
51 728
81 541 609
46 178 196
77 209 267
22 523
321 348
332 399 462 877 994
3 103 146 255 338 721 779 828
128 245
4 9 16 55 251 324 572
20 145 629
279 317
137 209 376 886
211 385
15 691
11 27 61 80 205 217 433 946
205 375
10 25
327 820
101 173
257 349
127 169 353 407 455 461 616
179 264 483 742
3 16 35 96 117 231 341 416 813
66 204
277 983
107 200 202 252 498 661 720
29 32 48 60 69 106 121 147
131 147 174 388 397
231 256 739
79 169 211 459
8 30 40 107 171 305
78 165 263 414
128 158
479 592 912
40 136
398 552
32 34 655
21 25
2 82 145 161 314 375 419 1000
38 93
65 90
447 720
52 80 156 172
103 231 535 537
183 197
11 36 263 383 553
83 187 832 883
4 15 38 161 171 182 274 492 539
128 292 996
85 134 167 204 328 383
420 738
26 124 215 372 607 767
21 31
185 312 920
28 114 341
17 93 658
518 802 898
79 227 343 398 874 965
28 702
22 56 188 281 337
26 129 141 289 303 396 900
64 133 415 449 835 919 955
7 58 572
9 72 384 666 801 893 913 989
108 344 463 646 827 856
108 344 517
10 413
318 914 973
33 96 152 186 463 579 599 827
14 45 119 309 670
277 774
112 497
28 329
136 143
4 28 49 151
301 898
397 529
46 316 698
5 964
43 115 781
8 41 44 100 214 294 374 593 990
5 118 973
32 642
382 480 769
45 56 161 169 180 902
60 869
243 393
20 210 322 441 547
148 209 351 507 543 545
19 255
11 80
87 451
11 61 119 173 353 531 601 673
262 277 297 366 378 774
18 54 152 254 457
219 268 507
6 86 245 778 997
146 295 763
9 88
10 184 693 787
9 36 160 216 499 814
42 393 439 563
158 260
51 100 661
69 419
8 15 18 24 71 156 172
10 948
119 206 234 379
50 235 399
86 981
41 276 278 708 860 910
102 943
88 124 181 420
245 689
61 208 249 490 653 689
8 35 52 336 365 387 596
307 329
88 697
7 235
132 150 274 306 441 565 736
117 394 432 612 809 987
71 318 488 917
505 511
43 164 263
22 212
117 374 775
798 941
27 189
23 861
32 657 664
8 13 346 978
13 25 68 69 90 102 396 640 904
7 132
3 762 842
73 670
12 31 125 362 447 641
41 51 78 248 334 539 976
31 32 47 56 63 392 546 580
116 153 226 254
219 228
226 644
17 29 356 478
15 56 361 581 974
8 30 51 109 274 302 533 638 728
28 61 92 101 133 379 389 816 976
63 71 78 109
39 294
269 468
18 121 144
84 87 126 352 391 526 699 711 892
453 589
175 574
59 95 566 684
20 377 401
125 619
35 106
34 83 956
347 395
1 2 5 336
36 814
17 21 92 127 444
10 13 21
112 178 285
12 65 88 648
26 43 157 302 944
295 576
127 270 582
21 24
109 591
193 509
36 92 116 120 324 803
333 669
404 525
95 641
190 376
5 9 64
90 127 456 573 589 676
16 31 66 259 496 704
19 31 524 685
9 92 182 405 658 700 833 992
18 651
41 313
350 357
452 649
388 489
111 454
791 915 961
583 732
1 497 752 964
5 18 165 170 393
33 344
35 240 533 729
371 375 822
11 357
422 912
1 54 195 312 317 428 665
75 206
342 697
24 66 675 794
3 141 412 652 787
295 950
6 225 429
71 590
3 12 74 151 393 907
364 610
80 101
81 440
5 63
3 11 96 103 168 565
31 421 636
42 213 327 777
118 130 376 402 457
246 908
38 385
44 55 656 712
461 616
190 285 951
236 855 881
11 122
162 266 395 863
98 327 432 453 456 487 676 865
10 291 571
331 520
13 44 148 466 544 567 855
278 508
8 46
10 15 25 743
27 361 475 644 646 737 880 972
431 828
34 453
90 108 462 772
155 199 245 751
68 553
161 637
7 46 240 330 384 401 534 599
355 836
44 457
142 880
13 586
68 183 999
23 751
137 147 283 549 908
121 165
382 515 762
341 616
34 269 529 558 734
120 974
22 56 99 117
264 381 615
29 93
114 753
2 21 60 156 184 197 693 885 924
81 104 386 609 707 994
146 203
19 587
32 77 285
20 35 64 369 662
33 256
59 209 324 653
59 169 401 780
7 154
24 84 281 577 583
2 63 153 183 279 988
11 995
283 664
18 27 144
54 160 272 824
19 75 206 275 842
1 21 64 133 254 731 812 934 967
406 600 714
17 29 176 478 659
19 70 101 786 870
98 127 209 557 703 772 901
11 14 298
526 569
140 483
65 90 98
452 632
28 109 241 515
48 281 297 421
139 989
27 64 125 851
29 73 100 403 485 549
412 864
355 543
119 919
131 492 771 840
49 218 905
131 150 198 240 505 526 542 628
24 31 51 248 513 677 897
84 117
47 248 257 310 980
71 359
241 855
4 49
37 200 620
71 159 284
144 226 788
76 217 247 277
14 489
107 608
81 85 102 458 491 557 757
8 52 171
7 970
9 11 41
34 172 403
57 471
5 180 205 335 392 410 860
26 352
20 276
46 123 224 241
105 156
18 165 484
2 12 139 415
59 547 930 966
99 212
233 837
28 89 323 390 969
12 30
1 2 69 101 227 238 506
288 418 554 590
15 423
40 185 782 889
104 530 730
63 64 153 419 805 982
17 29 87 428
24 146
32 163 235 562
330 888
41 130 926
41 168 189
4 26 159 270 402 707 990
67 514
11 80 622
251 489
39 69 122 227 626 761
63 357
168 508
244 337 739
87 221
318 350
38 292 362
55 112 174 240 423 424 527
234 847
1 944
22 634 683 732 843 1000
22 68 294 302
183 378 650 786
122 227 286 578 603
178 624
10 236 533 579
43 115 521
176 363
27 789
42 923
49 166 540 729
114 578 674 748
458 504
39 485
16 65 98
72 85 120 291 710 904
7 66 235 241 947
31 261 265 701 848
65 98 106
133 467
67 197 785
643 967
5 548 588
403 443
287 717
50 986
19 456
78 467
6 14 62 201 721 907
2 482
256 296 407
112 202 338 522 687
2 5
57 287 394 793 952
55 96 237 491 985
62 568
455 692
257 758
518 895
206 651
125 179 686
2 282
37 490 585
33 103
166 188
313 376
4 28 35 488 800
2 23 116 234 481
76 262 979
21 63 70 317 347 536 958
235 386 931
221 758
1 183
203 384 408
69 114 205 475 592
1 18 213
81 95
5 656 684
78 342 569
16 58 233 655
54 140
13 211
164 220 409
70 81 193 252 384 685
17 29 38 325
16 37 55 109
158 304 727
1 36 52
64 790
236 319 526 569
16 29 709 910 941
630 812
12 959
641 928
42 280
13 180 639
335 452 713 767
175 275 512
15 40 633
216 493 510 546 565 595 679
186 243 416
94 192 422
18 144
24 675
5 139 665 818 836 865
648 940
185 312
23 694 870
27 29 659
513 635
2 11 86 134 826
3 33 96 103 243 694 804
7 10 25 59 290
159 244 857
31 79 82 242 412 532
63 67 79 166 902
23 313 368
166 175
91 725
768 775
504 629
63 133 228 254 791
458 470 556 757 998
34 249 269
9 12 82 978
25 162 274 374 459 603 708 770 977
128 292
22 212 298 400 894
10 97 388 586
3 31 125 128
2 14 99 155 754
160 234 479
620 681
102 157
3 12 316 433 550
23 36 43 94 143 351
123 696
177 195 201 390 411
7 45 58 61 154 379 469 926
28 88 149 238 537 561 774 873 883
11 90 94
106 400 523 683
90 733 882
773 931
84 99 515
12 47 141 206 618
397 619
361 435 938
54 88 135 140 662 672 861
17 18 108
738 817
79 115
42 284 299 539 934
18 315
674 991
14 23 201 250 489 608 700 890
45 80
157 200 275 340 496 877
16 114 389 435 991
125 199 362 387 797 849
4 977
121 239
7 268 290 948
70 271 297 683 760
230 365
636 848
1 33 183 213 754
69 460 588
16 84 233 695 845
4 123 847
4 28
12 17 88 833
177 237 524 829
20 58 195 215 239 302 595
41 657 939
13 27 286 622
43 167 286
203 534 545 738
10 320 394 529 571
4 43 513
18 255 306
32 202 465 558
176 512
50 197 994
17 38 93
3 144
31 120 152 263 348 360 696 887
87 352 916
68 183 193 244 763
221 249 355 389 807
14 27 130 898
648 703
4 25 270 398 785 827
91 104 207
107 522
91 535 652
3 13 198 764 873
13 217
74 75 124 236 244 527 795 859 975
260 381 724 903
145 610 946
62 436
14 70 86 481 608
1 421 686
64 132 145 213
7 8 24 52 67 74
649 880
58 595
15 30 104 171 747
280 754
4 224 338
19 164 559
79 112 202 687 725
12 195 198
39 51 131 947
65 98 432 957
65 787
331 588
53 57 109
104 667
14 250 907
37 107 200 859
9 72 330
116 552 598
35 411
74 118 275 278 284 293 852
522 856
4 22 99 224 264 614 808
382 386 756
50 191 424
67 902
112 221
84 257 886
37 338
20 45 368 559 690
44 345 557 653 667 722 892
385 899
11 198 225
139 460 888
81 830
139 220 221 322 331 496 887
129 157 170 303
11 99 202 341
471 909
66 154 678
76 271
115 459
14 32 62 162 583 749
161 248
10 25 190 466 781 797 876
28 194
172 435
111 216 503
190 317 518
32 427
58 235 288 418 521 581 794
5 145 208 219 835
110 151 340
17 29 93 101 477 811
19 61 94 413 465
160 164 294 727
18 88 165 975
46 178 778
45 48 77 92 209 290 501 780 792
117 269
417 733 744
127 573 628 820
53 76 99 312
10 963
8 35 105 109
97 127 226 453 501 678
21 31 60 516 571 619
1 2 180
41 44 150 267
67 162 385 999
23 120 265 287 351 882 914
10 208 387 402 621 647
97 258 364
638 752
4 37 42 123 143 464
6 186
57 538
50 174 329 368 422
30 473
16 279
160 534
491 555
61 516
92 528 815
51 580
71 120 219 777
602 812
89 541 661 725
83 273 325 342 483 941
811 911
174 564 567 889
26 87 124 129 181 239 289 512
115 366
81 332
16 474 606
320 392
27 753
14 106 126 261 361 364 577 813 970
353 468
19 72 139 255 479 823
13 57 134 392
232 388
26 30 604 780
146 282
6 22 81 132 442 480 858 932 955
70 377
58 219 531 594
15 104 136
1 42 113 218 486 584
33 152 243 344
24 469 554
135 871
17 140 658
40 307 591 594 878
28 49 323 476
89 158 550
13 34 134 153 368
76 262 271 359 550 611 645
67 138
12 30 83 135 136 213
3 39 349 547
66 74 418
282 581
11 34 162
2 118 157 449
76 550 599
142 321
89 110
215 238
108 820
329 345 373 914
29 117 167 455
321 988
67 385 899 965
17 93 430
30 35 189 224 434 909
177 180 333 405 692
9 82
16 184 416
64 933
142 160
