11 16 29 189 686 762 842
80 95 130 177 406 693 705
264 368
53 67
78 86 160 982
138 312
35 397
95 630 881
1 408
225 367 899
8 138 148 155 803 977
10 217 269
15 260 510
46 859
59 537 578
20 274 322 395
69 70 257
35 313
1 205
712 899
5 139 490
269 631 754 862
1 483
3 71
1 3 173 268 675 970
219 391 461 639 736
7 57 112 140 222 324 830
76 78 99 119 155 167
28 1000
64 77 340
88 137 219 319 461 642 847
15 33 49 449 771
32 943
61 101 104 129 197 501 858
39 45 460 712 733 922
87 903
13 206 239 500 507 683 704
129 210
15 601
34 500 790
11 29 200 638 808
5 37 116 117 226 531
53 79 931
607 941
2 15 98 377 476 623 662 986
133 194 505 526 891
53 70 79 90 191 370 529 858
40 162 280
92 855
16 29 738 907 996
264 929
119 651
7 830 890
15 61 68 197 315 527
154 542
108 935
227 404 458 634 677
38 68
74 723
630 806 984
547 814
371 458
148 155 313
30 839 889
102 676
440 526
37 104 187 984
198 237 988
148 977
183 950
2 204 345
131 754
165 283 985
9 50 54 73
56 134 328 379 430 459 918
113 207
7 94 768 878
302 801
40 421 559 864
3 24 294
123 320 837 861
43 66
193 213
63 72 278 541
9 55 258
26 82 564 614 795
316 602 885
109 186 546
15 79 85 115 417 449
23 486 578 707
12 849
103 262 656 674 856 917
195 196
67 488
39 62 126 186 340
491 608 845
455 612
56 90 334 361 606 979
138 148 450 942
68 104 636 973
28 133 168 465
216 258
24 373 923 935
44 216
271 537 954
37 176 245 757
21 436
59 315
23 102 157 317
41 239 281 860
49 234 482 569 632
72 113 207 265
5 8 974
229 604
30 387
158 582
223 579 713
62 87
20 365 952
13 54 122 966
15 22 53 322 478 571
236 802 832
86 534 672 910 955
105 505
6 808
523 761
118 145 366
4 150 394 773
4 336
1 342 712
95 168 249 332
11 909
31 916
137 146 297 662 755
54 289
12 83
3 19 56 136 377 822
26 100 141 142 753 799
18 441
43 286 613 887
31 47 147 260 454
73 376 415
58 536
206 389
71 952
16 29 69 545 686
15 19 270
145 901
197 451 482 763
137 141
7 410
15 771
45 106 187 320 715
248 555
169 295
39 60 126 224 235 379 915 950
176 178 182
74 166 296 336 348 488 563
42 222
4 82 233
56 90 235 320
1 743 827
19 198 623
92 538 727 925
57 222 274 395 962
127 350
51 165 975
1 124 992
91 472
16 565 776 967
11 16 125 217 306 695 854
1 3 65 327
19 43 130 144 337 447 503
82 207 385
37 60 663
90 438
17 193 311
70 138 155 942
1 3 20 214 275 856 992
36 171
241 702
194 448
253 295
8 53 72 154 425 700
25 50 83 424 613
49 67 85 115 267 341 519 589
48 603
257 618
55 476
31 35 192
67 372
81 177 692
184 202 665 681
18 386
6 170
3 41 141 250 375 681 870
168 765
153 314 691
23 236 486 680 802
588 672
44 60 298
37 45 164 309
173 336
47 723
6 130 655
95 223 324 440
28 356 514
193 196 525
48 522 631
93 105 348 823
140 218 512
432 807
313 460
27 121 124 230 936
38 88 290 559 847
28 63 83 121 124 277 401 473
76 731
1 557
349 557 657
48 458 803
45 309 440
86 151 160 303 591 873
57 71 692 833
60 123 162 177 181
266 303 364 583
89 799
7 262
45 97 916
18 209 225 324
137 250 326 347 662 857
88 559
121 169 277 728 906
162 559
641 938
577 767
157 317
40 421
26 103
3 27 327
148 603 803
4 29
257 469 544
8 194
6 69 125 590
36 181 259 287 429 448
40 88 168 319 493 535
7 10 71 220 497
3 401
307 352
603 951
31 201 354 661 724
246 328 349 412 524
661 798 833
91 343 485 667
37 291
20 284 293 540 624 731
288 360
84 219 541
27 294
10 16 71 351 395 548
4 8 25 312 362 737 913 955
227 471
60 549
22 360
11 69
49 473
44 79 278 930
5 36 45 947
63 112 647
131 225 450 777
138 148
40 78 364 644
20 154 548
73 110 172 239 250 318 520
15 48 907
10 57 351 749
69 200
11 200
1 27 188 483
101 236 321 502 845
76 77 364 626 725
466 924
84 113 265 385 425
38 189 315 571 762
23 920
243 365 560
65 722
55 107 861
31 75 111 178 397 481
10 353 566 781 933
3 188
74 152 173 346 432 883
171 209
179 329
39 238 339 426 439
91 162 180 521 971
8 263 281
126 314 352
180 443
144 150
37 263
90 261 371
51 431 472 818 836
84 199 345
93 105 251 579 664 896
10 39 42 208 274 716
220 293
1 3 205 401
109 142 158 392 794
150 580
159 270 355 404 635
55 58 112 169 272 330 499 706 867
26 98 215 515 902 944
81 140
33 49 70 91 108
91 290 569
30 159 305 597
244 900
113 183 203 261 265 614 756
29 33
2 204
87 215 659
148 155
187 428
33 372
82 144 265 378 508 689 700 862
13 266 276
92 298
19 136 282 508
44 184
48 77 145 456
456 738
119 174 961
36 64 86 167 229
1 721
8 100
475 991
38 67 386 403 453 910 973
76 150 645
7 242 293
415 957
167 227
726 937
98 477 903
85 201 505
64 78 99 151 188 363 498
72 84 113 756
32 46 328
204 659 800 841
75 530
312 951
60 130
179 223 247 694 713
16 29 135 698 826
125 232
43 128 437 735 914 988
703 743
165 277
126 153 238
160 213 229
47 74 432 723
30 66 198 355 580
2 944
5 68 104 278 476 997
172 228
92 103
2 98 797
79 875
331 650
485 796 968
32 691 711
88 535
21 87 128 178 260 304 410 574
48 539
53 61 633 897 997
238 859
303 583
44 791
43 94 107 374 748 975
26 156 410 812 824
8 435 682 972
40 669 843
509 784
2 215 797 945
24 73 318
18 114 309 905
186 879
1 3 732
248 913 949
31 168 573 916
120 516
30 66 152 164 247
36 181 263 385 429
24 275
56 532
132 378 774
25 142
247 777
23 76 101 380
372 419 510 547
21 182 232
222 395
260 267 288 571
32 130 186 532
63 94 253 305
37 145 390 678
2 87 304 319 956
13 301
45 164 358 531
23 72 645 671
475 597
545 737
63 647
236 704
16 29 241 349 621 730 969 987
25 674
91 120
211 423 485 517 688
5 245 287 328
37 50 55 95 116 125 128 190 558 595
147 370
111 724
623 954
35 111 192 499
38 49 501
76 90 339
116 363 456 570 630
47 138
397 465 682
13 15 381 627
242 432 987
32 39
31 97
22 422 551 612
579 664
6 383 629
9 258 892
141 433
506 795
179 189 333
2 137 363
269 316
28 33 98 174 379 482 571 789
60 162 843
75 330 348
51 221 411
7 927
368 929
18 74 89 185 435 495
96 245
30 813
813 835
8 101
134 235
12 511 656
46 235
36 95
192 397 796
23 486
54 163 230 668 863
71 266 301 729 910
361 829
69 442 481
48 157 687
33 115
211 443 734
358 554
94 237 447
97 337 370 449 544
43 143 244 718 821 914
98 477 599 616 800
2 36 204 287 386 944
67 360
126 195 302 310 420
15 38 40 61
140 711
52 264 876
19 182 232
19 819
15 34
113 201 348 706 756
26 83 296
163 610
17 124 935
321 411 416 940
159 180 237 338
2 17 742
19 48 66 94 159 745 792 928
51 58
93 330
46 452
52 57 83
12 26 156 389 392 839 849
27 616
344 769
22 28 252 478 719
4 9 104 254 824 884
41 239 326 775 863
39 46 58 126 134 765
8 45 55 663 851
27 342
225 324 360
8 18 60 80 133 190 263 320
745 996
321 499
137 160 184
51 321
173 428
12 26 479
175 766
260 419
152 613
11 17 166 256 364 605
21 128 436 595 868
787 877
76 99 450 615 746
5 529
26 35 587
562 739 770 860
14 433 857
4 25 32 50 92 114 586 737 925
77 78 224
6 29 981
18 116 130 365
64 224
275 557
82 357
40 535
3 24 720
107 467
29 170 173 820
8 18 133
185 246 943
399 434
55 96 556 947
531 699 837 894 984
72 75
282 437
23 457 478
3 987
665 735 844
329 463 570
12 22 622
112 129 165 306
400 588
875 983
55 106 117 133 409 717 765
5 55 122 375 590 717 806 881 905
129 940
53 341
66 621
32 39 109 134 459 471
123 302 407 422 513 525 750
78 801
139 774
108 162
27 349
259 770
4 206 555
165 253 568
3 24 163 230 272
63 467
1 25 188 214 313 342
46 183
16 265 385
37 80 177 190 332 399
73 143 643 978
866 966
169 352 714
70 930
122 413 512
5 18 92
35 65 178 341 652
22 252
1 18 60 181 489
27 56 459
8 201 823 896 994
25 52 255 384 586
31 105 201 251
19 94 198 270 611 936
67 453
78 205 709
325 430 576 926
123 194
4 243 322 548 786
484 552
33 381 393 908
132 139 378
41 50
2 4 32 50 438 459
149 640
703 793
73 108 181 301 376 643
39 576
83 315
40 118
36 64 77 498
67 106 170 200 828
127 308
40 494
14 32 246 380 426 758 891
65 124 182 188 331 617
4 586 696
80 168
19 77 279 400
218 895
2 87 504 532 914 945 959
131 132 391 969
5 96 446 529
2 684
268 939
120 688
46 918
47 886
64 145
62 339
138 225 373
64 76 213 240 407 583 817 873
295 567 666 714 840 906
4 20 886
58 388
2 359 521 616 975
135 166 383
139 161 470 702 754
62 196 268 970
35 155 724
143 146 533 786 993
105 251
7 566
220 480
93 505
96 181 989
120 423
91 343 688
369 893
12 140 955
106 226
62 109 117 171 787
88 308 418 421 637 900
4 582
15 67 85 482 682 859
117 197 234
20 81 243
84 108 162
2 599
24 188
138 148 942 951 977
23 203 642
2 71 262 351 526
107 231
21 176 540 592
10 26 42 131 132 378 651
93 615
174 522 658 848
89 98 504
136 270 286 335 374 491 792
257 495 514 953
88 126 334 380
78 86 729
709 992
77 167 303
359 382 575
34 59 323 468 768
31 35 97 111 192 354 573
256 288 591
15 70 115 527
7 71 132
75 84 530 718
18 291 523
11 16 69
254 272
316 516 587
156 255 479 670
145 151 167 240 697
17 78 151 644
2 29 200 629 698 779
31 35
216 643
12 145 160
40 88 445
9 110 212
371 489
246 334 919 932
130 241 947
12 25 34 89 179
172 278 413 415
193 400 725 963
522 524
32 195 452 760
504 684 927
75 82
59 519 619 783 980
9 122
41 141 212 216 244 281 496 551
66 99 788 815
9 44 281 752 898 993
150 309 605 680 832 855
108 388 418 535
14 73
229 534
106 190 757
109 384
58 283 502
1 27 115 124 388
407 550
34 267 572 632 633 990
424 889
98 841
21 65 999
54 63 80 187 230 490 554 558
17 224 625
242 676
2 569 769 800
76 99 227 279
9 39 134 666
44 54 137 281 764
11 107 730
15 33 38 59 191 234 308 527 814
74 404 470 539
19 72 94
52 189 362 568
49 56 310 334 805 882 945
89 143 254 622
427 853
12 555
64 76 534 697 746
128 142 176
32 90 340 384 524 985
123 187 429
14 44 533
199 385 425
56 338
15 323 381 446
1 13 44 73 143 184 500 562 752
5 36 65 92 436
2 62
10 17 297
106 164 484 581 917 976
48 246 407 677 904
8 12
28 939
38 627
35 446
147 453 640
111 354
34 300
92 424 855 949
27 230 294 373
8 185 433
2 903
634 704 767 831 844
163 205
53 70 127
42 220 962
6 11
6 69
255 545
31 573
28 719
2 314 932
4 545
198 928
151 513
141 299 347 551
175 324 567 777
2 902
5 96 181 226 309 989
13 433
52 103 210 582
152 508 652
578 680 869
39 47 207 338 470
11 256
40 88 290 445 747
30 156
46 356
74 456 513 628 915
107 305 387 502
10 57 284 414 560
101 489
31 804
89 142 285 778
4 25 103
235 439
14 85 451
63 867
562 732
64 310 471
151 213 355
109 153 412 848
51 253
75 84 126 203
128 442
102 572
9 496 581 978
25 392 479 549
5 45 60 117 444
14 528 715
207 530
89 179 515
244 369 552
7 10 20 217
170 383
120 268 472 759 909 968 971
316 367 785 964
108 113 203
10 422 498
8 114
112 416
45 96
161 969
171 359 440 881 894 995
46 170 183 334
2 797
341 393 473
28 492 922 956
50 52 362 649
6 561 565 838
147 762
112 418
9 920
4 92 382 392 778 925
56 153 891
93 117
73 474 585 752 812
278 300 419 510
5 448 726
21 306
428 563
19 107 286 872
12 513
519 611
51 124
23 101
366 516 543
279 487
102 391 520
87 98 965
32 101 182
95 106 114 144 190 208 526 994
366 369
134 471 546 607
38 62 310 380 483
166 200
476 553
35 37 164 373 431 558 815
14 19
96 209 490
312 450
806 851
53 127
12 33 304 511 839
284 322
491 580
273 494 495
5 106 164 320 782
24 349
248 670
35 354 804 865
14 141 211 500 512 637 715
30 66 346 608 872
484 772
192 221 352
168 177 490 861
267 350
117 358
483 741
371 628 831 996
87 438 684 751 986
30 204
3 17 27 143 188 275 458 498 675
32 261
17 64 445 809
14 520
122 347 646 885
58 121 499
112 121 129 210 295 307 647
291 699
405 626 809
116 162 298 669
318 347
21 68 107
150 159 231 447 475 738 788 872 991
47 427
336 358 399 609 663 770
238 452
30 255
66 136 346 516
1 3
31 109 153 313 408 877
6 75 256
10 42 57 81 434
26 620
6 981
6 11 69 828 866 911
46 87
4 319
52 73 283
172 202 289 585
17 167 229 240 302
22 719
391 687
66 136 271 827 936
28 514
19 43
457 758
3 218
158 189 394 773
20 218
53 297 952
167 525
493 847
84 795
227 343 600 672
137 146 496 755 780 948
16 69
99 302
34 49 393
20 71 127 222 365 654 736 783
9 146
88 332 391 572 625 676
10 109 186 196 325 356 439 464 828
240 247 838
17 86 288 390 487 817 958 982
72 207
2 28
23 761
697 982
1 30 132 152 217 236 467 793
9 135 826
466 660 937 998
340 576
6 142 158 238 587 649 656 843
4 889
46 58 195 261 412 489 871 985
42 596 740 814
22 41 44 646 780
13 44 161
292 874
12 50 83 254 304 605 758
33 397
26 50
918 919
140 962
404 821 831
28 46 56
817 873 934
47 296 563 807
22 62 252 268 464
539 745
39 196 328 338 921
37 114 976
159 431 654 851 937 999
1 3 871
34 468
72 207 506 541 614 789
29 135 383 946
264 888
20 38 300
48 858 920
9 14 41 44
71 243
45 291 554
3 214
4 206
176 232 868
1 957
14 41 93 460 870
57 91 208 497
118 382
4 285 753
307 411 416 728
23 199
9 41 77 250
28 658
36 100 194
52 568 753
9 14 54 110 276 375 394 518 766
29 256
89 283 311 329 515
56 195 350 787
9 816
44 122 146
120 211 543 968
85 790 960
234 323 632
18 123 164 249 887
13 86 102 551 572
146 202 289 344 413 455
64 86 160
13 44 119 212 228 415
10 480 967
567 734
136 221 286
221 277 402
183 340 379
180 367 485
32 39 95 196 359 441 921
6 967
275 331 540
12 50
111 139 161 217 593
26 34 68
5 137 326 396 846
5 8 74
360 713
122 146 585 673
59 771
23 842
5 10 20 42 50 293 410 781
269 600
187 406
106 296 470
64 68 544
19 22 107 793
59 61 961
203 357
390 405 594 641 678 874
264 367 922
273 575
131 378 862
6 11 20 310
51 58 121 124 277 311
508 578
11 487 565
367 880 964
38 42 314 356 464 943
34 393
3 675
46 90 252 426 939
3 273
138 185 998
210 556 653 751 980
193 400 604 901
48 231 280 371 387 539 653
21 110
53 251 451 627
199 564
11 69 135
214 275 557
20 81
39 153
41 62 110 202 228 376
33 38 55 95 228 279 399 417 834
453 884
175 533
639 767
7 43 282
1 13 34 191 636 721 761
81 123 259 399 693 972
25 897
8 55 249 705 884
413 444
9 281
784 857
11 73 141 175 262 396
54 619
112 169
40 493
92 158 254 389
81 229 463 624
54 239 301
27 63 66 268 292
157 219 744 850
133 287
242 594
759 776 816
66 116
80 529
420 631
78 240 279
7 52 57 833
120 183 316 517 648 734
70 85
8 342 558
100 133
54 299
6 16
251 798
2 21 65 874
194 999
1 24 327 594 596 923
145 426 938
91 381 517 836 890 983
9 72 216 347
218 965
225 760
131 161
142 156
147 174 372
17 33 266
327 863
11 227 383 403 698 801 810 826 854
34 53 542
38 323 908
37 100 114 359 606 887 894
21 125 374 779 785 810
10 480
48 84
1 342 401 486 610
116 118 151 484 494
530 700
40 108
206 394
574 619
607 658 879
353 600 927
87 98 179 215 582
41 507 528 732
10 18 71 269 351 934
466 699 976
43 136 147 231 270 377 845 912
80 209 531
20 196 284
443 602
95 581 618
297 674 727 749
444 496
26 570 849
182 650
17 555 727 778
7 395 566 584 740 965
5 8
4 70 127 300 544 963
18 157 461 609
115 417
5 386
38 79 115 147 501 547 790
52 108 642 864
28 492
34 79 469 852
6 139
4 329
10 79 140 242 262 322 711
96 106
13 344
7 365
175 202
48 577
26 83 89 133 158 206 597
17 240
37 100
175 289
1 29 327 741
1 27 75 124 294 610 657
220 242
20 102
45 273 382 465
93 105 823
3 24 163 214 617 786
25 89 103 729
24 477
4 96 189 538 701 748 959
47 428
221 353 402 536 653 825
17 390
91 667
13 41 172 276 509 518 549 898
296 336 791 811
671 718 904 907
131 132
14 299
29 821
17 77 390 588 644 742 901
68 451
522 877
15 61 104 197 341
139 593
43 537 580 621 820 822
51 402
195 356 524
18 45 100 113 114 164 209 332
30 97 573 574 775
212 299 375
65 125 178 190 214
18 435
121 307 416 536 556
6 166 604 685
99 245
66 231 377 398 635
261 338
149 270 271 640 820
69 241 946
22 403
49 393 442
160 963
6 166 702 896
468 875
62 90 380 829
553 972
243 262 654
590 685
77 193
84 541
366 552
325 379
67 154
8 123 219 840
170 241
34 115 257 589 598 882 892
73 455 646 668 834
6 99
9 114 171 441 575 581 998
11 110 528 769
233 357 457
9 49 396
190 363
33 70 191 285 468 547 908 990
130 358 694 928 974
144 374 503
110 735
454 980
47 105 173 317 811
115 337
12 26 103 255 620
159 198
31 217
128 617
203 265
165 221
46 205 518
344 528
219 461 744
48 54 276
5 47 74 173 691
79 852
427 883
13 140
23 577 615 707 808 966
9 13 563
43 149
183 246 420
58 210 283 402
110 249 441
18 36
52 679
47 109 219
12 75 357
384 606
180 517 818 893
68 147 223 638
532 829
387 747 954
226 705 726 837
122 228 637
193 689 710
27 182 436 595
439 932 941
36 226 815 924 974
32 39 376
82 199 233 506 835
108 669
57 80 129 169 536 906 953
3 42 353 860
716 931
50 206 248 620 696 773
144 912
118 366 618
85 127 636 695
111 649 796 865
7 223 579 664 784 838
113 425
102 716 744
116 249
19 315 574 591
5 263
4 149 199 333 412
81 560
91 543
158 165
8 184 244 339 834
180 472
16 166
331 868
18 782
168 298 423
353 708
4 54 122 276 299 344 673 957
211 971
2 805
63 66 280 743
215 841
589 611
5 21 36 171 812
3 42 276
114 177 448
113 157 233 377 387 447
178 331 492
577 634
31 97 104 308 865
6 629 911
272 570
22 172 252 523
105 348 622
14 202 335
201 330
77 78 86 127 171 725 809
101 236
87 979
280 491 864
45 177 362 501 553 554
39 238 250 361 543 848 926 979
16 241 902
125 481
51 567
369 772 917
13 14 112 321 612 651 825
388 866
34 49 127 372 430 695 763
290 747
154 370 852
23 25 189
160 224
65 232
55 655
346 537
12 25 50 103 248 424
17 550
208 933
317 566 934
163 212 345 562 739 870
319 493
43 198 282 437
161 217
7 223 247 274 560 584
132 774 923
16 135 204 779
51 411
552 953
101 123
33 59
13 41 427 938
49 79
153 420
220 293 596 830
157 850
35 290 354
171 435
83 515
71 497
81 314 414 497
16 135 153 561 846 946
22 102 970
43 144 152 305 462 503
35 97
46 186 546 921
185 226 249 546
23 869
14 143 212
17 750
72 82
575 772
55 117
318 326 655 898
215 599
58 149
94 107 150 209 335 608 788
149 271
80 332
4 25 394
24 27
23 330 707
38 61 68 154 601 763 789
33 454
279 405 625
247 694
118 369 462 764 878
215 760
20 781
33 59 174 197 300
44 119 755 780
2 31
18 36 660 757
5 89 465 693
48 60 100 639 677 871
10 60 96
280 503
61 191
361 430
191 690 832
35 97 192
569 659
36 112 165 307 352 556 840 905
49 70 350 584 667
422 550
24 431 807
178 232 442
65 117 134 384
258 764
4 83 179 248 285 361 538 876
30 374
16 34 94 135 995
21 65 128 176 306 540 592
205 368 964
267 437 510 701 813
97 111
88 469 900
102 157
191 251
11 29 170 194 730 776
120 121 648
129 295
77 266 525 626 678 720
54 68 82 110 258
72 345
398 819
76 234 583
15 104 462 775 960
103 260 381 973
51 58 253 277 502 792
21 228
8 209 363
9 119
14 119 143 235 301 318 375 507
28 254 514
115 136 208
2 12 139 269
51 129 169
19 30 43
118 273 382 495
389 799
7 222 670
62 126 398 473
22 24 61 337 457 1000
82 199 794
93 105 645
504 805 911
63 93 201 311
29 995
32 56 261 325 452 722
414 584
2 409 638
134 339 576
14 172 668
7 12 57 81 156 272 689
6 11 759
61 155 197 257 690
414 518
142 285
28 42 292 303 492 708 956
13 239 250 520
211 343 602 648
22 28
47 850
24 42 373
184 204 521 708
38 174 211 278 523 836
86 167
58 63 311 388 867
40 45 95 100 116 130 418 924 994
176 481
368 880 899 929
93 661
99 287 720 915 958
16 741 949
22 292
10 895
1 9 110 202 258 650 665
55 100 259 683
31 35 111
154 783
7 736
728 751
13 993
155 259 312
76 224 237 400 487 534 824 844 904
34 370 446 601 892
10 218 692
7 274 822
350 417 419 930
67 592 983 997
98 409 477
119 816
140 749
5 717
120 144 180 710
213 280 703
333 679
30 94 149 355
1 152 205 294
175 396 455
74 173 853
16 561
90 131 161
50 74
85 118 335
97 121 192 233 398
3 163 721 931
216 948
42 243 284
3 21 65 125
24 52 511
150 282
853 886
1 218 475 479 701
408 509 733 880 888
56 134 438 941
23 802
49 59 61 68 85 469 474 488 633 882
396 467 791
152 355 869
8 80 96 641
156 333 362 568 876
6 565 686 981
10 42 57 297
628 671
7 57 208 895
409 959 986
3 681
30 159 462
818 893 909
6 170 200 593
7 264 408 785
460 888
5 466
13 26 119 216 272
7 42 351
237 991
99 364
208 624
61 80 104
54 444 512 549 846
133 245 434
25 59 103 154 337 488 542
12 389
231 346
289 533
325 464
403 742 948
27 163 685
68 454
67 308
59 234 474
14 184 673
92 679
14 172
52 102 255 329 748 913
15 59 104 267 288 519
32 731
40 445
37 60 114 185 434 933
36 429 696
97 326 804
22 478
75 564
81 116 274 480 548
213 746
47 883
195 253 443 666
141 146
6 7 10 131 132 139 161 521 690
19 271 542 768
52 83
74 75 811 879 950
252 304 1000
6 11 136 166 335 827
561 854
65 306
43 174 842
41 62 109 919 926
51 210 940
24 27 709 856
21 125 722
25 158 392 463 511 538 794
151 213 550
244 421
343 885
47 291
187 259 263 406 683
105 706 798
406 989
17 266
423 890
143 376 739
345 357 506 564
61 85 210 298 474 990
237 988
70 333 897
20 740
129 169 825
64 405 750 819
212 766
63 714
79 118 273 710
53 317 687
527 961
82 84 233 507
286 494 635 652 835 878 912
230 958 978
8 609
62 186
368 509 733
30 398
16 256 810
149 271 282 305
111 203
33 53 553 598
3 657
41 142 156 463
21 94
67 78 90 323 449
22 86 292
21 128
37 135 185 245 386 660 782
598 960
101 214
