11
14
11
6
2
10
8
2
3
8
10
6
3
3
1
10
7
2
4
8
16
17
26
11
6
6
11
17
10
4
22
5
1
1
22
2
2
1
5
18
3
8
4
3
2
5
19
13
1
6
9
6
1
3
2
5
8
9
1
2
1
5
9
7
16
4
1
1
10
1
8
15
3
19
15
7
7
7
1
2
8
15
6
15
1
7
14
18
6
5
12
6
25
4
2
2
22
14
7
2
26
27
6
1
25
2
4
18
5
3
22
9
15
2
1
2
2
21
3
12
9
3
2
11
16
5
1
16
9
2
24
24
2
5
10
4
3
28
24
8
3
6
3
4
7
3
1
28
4
4
7
4
5
1
28
6
27
6
4
7
24
18
11
2
9
10
7
2
9
10
2
3
19
1
3
16
2
16
6
12
2
16
5
3
2
5
2
11
6
2
1
22
7
2
5
5
1
4
15
10
25
3
15
14
11
6
15
8
2
9
12
3
7
11
14
3
24
8
27
8
9
8
23
7
23
2
7
3
7
11
4
16
15
1
5
26
4
5
3
7
10
8
8
3
2
5
23
6
2
3
25
17
9
6
6
10
1
3
2
1
5
8
2
20
15
7
1
17
24
4
4
6
21
8
11
3
9
1
7
4
3
4
9
8
6
4
2
1
3
18
2
17
8
11
9
19
8
2
3
1
3
7
7
17
4
16
9
1
2
5
9
28
22
5
1
12
27
3
18
2
9
8
1
23
5
3
11
5
6
25
16
2
6
5
4
19
1
5
5
5
1
11
12
3
15
4
3
25
11
1
8
9
8
22
4
5
15
2
2
23
5
6
2
7
8
21
20
20
21
1
13
1
11
4
3
3
4
24
5
5
1
21
10
5
15
2
4
9
6
7
27
6
1
6
8
3
22
4
2
7
11
9
7
13
7
2
7
20
14
8
9
5
3
8
3
9
1
18
1
5
18
7
12
6
15
5
19
19
2
5
2
19
3
2
2
16
4
5
5
2
2
16
12
3
18
1
4
2
1
28
1
5
1
1
3
13
17
13
5
20
27
4
6
5
2
2
4
1
1
19
5
12
17
1
4
2
14
17
6
8
16
1
11
21
12
26
7
1
13
2
4
17
18
21
21
3
8
7
9
3
1
9
4
14
25
15
3
4
20
1
6
3
7
17
6
12
12
3
1
3
14
5
1
5
7
2
1
3
2
15
2
5
3
7
18
9
4
6
13
16
15
1
12
1
6
5
1
8
3
7
3
21
2
2
6
9
11
2
18
8
10
3
19
15
10
8
23
6
14
6
1
27
22
1
21
5
13
26
23
4
21
6
7
8
3
6
6
7
1
10
1
16
24
8
16
8
4
1
14
12
1
12
28
7
7
5
5
4
27
11
1
3
4
15
26
14
16
21
1
6
4
17
4
8
7
7
1
13
10
2
5
1
1
13
4
1
3
1
13
4
7
18
3
7
26
3
9
12
6
16
3
4
9
8
2
6
11
5
14
2
25
3
2
23
3
9
12
3
18
6
13
7
3
6
11
27
13
7
6
26
3
2
2
14
10
10
27
12
4
1
5
8
2
23
1
6
7
10
2
15
4
10
4
13
2
25
26
15
11
4
8
20
23
9
3
1
2
13
17
7
11
16
19
22
7
2
6
9
7
10
5
3
20
12
13
8
6
13
3
8
11
7
4
27
13
7
18
6
8
7
9
3
6
24
3
15
2
17
10
23
1
1
1
3
2
3
13
4
3
2
1
21
6
24
1
10
23
6
10
3
8
2
1
3
20
3
5
4
1
1
3
4
4
6
15
22
14
25
6
14
7
26
28
22
14
2
19
10
7
10
19
3
4
1
2
3
7
12
4
4
13
4
25
6
9
10
4
10
5
8
13
26
8
3
4
12
2
23
6
9
14
1
18
13
4
3
18
5
6
27
2
1
19
10
6
8
3
1
5
3
2
24
11
18
22
10
9
16
26
3
13
4
7
17
1
6
5
4
5
20
2
1
19
1
12
19
2
20
6
12
5
1
12
2
8
25
6
3
20
18
7
14
14
13
2
9
13
1
12
7
10
4
6
13
7
22
21
5
5
3
5
20
11
2
6
5
14
4
20
1
1
5
8
8
11
4
2
7
17
9
5
28
5
14
14
10
2
3
6
5
28
8
21
4
6
17
3
11
14
1
1
8
7
20
8
10
10
12
24
17
12
2
1
2
9
2
28
3
5
1
10
7
1
2
5
14
11
4
2
1
4
11
3
2
10
13
1
2
2
17
