7 10 140 497 566 933
425 541
17 33 228 304 587 650
660 691
35 397
50 52 248 272 570
8 56 114 164 189 881 894 976
108 243 325 328 388 722
41 212
359 861 937
22 227 252
302 498 746
33 49 197
271 701 703 820
3 30 332
43 121 306 322 451 473
23 557 759 912
1 327
9 125 290 393
70 366 552 566 581
6 23 236
20 71
12 142 362 538 545 753
15 236
157 162
15 174 591 632
655 984
6 18 117 130 291 447
95 117
56 121 165
219 572 676
314 576
3 767
88 108 204
163 657
6 55 144 205 307 799
54 97 141 518 528 549 916
79 257
3 30 107 230 327 462 878
8 21 182 540 837
216 283 295 311 388 556
33 127 191 523 547 983
102 157 609 672 747
2 4 83 98 841 897
33 70 174 300 370 619 763 852
40 88 162 319
3 171 185 188 590
37 622
16 88 351 550 679
18 168 660 905
62 99 227 279 338 390
1 124 327 994
17 227
47 427 432
63 121
260 451 584 763
390 605 729
1 3 863
118 369 494 581
57 952
253 653
63 285 906
21 125 178 232 306 481
330 421 783 920
606 731 787
237 975
46 848
318 396
280 475 635
18 399
30 237 387 398
26 103 250 463 545 770
22 38 313
24 132 172 276
93 105
1 923
79 315
47 74 173 886
578 615
195 745 923
108 843
12 35 90 151 168 224 711
5 274 466 654 994
138 148 450 942
136 149 150
48 914
42 143 410 698
216 258
1 30 209 355
264 367 712 929 941
106 460 733
12 38 154 288 300 761 842
404 871
21 436
239 780
58 254 360 579 739
365 391 488 948
11 170 200
13 599 889
78 719
3 24 27 124 294 373
36 118 476
31 76 111 413 562 718 729
23 236
13 202 612
6 60
66 68 147 154 454 980
27 48 61 568 825
324 436 442
472 885
745 821
1 10 987
484 494
102 157 317 676
9 184 344 512
54 202
213 266
19 94 374 443 708
23 261 607 645 932
7 473
72 376 730 808 823 866 946
76 86
31 916
49 67 104 852
8 171
89 101 158 159 744
111 192 724
50 92 389 620 824
36 164 181
176 540
208 952
66 217 409
248 371 456 489 867
41 83 164 321 436
42 833
68 574
31 37
109 246
313 962
20 489
99 915
26 62 74 204 408 482
57 395 594 856
43 136
3 17 124 196 288 532 702
34 59
26 696
32 361
17 86 99 145 151 266 498 513
149 462
302 487 641
40 100 493 513 747
43 149 198 467 580 822 877
14 240 279
39 86 325
113 345 425
57 692
13 520 665 732 764
15 59 61 154 370 381 449
138 673
38 117 171 309 359
266 550
371 639
2 569 684
173 678 861 896
60 66 97 150 467 597 988
72 80 263 331 386
17 145 151 229 403 487 588
7 20
7 81
64 78
56 173 196 845
54 383 598 638
78 261 697 904
56 134 338 426 464 778 919 986
585 725
1 3 87 183 339 525 873
64 77 422 736
36 55 117
161 354 573
15 131 381 474
166 826
530 714
17 77 78 224 240 279 487 498 605
175 281 318 752
6 229 383 946
12 568
7 395
155 161 593
93 201
146 851
1 709
4 12 587 737
14 250 515 846
223 713
98 215 630 927 986
143 433 739 920
30 69 241 698 883
6 11 36 135 166 808 967 981
477 945
85 130 344 448
266 390 400
3 24 233 349 373 401 657 992
186 452 834
114 116 249
25 29 73 170 911
33 84
242 293 365
282 689
31 35 309 916
21 331
10 31 38 72 77 818
63 666
125 617
188 205 328
2 139
71 293 365 560
198 200 590
96 837
8 55 133 282 431 655 765
387 533
273 575 618 689
399 431
119 504 731 862
14 29 228
12 92 649 778
72 82 134 471 658
123 133 226
53 69 241 256 436 483 658 854
121 169 762 920 940
35 107 139 493
35 65 481 540
333 696
377 537 845
162 559
128 314 524
338 600 634
22 72 259 468 890 977
128 306 617 804
40 421
125 326 331 595 868
82 233 564
224 625
22 435 999
3 214 294 997
404 458
128 182
1 35 41 61 97 585 889
210 416 751
19 30 66 282 410 551 613 793
1 124 214 721
210 388
53 130 267 271 982
23 67
34 482 510 631 638 848
90 412
18 271 423
335 475
27 54 188 248 275 989
27 294
270 577
473 636 1000
4 515 552
172 228 551
496 757 770
134 334 607 829 943
36 434
7 34
8 259
61 68 82 87 198 283 519 704
2 29 223 360 743 838
35 97 397
264 368 509
75 207
82 84 129 541
46 126 183
535 642 666 669
207 425
153 226
1 2 817
85 362 469
25 179 545 555 649
99 982
15 192 812
9 91
138 155 301 450 518 942
34 249 627 842
138 148
292 304 457 478 652 719
44 518
38 453
81 208 335
184 419 547
32 62 186 246 430 459
394 538
210 416
106 643
495 917
4 157 293 480 828
4 9 130 187 209 490
5 45 95 113 976
241 406 614
36 106
88 319 559
29 83 245
48 242 414 537
304 719
14 20 247 282 342 442 933
516 836
12 52 142 218 248 297 325 329
56 156 340
51 169 556 666
20 952
637 957
5 37
43 76 107 144 597
16 338 776
58 307 751
79 451
44 52 123 280 405 445 788
94 107 475
119 933
115 544
175 184 788
67 350 960
21 592
318 668 816
75 84 265
878 991
39 985
20 140
124 188
379 879
146 764
80 899
148 155
87 215 659
66 437
12 206
52 67 85 154 370 595 614
247 579 694 838
22 144
174 716
215 903 907 944
28 484 591
137 555 570 876
5 73 137 172 326 375 520 766 769
10 77 140 242 779 883 934
2 391 687
296 336
7 199 207 265 357
18 245 368 428 529 586
438 439
131 132 774
39 235 339
571 726
404 458 489 539 677 704
225 567
191 523 931
231 305
513 604 605
238 384 471 532
58 295 499 502
5 36 37
101 680
77 405 422 489
220 790
4 220 333
10 71 480
89 421
26 72 265 700
5 434
72 136 243 265 351 357 541 756
33 206 340 471 787
16 509
88 844
7 22 28 97 203 708
467 613
11 147 170 285 319
66 140 355 642 857
19 81 144 159 282 291
91 211 517
43 377
106 161 190 332 490
137 281
57 353 895 965
76 229 513 604 644
5 49 183 275 288 315 379 384 452
40 108 153 286 491 652
478 492 573 874
75 113 166 207 981
10 594
10 20 57 414
15 67 79 123 154 308 800
12 50 89 156 255 479 715
73 507
800 804 959
66 107 335 623 928
250 343 695
8 87 98 477 797 902
5 36 171 287 441 529 887 974
13 244
105 330 575
64 76 90 626
208 297 389
34 123
112 121 212 906
191 378 423
64 817
148 219 601
411 968
6 634
7 20 262 414 560 624
84 345
29 47 69 135 166
8 17 19 201 830
49 234 257
147 257 341 419 636
37 171 717
15 20 57 69 218 497 596
28 956
23 352 645 832 869
8 60 332 351 369 558 610 699 937
621 710 743 793 813
54 301 834
27 483 557 610 675
26 179 646 754 955
4 29 815
19 96 185 427 572 877 986
363 374
14 21 41 143 250 415
18 118
273 366
6 643 996
56 103 153 426
58 121
108 443 445 485 602 648
416 499
53 468
39 195 246 339
4 670
7 28 181 252
9 686
213 809
223 247 777
118 217 218
19 96 146 398 991
49 239 501 665 798 808
18 37 60
32 62 115 238 380 470
13 329 812
194 693
124 163 214
75 614
16 226
14 32 145 232 347 505 617 709 856
183 254 262 275 766
80 190
66 144
32 439
284 736
222 262
12 25 26 50 158 392 913
32 57 235
67 341
32 183 371 420 522 731
78 160
21 113 139 162
9 444
346 954
211 423 602 890
105 201 505 661
32 46 65 128 178 306 426 592
108 153 163 356 859
31 35 168 550
23 486
94 845
94 107 335 936
346 437
15 79 469 814
155 977
11 571
2 409 521 569 841 903
5 63 782
56 114 186 575 993
71 833 934
127 574
2 40
34 59 61 68 79 127 154 267 690
51 165 295 653
15 49 70 127 278 510
34 771
1 251
4 12
3 324 504
388 728
1 24 27 47 294
37 717
11 69 116 256
59 510
289 755
273 369 382 484 494 618
3 56 750 932
4 78 982
89 110 240 372 531
6 29 332
81 284 560
134 546
450 803
94 967
4 26
272 333
46 459
257 930
111 138 155 312
216 260 430
732 951
55 130 187 792 881 947
68 86 193 400 901
34 61 278 308 417
88 493 669 843
90 186 195 522
12 14
10 20 830
7 10 117 297
556 840
537 991
52 87 92 477 563 800 841 959
20 217
250 551
31 66 912
2 773 911
82 218 243 385 519 584
1 230
6 23
1 639
13 73 251 548
382 494
4 74 230 284 333 380 545 889 949
44 433
22 484 618
16 78 145 193 227 400 525 915
217 353 774 862
210 653
6 200 383
2 204 373 944 997
25 92 176
21 65 125
114 770
10 749
93 348 706
16 39 730 926 966
101 722
51 536
142 737
500 716
503 954
16 37
93 105 330 706
22 151 473 507 621 758 767
101 167 279 407 910
40 762
13 41 172 413
68 288 501 931
7 20 293 353 472
58 63 121 165 321 388 825
13 23 122 216 258 562 860
50 495 629
170 565
9 43 228 344
75 199
429 553 908
14 496
120 211 417 423 688
25 27 39 77 456 727 939
47 74 129 428 563 886
58 112 169 180 311 411
22 28 252 514 874
183 631 675 796
108 900
127 598 633
155 603 803
462 608 640
69 779
2 27 87 98 138 581 987
11 16 29
42 404 628 634 671 738
22 62 109 237 305 355 379 430 442
2 29 60 116 133 287 461 744
72 96 113 265 363 530 974
70 176 266 465 811
12 26 95 142 156 179 467 620
94 149 835 872
35 109 192 313 354 804
30 66 456 458 640 821 914
53 85 267 288
57 95 358 441 999
100 263 365 465 705 993
51 191 869
76 77 742
6 11 200 205
153 412 449 830 921 979
6 135 561 759
18 95 120 291 576 972
291 507 918
31 310
268 939
42 58 67 140 218 262 322 497 895
43 237 387
578 802 832
102 249 363
362 394
21 65 284 571 657 711
197 450 523
6 200 946
23 101 707
316 472 734 971
256 609 720
8 36 110 554 752
348 505
48 168 628
91 106 115 563
97 397
71 534 971
19 152 159 237 580 927
153 196 325 342 384
40 108 418 497 998
861 972 985
50 706
12 25 83 222
30 109 152 198 286 340 377 758 978
678 729
34 103 345
20 140 395 624 856
14 18 348 476
43 97
75 199 207 506
32 122 141 216 299 301 662 791
51 129 975
52 89
32 128 182
385 530
126 328
65 128 182 309
53 257
22 28 304 492 713
173 231
10 654
16 18 55 100 166 263
47 290
15 174 300 547
534 910
160 659 945
149 201
39 328
10 81
1 3 27 190 349 401 483 535
3 20 24 208 243 736 820 962
200 383
107 271 286 819
6 11 241 810
54 137
38 350 372 527 638 980
18 693
99 183 340 600 901
7 10 57 190 220 242 365 566 705
31 35
23 60 180 437 772
454 474
152 936
48 167 189 577 831
93 105 195 246
10 66 280 491 793
24 188 205 230
7 20 351 594 616
724 796
12 27 68 93 150 366 486 692
17 250
85 234 858
13 19 159 820
11 135 561
10 53 167 734
27 735
38 63 91
2 350 797
32 46 126 134 150 270 380 384
420 546
116 245
126 462 471
14 73
269 754
339 532
111 127
446 961 973
22 203 208 257 265 919 966
21 232 565 630
7 48 127 151 871
272 949
42 301 495
101 516
579 664 777
65 442
17 672
132 139
790 997
485 885
42 139
8 55 60 80 117 448
446 542
24 687
201 661 798
59 558
58 778 855
106 249
18 168
418 502 583 699 873
65 128
17 77 112 129 210 213 277 321 550
124 205
12 727 855
637 645 812
175 907
90 932
44 957
9 110 172 258 326 512 935
30 166 768
54 811
34 300
158 570
290 847
368 509
274 781
102 219 391
28 268 457
270 872
6 11
2 87
176 178
1 3 24 817 827
196 296
888 899
31 573
136 387 686 792
406 663 851 999
41 44 54 119
39 361
30 43
26 50 255 374 379 389 437 511
5 37 45 287 309 363 529
163 385
7 220 243
7 71
336 811
539 639 671
99 258
120 211
69 866
11 866
92 479
148 603
224 672
42 166 256 305 444 749
14 41 141 182 239 268 413 444
18 112 229 563 620 664 928 943
38 53 191 197 337 488 882
153 859
9 122 402 898
391 461
120 502
31 111 891
33 53 70 147 469 591 884 961
322 353
39 56 151 229 424 438 525 538 546
590 810
704 831
110 512
390 514
15 65 179 184 978
903 959
30 40 276
13 239
41 102 157 317 339
37 181 209
186 380 879 941
8 114
161 969
11 34 49 68 79 334 406 775
60 104 123 164 765
8 133 164 245 972
1 55 60 64 133 168 332 466 693
24 47 249
141 357 364 446
671 831 996
533 673
2 215
33 59 104 179 260 278 555 690
83 142 156 158
9 41 45 55 533
47 651
9 44 110 122 141 769
55 62 102 169 449 553 733 909 996
381 761
160 303 409 626
355 491
157 290 418 642
7 624
5 96
15 38 53 61 419 632 636 783 847
192 251
140 280 377 788
126 246 420 926
616 797
12 89 424 586
41 330 505 823 896
4 824
5 185 641
13 23 101
36 114
30 149 355 768 930
256 303 626
46 926
229 364 487 742
16 29
4 92 142
54 396 627
46 877
64 160
427 428
1 131 139 165 217
6 11 16 99
370 463
18 34 100 130 347 526 782
31 352 402
8 169 210 277 502
214 735
199 233
371 738 844 907
16 37 375
187 520 637 957
1 163
205 741
21 26 595
28 457
51 327 440 940
44 219
71 464 684 917
28 970
54 212 258 766 791
19 30 66 152 270 503
60 187 691 806
5 55 123 721
14 119 396 433 512 646
75 223 225
196 859
11 135 170 193 327 483 826
33 85 983
82 133 207
1 3
80 765
46 75 983
5 81 995
360 579 944
92 189 748
75 84 453
27 709
33 70 95 249
17 151 261
193 236
201 219
120 316 648 667 818
71 934
54 739
28 514
17 720
147 260 368 468 786
274 389 402
109 181 195 235 691 921
115 337 814
64 224 472 534
312 977
202 376
324 567
526 757
14 15 344 347 376
391 676
160 178 194 331 650
408 888
43 398 659 791
9 146
10 322 692
87 97 204 409 945
234 519 960
69 80 164
25 38 49 118 148 197 656 876 908
278 542 882
4 26 79 89 538 773
47 88 319 669 747 807
77 86 151 193 213
131 593 969
110 289 367
35 111 192 313
1 8 194 320
148 312 348 839 955
5 114
142 255 568
3 24 50 63 66 275 992
45 116 157 259 322
45 106 984
51 112 556
435 683 989
292 874
104 129
567 664
2 204 343 893
65 112 352
145 216 784
4 50 156 570
14 562 651
52 142
19 30 107 152 270 447 710
45 57 121 358 654
167 302 644 910
15 38 61 571 762
26 52 158 189 247 272 511 799 838
234 304 364 498 542 641
187 490
4 25 515
141 212 668
43 726 928
156 392
7 443
8 531
105 798
49 93 105 314 353 879
118 382
454 990
32 49
28 316
13 28 186
19 96 291
14 433 677
118 273
28 252 1000
164 448
298 406
116 181
254 901
245 274 705
5 36 80 194 263 359 527 894
169 283
733 888
36 123 320
80 95 171 476
9 20 137 141 146 185 237 299 496
259 413 699 846
19 431 508 872
9 127 393 488
3 77 230
94 132 269 862
88 372
17 725
499 647
70 212
109 261
9 216
27 918 950
84 167 224
253 978
34 46 49 68 134 328 361 380 979
5 8 100 185 190 604
96 123 526
32 39 46 356 430 524 532
1 4 33 51 207 359 377 681
292 478 492 622
1 275
96 429 924
139 378
14 73 500
129 283 647 723 924
78 254
125 947
50 748
45 170 211 298 363 939 998
170 686
22 970
2 9 119 215 375 521 599 786 805
48 456 821 904
36 54 90 295 422 522
45 100 181 553
15 323 474 795
5 11 16 99 135 197 853 984 989
202 244 276
305 621 623
73 223 329 361
72 199 370 459 564 829
73 681
39 91 180 971
132 503 508
9 44 518 612 870
93 105 201
21 125 176 232
59 61 68 446 960
17 76 306 760
32 56 85 238 452 522 848
537 635
10 182 294 412 469 631 720
80 104 116 315 419
85 501
21 182
12 178
6 11 16 135 166 854
98 136
9 40 62 108 162 559 900
202 740 915
8 22 142 560 785
113 143
74 218 336 432 496
25 26 92 179 824
58 283 940
116 655
56 84 100 102 713 751
48 167 625
90 576
180 343 517
47 445
38 80 134 190 323 411
2 225 244 384 816
63 143 221
336 432 712
18 106
213 403
4 97 156 272 582 674 966
47 162 298 651 807
48 718 738 914
76 77 78 193 303 746 963
150 703
6 16
554 887
16 383 776
41 73 175 507 628
10 938
91 120 180 398
51 416
8 111 120
10 297
115 152 208 262 351 410 596
19 447 580
51 63 277 840
92 549
25 48 103 463 511 674 949
35 194
684 927
86 145 231 407 583 663
163 230 965
83 89 104 115 300 482 858 882
25 214 373 992
146 172 276 281 898
49 104
116 133 177 476 630 726
7 70
13 110 228 251 270 857
225 694 777
21 178 232
35 84 203 724 865
13 301 500 715
26 254
2 5 75 255 292 521 612 786
10 566
273 495 552 917 925
163 466 540
52 103 753 763
293 297 740
6 10 711
89 158 794 847 849
30 238 346 387 768 813
51 58 527 536 728 756 867 906
100 177 185 226 509
674 789 913
2 6 87
58 63 121 225 694
4 206 727 876
717 819
60 190 399 531 682
396 688
1 342 458
19 635 988
40 47 296 418
76 254 678 963
25 255 392
44 143 214 500 520 544 611 752
39 334
251 348
155 803
124 147 360
22 111 192 354 397
480 548 781
9 112 143 318 870
64 86 400
94 171 346 398 503 608 701 936
81 410 981
712 785 899 922 929 964
62 261 921 950
30 35 50 82 311
40 88
248 849
42 264 460
52 83 169
350 519 973
152 569
104 279 758
49 53 61 337
48 577
219 850
59 124 197
46 941
33 323
118 136 149 150 159 231 381 743
68 104 234 311 393 542
8 102 219 554
18 36 45 80 133 531
74 432
146 202 244 528 549
139 161
173 723
71 244 253 647
310 407 555 750 807
119 596
22 203 506 544 564 905
225 324 360 760
17 390
317 319 609
52 103 839
131 132
89 206 285
63 284
3 11 24 27 47 923
115 775 961
14 239 318 392
1 554
69 150 154 209
307 975
29 43 69 173 198 374
251 313
46 81
15 33 53 64 308 875
6 68 165 276 352 491 523 536
1 3 24 27 163 205 342 349 987
157 461 572
582 855
170 241
5 15 527 771 789
203 564
12 52 799
74 350 427
38 267 337 695
656 925
76 99 302 364 403 588
274 895
11 995
126 613
92 222
28 34 315 474 956
131 217 269 378 725
3 7 40 415 524 929
107 136 159
94 273 470 703 883
59 64
84 113
296 460
452 535 864
13 76
417 488 858 892
103 394
8 37 226 837
264 408 880 964
42 140 629 702 759
174 892 930
164 206 362 679
16 779
23 25 58 113 475
90 310
82 203 222 884 965
18 998
31 35 369
343 443
253 277
75 795
64 240 277 405 938
62 235 606 787 979
45 177
89 189
33 38
112 122 349 815
27 336
5 185
70 544
4 206 389 511
629 995
1 176 373 863
33 611
37 287 660 685
13 175
15 42 114 128
2 55 95 806
32 62 109 134 379 438
4 48 98 117 210 536
93 105 161 330 823
19 24 43 96 136 608 792 857 878
6 685 842 852
9 13 665
18 782
91 114 221 307 485 954 968
2 805
33 59 134 341
3 401 935 967
272 392 546 683 685 822
539 844
73 264 367 368
18 91 120 516 890 893
175 281 780
76 78 227 279 748 750 873
84 233 295 493 700
382 772
40 159 689 835
479 925
4 83 260 515 696
2 39 394
14 126 131 132 281 375
10 109 149 220 315 548 875
21 346 670
65 232
42 220
11 55 69 85 259 526 565
278 372 501 774
25 65 103 568 582 955
88 864
52 285 886
317 687
23 101 112 321 615 680
111 188 565
280 305
28 334 340
72 583 700
40 429 794
167 364
130 386
29 241
268 292 970 1000
137 299 376 948
15 814
2 162 204 504
113 541
15 70
45 86 525 892
223 567
8 114 187 440 459 465 543 558
3 25 189 670
55 181 905
26 51 633
100 880
110 138 159 276 281 455 562 816
17 697
35 97
95 367
43 51 819
3 253 275
734 885 893
1 21 42 71 81 141 584 868
47 195 435
47 74 673
575 772
7 44 274
4 644
68 174 316 341 454
13 528
64 107 262 266 697 809 865
101 615
354 397
48 740 902
6 730
11 46 98 165 171 172 263 278 589
891 950
53 61 790
7 214 264 269 434 559 607 836 843
17 99 193 405 583 588
46 153 943
24 721
597 606 801
160 213 240
90 576 829
192 796
56 62 235 310 314 352 964
122 401 754
20 781
127 482 589 601 931
4 130 179 586 962
366 953
63 115 311 499 714
77 160 742 801
37 209 259 486 826
29 698
354 573
180 909
2 98 477 599
85 451
70 337 453 468 990
48 767 871
61 191
44 449 633
277 646 897
81 136 470 827
59 67 104
10 242 243 464 480 490
25 329
57 208
8 106 440
13 177 320
4 83 116 158 289 438 990
20 42 200 535
38 53 67
143 376
3 109 235 310
74 173
268 326 723
45 83 86 97 105 213 956
174 233 314 534 894
75 385
117 226
53 908
3 92 188
50 312 603 951
271 374 652
112 221 321 402 548 825
24 342 958
37 60 106 123 132 168 863
27 349 610
109 312
58 211
14 72 357
184 444
12 103 424 582 679 773
17 448 801
91 517
119 184 202 212 228 668
5 60 386 465
82 221 714 867
67 211 215 574
129 231
557 675 741
22 28
395 584 884
381 716
43 198
42 57 222 395
19 160
22 28 268
521 547 574 601
94 271
41 172 860 870
93 661
72 113 203 345 403 530 708
62 426 741
366 581 835 953
141 212 662
62 126 238
138 942 951
37 158 167 333 656
422 746 976
178 481
780 805
539 577 718 904
36 95 234 543
91 516 517
25 26 255 737
5 45 117 399
209 682
48 677
74 173 470
143 299
8 924
282 701 912
57 578 849
252 622
98 162 169 424
180 543 600
82 506
39 356
14 326
3 24
103 755
4 21 65 176 331 650 958
16 561
785 880 922
428 853
196 247 324 338 985
5 31 52 78 155 298 320 935
90 238 412
102 850
9 31 41
74 394 869
248 285
81 85 385
7 29 140 218 828
31 74 296
168 429
118 441 552
161 710
323 632
23 802
19 144 280 286 623
145 938
9 119 137 146 455 846 948
198 827
24 33 61 510 771 973
329 897
367 922
41 73 347 662 715
177 246 358 431 457 481 813 864
31 111
32 420 919
125 128 868
101 343 445 578
95 131
5 19 177 357 358
269 969
12 26
32 435
78 129 227
63 165 840
17 64 240 303 809
138 184 244 755 896
572 850
587 753
90 261 361
2 8 34 39 67 88 317
325 464
100 130 187 245 263 358 434 663 851
45 757
131 132 378 593
408 460
120 129 165 407 479 667 968
98 756
59 393
508 580
344 455 514 764
82 84 199 345
161 492
79 206 303 425 627 994
110 135 784
50 71 463
23 236 400
23 707
79 619 794
194 298 553 887
44 137 375
79 156 256 362
34 421 875
2 55 558 881
818 836
2 98
478 913
115 147 341 598
204 569
29 911
30 359 822
640 988
23 486 680 832
29 309
347 681
221 728
8 399 440 529
41 44 122 585 643 898
316 688
21 125 722
34 735 745
133 441
6 16 65 69 135 382 506 611
524 557 854
253 307
96 683 815 937
144 150 231 447
108 290 900
236 802
59 115 267 372 589 775
49 67 191 260 267 453 690
38 67 308 323 695
96 947
175 299 415 834
5 94 287 308 508 592 891
485 648
45 87
13 54 91 533 543 602 667 769
761 789
46 56 126 195 196 439 828 918
71 119 122 549 784 963
6 197 702
3 102 461 619 625 744
466 682 853 953
139 217 378
73 528
39 356 415 439
189 417
40 239
209 320 909
36 177 386 974
247 760
658 865
44 86 137 154 551 732
54 152 215 289 393 616 993
70 783 980
649 839
87 148 302 386 707 902
51 221 411 776
1 40 93 110 199 242 252 356 958
11 194
86 145
50 83
29 144 147 286 335 561
369 371
42 269
7 414 749 806
9 44 122 258 289 455 860
16 222 833
2 504
233 795
186 334 396 810
