19 154 184 293 335 579 749 772 924
7 9 52 205 362 801
10 16 17 52 352
59 299 367 397 500 564 591 617 738
73 245
10 11 43 91
35 65 179 745 910
22 62 256 312 324 457 476 598 869 967
1 6 43 158 192
5 268 282 388 422 516 540 609 936
20 44 155 495 622
13 23 39 72 566 853 929
9 131 189 867 939
10 45 53 123 635
57 200 545 884
15 466
49 65 208 225 539 837
108 314 696
17 20 28 470 537 542 866 870 938
45 67
243 304 357 396
143 206 441 721
150 227
112 351
1 18 489
62 80 112 167 191 373 477 562
382 455 791
71 186 275 536 958 992
9 39 125
10 124 274 565 787 929 940
6 28 98 126 579 829
66 68 106 157 401 465 713
30 188 196 426 497 555 898 932
38 74 220 332 376 399
25 130 442 699
9 233 485 640 691 919
6 19 29 284
6 213 785
110 171 395 560
9 390 433 559 610
271 281 482
13 77 341 421 621 630
2 243 253 260 587 761
114 430 514 659
21 242
11 16 75
49 286
35 119 136 190 204 354 367 469 717 900
9 35 256 408
19 167 235 349 573 589 992
22 203 228
1 211 227 663
107 148 165 247 272 280 590 783
4 47
62 236 351 487 553 885
36 770
8 22 34 572 581 613 678
39 65 230 871 938
101 105 444 875
424 515 967
6 160
38 46 139 149 164 220 299 730 888
13 385 710
863 937
2 16 44 117 148 374 585 608
46 50 85 89 128 364 526 779
41 59 367 881
8 17
632 857
147 712 750 866
311 867
289 612
88 173 194 229 551
28 40 138 275 494 593
33 431
4 474 760
8 16 17 138 409 563 889 925 939
22 152 182 288 309 330 771 894
117 183 337 538
172 269 285 366 652 692
20 46 290 378
78 384 437 860 1000
41 329
359 584
5 325 732 848
1 116 129 186 304 626 815 858
250 494 711 739
384 487 708
26 31 36 69 253 389 402 473 668 981
50 99 424 487 653 738 872
18 217 575 670
47 292 568 578 633 707 860
13 479
10 46 138 381 443
285 429 770
1 53 88 93 663
49 55 286 319 980
121 132 352 475
12 176 273 300 727
1 238 250 279 292 332 899
13 75
181 210 227 311 323 484 604 698
28 811
380 438 663
262 462 496
152 338
3 6 29 72 662 741 808 987
15 632
9 22 203 331 439 469 965
80 384
18 56 461 640 796
14 28 57 90 200 417 499 511 593 891
56 64 892
113 123 328 825 951
9 26 32 777 866
30 168 326 353 698 884 922
119 182 371 380 592
180 969
7 84 143 274 368 388 790
364 915
7 151 187
121 144 233 492
79 151 219 466 737 832
2 533 694 748
64 87 216 783
202 587 603 788 902
111 269
18 26 473 607 863 937
5 68 91 95 157 171 254 409 433 435
18 32 81 245 359 361 648
67 107 123
131 262 370
23 56 70 72 404 498 631 883
22 222
15 734
25 216
58 60
154 295
13 54 83 158 830
168 281
3 6 19 169 329 646 927
4 529
348 481
201 984
19 33 67 128 177 276 861 970
356 382 455 650 969
64 221 231 242 354 688
506 526 766
7 32 70 253 361
111 345 520
43 81 387 694
17 137 138 364 528 567
50 108 179 314 456
70 680
4 41 290 501 709 788 795 954
116 294 304
40 91 137 681
27 86 177 330 336 391 731
77 153 178 224 390 857
3 6 252 772
130 289
52 483 568
59 124 222 603
33 237 541
53 325 336 504 611 766 911
525 793 807
259 412
348 415 541 611 805
6 72 191 222 237 563 781 928
342 544 579
4 29 104 167 378
66 131 296 358 545 906
160 224 234 393 630 735
28 78 292 738 854 916
31 71 159 195 219 467
157 606
22 24 191 321
19 171 277
98 119 149 206 222 223 284 457
1 3 63 211 287 477 658 746
15 79 234 606
580 923
178 215 343 402
2 23 44 97 183 269 520 563 649 774
48 57
56 453 852
4 66 162 171 472 516 556 998
16 318
19 584 855
71 162 263 344 459 578 710 809 959
19 80 126 152 322 411 816 953
147 395 451
26 70 73 176 221 453 615 995
84 146 268
100 267 451 459 524
13 118 260 364 546 763
8 16 207 409 780 915 955
19 126 151 232 259 446 463 490 959
45 70 73
282 806 921 985
316 490
242 247 447 591 740 827
15 55
21 52
43 103 160 566
4 47 290
436 473 639 674
189 695
265 306 315 475 960
105 121 317
10 46 75 83 123 166 385 493 567 583
56 81 146 217 844 995
92 100 195
26 97 155 226 337 561 947
28 102 129 162
4 41 334 377 419 897 976
66 102 162 516 527
152 249 532
174 224
255 471 474 886
265 352
95 106
2 326 551
5 51 66 325
45 89 123 305 314 320
111 135 186
25 530 723
27 968
13 113 144 323 464 823 915
118 267 451
60 151 463 664 757
2 131 262 407 533 652
15 79 187 541 704 737 805 975
131 189 262 462 496
228 644
193 263 302 400
382 554
41 120 962
140 309 545
27 171 225 452 759
113 328 451 480 577 763 834 944
2 695
7 26 146 979
7 18 56 81 239 461 736 802 883 995
75 904
51 57 201 414 437 589 651
2 39 64 75 120 254 283 945
105 265
95 472
657 699
20 47 378 798 846 982
173 604 643 836
121 192 265
515 662
3 15 55 69 272 497 519 793
38 59 86 228 617 686
11 17 83 305 660
110 295 432 890
88 300 449 576
14 57 59 339 341 371 450 797
131 262
29 160 605
8 15 82 215 334 537 729
156 608 988
35 36 65 161 190 248 447 745 834
41 709
27 97 355
13 16 17 54 679 762 862 925
4 445
11 16 17 40
119 182 397
48 115 512
42 170 277 504 716
29 261 935
39 40 46 409 627 669 787 925
25 213 281 386 530
8 16 40 83 207
133 308 978
21 42 285 465 535
275 847
33 45 58 307
232 767
11 32 298 302 362 432 810 899 952
5 277
2 150 289
85 292 442 542 558
71 135 136 243
27 38
492 704 966 989
5 42 95
34 52 64 231 311 460 624 645 688
7 22 204 210 327 360 1000
20 27 564
33 635
28 78 120 165 297 298 441 927
12 80 106 112 148
25 60 87 94 785
7 56 672 952
2 43 108 439 561 880
18 26 27 32 37 74 239 391 743
289 420 521
346 671
20 104 376
34 49 107 416 429 572 688 827
375 726 809 819 999
30 172 196
23 72 362
124 251 291 427 434 547 566
32 84 240 258 655 997
85 108 838
92 100 133 574 634
5 102
21 52 507 588
35 52 59 201 342 478 493 582 906
5 21
6 356 413 418 684
94 281 288 618
161 247
13 46 137 409
223 367
903 910
247 620
1 4 20 47 187 284 296
255 372 374 427 471 531 601
19 28 129 164 184 400 843
283 691
18 233 997
37 122 282
10 39 40 75 182 207 266 320 364 381
53 89 179 657
193 448 654 797 895
4 798
73 221 877
549 682
347 420
68 325 609
249 296 319 574 908
398 507 551
383 898
327 564 617 741
172 849
549 694 792
9 70 124 197 746
11 46 83 339 523 740
1 746
24 155 318
172 273 956
8 113 118 267 660 779 909
23 51 92 124 676 705 747 789 906
24 87 183 651 690 850
23 24 760
1 600
90 377 468 990
10 17 239 877
5 68
128 139 255 547 614
38 132 145 330 592 856
79 131 429 598 625
13 401 998
15 66 79 891 975
62 985
17 83
405 858
69 163 278 522 859 928
73 197 247 350 428 801
32 127 557 623 674 767 983
18 37 67 95 399 453 997
403 497 724 922
41 290
2 12 155
25 782
25 60 136 216 839
88 111 172 244 273 652 816
168 199 231 362 473
170 347
24 28 85 86 293 588 988
231 280
169 185
323 520
104 715
102 182 540 582 592
4 376
35 54 230 300 303 868
77 91 205 491
48 140
136 414 558
35 58 59 65 122 369 380 415 982
61 73 145 234 874
133 308
4 14 51 200 476
90 168
342 558
50 67
18 32 70 176 245 313 410 711 842 971
21 507
163 716
18 489 778
386 569 782
36 38 52 86 130 257 447 873
71 626 742 815
52 107
214 605
34 52 153 415 597 636 665 768 981
4 23 63 101 104 374 945
45 53 272 706
22 228 367 603 644
38 77 786
7 45 84 176 197 743
113 267 577 944
42 407 864
36 130 264 278 397 427 522 853
312 373 452 550 602 921
19 92 195 308
62 80 101 112 373 444 456 572 872
134 154 250 406 446 474 667
361 392 802
80 101 256 444 780 907 985
53 128 307
41 47 501 994
25 838
65 408 597 613
508 771
423 848
103 185 676 812 932 986
10 17 40 89 108
78 115 164 284
9 191 233 239 245 269 428 754 931
2 12 97 148 933
63 96
302 437
291 757 761
15 40 80 101 373
65 102 230 264 356 460 871
30 61 214 280 349 799
145 987
4 41 445 715 722 896 897 962 994
21 42 255 590 614
55 553
135 175 202 845
2 12 226 513 538 850
58 67 177 314 851
76 188 310 751
42 52 162 210 289 401 452 483 917
16 174
15 430
119 126 165 335 552
50 112 456 780
14 48 50 539 590 651
55 205 234 481 498
22 227 881
39 46 166 275 527 755 951
138 509 574
60 213
69 114 283 389 793 796 973
130 517 719
172 326
487 708
69 261 286 638 642
20 41 208 683
82 632
7 19 251 259 625 816 843 855
25 94 157 377 599 931
170 180 356 413 542 689
100 195 509 822
21 113 242 588 591 827 859
31 130 150 351 442
92 100 116 257 580 980
68 102
45 89 105 346
19 129 441
96 175 543
404 681
7 21 436 568
150 211
21 109 909
106 313 472 777
44 50 108 177 183
406 464 598 616 733
18 56 176
173 956
14 258 345 488
35 80 235 312
41 47
7 9 26 37 73 84 217 559
118 127 379
380 546
7 32
2 513 776
25 60 569
20 760
35 316 674
1 110 125 154 436 544 571
251 434
15 49 77 215 272 505 514
17 34 87 530
36 130 170 181 227 678
125 983
13 583
30 226 468 724
646 943
289 360
12 43 81 141 206 222 229 257 762
35 408
2 24 76 117 148 155 224 246 321 355
586 861
2 744
77 261 534
134 143 166 741 743
37 55 73 141 399
14 158 270 282 646
3 44 98 103 390
64 107 161 231 242 507 909
36 228 229 248 910
21 32 37 64
13 105 862
102 110 244 454 959
27 466
240 835
99 236 885
33 50 85 123 343 484
6 287
333 357 518 539 596 822
11 39 41 60 266
24 77 148 150 151 158 198 317 479 989
57 105 140 315 534 729
6 29
2 12 25 94 105 180 216 920
21 113 147 161 483 578
3 103 160 252
221 283 887
8 46 75 88 418 593 621
90 210 449
26 37 961
101 127 313
101 122 178 192 312 832 869
8 142 187 229 254 261 502 887
686 717
11 30 91 124 181 188 266 493 799 948
37 206 754
157 673
33 43 67 98 123 177 185
1 30
49 69
28 120 129 826 983
333 581 972
147 248 267 577 712 818
438 581 647 687 703 948
14 16 51 102 488 589 675
37 81 146
87 266 764
163 601
11 30 57 198 319 772 870 884 984
23 76 465 503 840
113 118 174
5 23 26 72 471 781
8 10 32 74 84 125 138 239 378 904
8 14 87 213 567 718
264 600 842
55 59 114 151 398 481 734
51 142 341
31 972
55 735 887 975
13 16 39 46 124 138
148 947
24 44 54 97 117 226 317 403
1 3 23 49 279
9 74 81 842 847 856
9 14 165 292 350 411
273 300 307 326 604 727 771 836 851
181 347
19 93 211 295
34 64 107 108 126 161 588 677 941 946
63 96 116 135 186 243 260 518 596
106 506 510 765 931
104 445
122 701 821 988
10 11 40 75 166
10 377
62 112 167 349 483 573
8 16 40 83
95 106 149 162 454 506 535 998
48 417 545
223 269 576 725
388 641 878 974
96 396
288 350 532 721
241 282 365 408 495 657 800
20 48 121 376 675 731 817 851
18 26 423 958 960
14 510 606
2 76 85 108 123 346
159 455 486 554
179 331 381 624
24 398 758 875
124 311 374 440 886
102 157 162 277 435 673 917
240 485
31 63 71 116 220 336 396 463 991
9 56
11 91
562 872 992 993
241 264
50 189
8 10 45 212 221 245 314 389 680
12 16 246
3 212 943
274 648
140 201
43 98
204 209 238 371 880
18 26 37 143 175 423 485 586 807
2 12 93 549 585 935
34 161 416
39 46 85 138 293
34 602 781
196 199 394 410 505 647 687
62 85 108 123 128 276 307
61 65 158
20 425
132 214 358 605 792 874 897
641 692
22 24 206 250 287 299 711 736 844
278 405
78 165 344 584 700 826 965
3 6 29 48 103 130 287 814
30 383
31 71 253 338 357 414 543 963
531 565
25 764
3 43 103 185 252 756 812
4 529 683
5 66 102 556
12 353 585 649 758
133 634
6 98 169 918 926
27 220
35 230 404 523 593
5 7 48 510 654
7 37 52 143 206 217 591 648
127 218 379 490 557
163 241 278 291 594
736 755 863
6 315
11 91 762
120 616
34 52 107 161 568
87 281 893
10 16 46 61 70 334 363 418 610
71 253
14 296
23 149 181 326 327
93 144 145 402 536 645 824
1 175 202 219 587 865
100 133 195 574
90 188 497
3 6 103 198 474 548 977
316 379
22 119 331 537
152 720
7 313 375 607
74 84 410
184 295 400 494 739 821 912 942 953 970
272 989
33 347
154 232 811
1 813
27 86 817
538 913
17 139 322
121 129 173 306 391 633 725
19 56 344 420 463 942
131 407 968 991
33 181 521
40 53 76 212 271 307 346 696 879
11 75 91 137 882
188 383 403
33 691
126 185 255
70 288 508 778
5 56 66 480 777
30 188
467 775 837
54 109 222 238 278 482 629
370 864
21 27 31 178 570 791 902
144 438
31 159 180 372 413 928
26 56 84 835 919
141 319 332 754
93 424
934 960
183 461 670
292 412
31 63 902 972
11 54 189 528 749 950
246 649 831
5 66 106 268 513
29 43
187 259 458 481 498 502
35 460 639
49 79 82 141 692 786
303 478 745
19 36 76 109 322 345 707 835 868 924
71 92 133 219 243 333 458 528
10 65 213 546 597
49 132 605
8 109 261 443 918
34 159 327 382 413 542 957
63 135 304 923 942
103 548
137 252 300 519 900
440 789
6 178 659 898 921
68 250 435 510 512 526 848 970
179 230
11 16 499 804
263 406
53 571 742
54 75 190 525
12 44 97 317 595 682
111 323
92 133 270 308 321 509 539 594 751
10 13 17 37 115 266 433 621
18 575
5 604
59 354 500 662
22 59 191 354 371 439 457 594 686
51 731 981
22 43 342
28 165 809
216 265 352 934
10 119 238 354 469 905
183 246 337
81 240
2 700 912
189 226
42 113 147 248 267 328 504 763 834
11 40
97 183 246 748 751
22 59
1 30 211
4 529 844
58 104 123 366 482
11 80 167 456 598 873
2 192 360 442 668 911
12 82 138 207 321 435 622
68 95 401 454
2 12 77 116 208 209 397
9 87 146 375
4 31 170 205
17 105 121
71 92 100 978
33 271 606
19 263 810
225 348 369 393
285 366 643 803
72 114 426
21 42 68 189 527 732 768
118 410
3 6 29 43 110 160 519 548 756
19 120 164 263 290 757
99 236 372 384 405 713
5 42 68 171 526 540
34 58 363 882
139 843
36 119 360 517
140 263 494 769 868
115 139 244 297 322 841
86 222 330
208 215 491 665 936
173 353 366 601 693 849
116 243 536
38 232 391
120 340
112 562
18 84 146 176 807 854
219 619
933 961
27 47 220 994
81 134
55 79 273
235 351 653
9 23 237 440 471 837
67 320 775
61 82 343
249 257 288 448 519 720 888
33 36 85 210 305 406 668 719 867
29 76
251 761
14 20 92 203 677
3 20 47 129 297
180 996
114 143 426 491 541 630 770 973
47 501
29 132
15 69 79 99 491 638
16 753 882
5 76 88 268 465 472
464 893 993
147 152 508 511 720 800 833
20 856
23 147 237 547 789 823
9 26 32 423 640 672
21 51 112 153 209 466 514 636 673 735
65 230 460 550 600 624
186 357 619 815
22 36 119 223 299 517 570
20 236 713
13 37 318 377 950 964
15 77 82 178 301 388 425 806
259 306 352 387 616 953
22 167 351 661 869
82 151 805
136 186 294 518 788 963
3 13 16 17 98 315 812 926
233 861
400 412
17 54 133 190 523 583 681 784 889
112 661
53 58 380 903
74 117 155 533
176 453
63 96 135 357 596 659 963
819 900
3 169 819
95 174 215 665
30 131 197 407 428 496 765
93 153 641
42 162
99 153 628 976
27 57 144 217 279 324 559
58 89 249
30 555 573 602 990
163 384 854
149 457 469 594
15 187 421 729 786
26 125
258 623
39 82 109 156 393 737
36 181 192 275 570
35 493 666
303 719
6 29 55 174 192 421 503 656 808 977
36 85 150 200 570 571 578 679
24 44 194 503 901
13 16 418 470
6 29 98 103 207
10 122 137 166 178 254 261 523 955
5 34 64 107 498 525
43 287 439
113 577 795 951
3 971
28 115 154 726
1 74
27 32 38 330 391
42 106 277 766 917
38 86 337 817
60 370 765
402 896
2 12 634 690 701
29 403 703
99 175
9 11 46 88 146 194 269 776
7 132
8 159 170 405 486 554 650 957 996
111 459 625
121 306
51 193 200 669
18 407
23 72 531
455 684 791
61 100 132 168 310 383
747 822 978
66 95 268 582
15 553
15 62 256
92 458
50 462
14 57 140
1 79 174 188 209 394 976
8 13 660 949 955
23 565
101 256 312 845 907
35 117 478
202 219
244 251 372 858
29 160 308 458 814 943 980 986
3 72 198 295
580 956
5 401
31 414
13 18 54 134 217 411 825
27 170 287 336 486 613 689 946
19 685
7 141 194 324 714
61 343 846
15 88 111 144 194 273 323 419 702 803
57 78 446 560 769
12 774
136 879
71 96 127 693
53 73 680
23 72
80 476
16 71
1 4 14 20 48 55 488 495 954 962
16 50 67 461 790
25 618 764
183 310 355 381 468 753 830
33 89 108 271 484 671 742
49 69 96 122 205 208 224 505 806
2 12 44 156 226 398 595 901
2 12 24 148 337 387 449 643 744
3 43 198 865
3 29 57 193 600 977
165 293 297
309 592
11 39 46 334 433 666 876 938
97 127 349 379 557 623
7 32 197 428 697
38 58
7 74 125 852
73 146 375
25 60 94 329
186 274 332 350 382 386 952
4 20 47 495
11 54
51 194 201 300
130 227 339
164 340
8 528
150 477 845
353 374
61 145 343
30 199 310
23 72 114 214 225 379 393 565 633
163 291 522 637 667
199 394
14 193 296 675 683
75 115 139 298
74 105 152 319
69 82 225 936
126 302 930
14 201 296 512
45 128
5 277 527
149 161 191 204 299 515 905 979
13 627
8 16 39 83 109 157 722
126 459 666 999
22 68 223 397 883
53 128 177 706
420 911
240 309 331
7 9 26 74 283 759 945
65 105 555 567
60 732
79 153 393 415 638
24 76 229 355 551 561 595
142 426 505 792 914 958
9 125
3 203 371 1000
193 200 705 944
260 291 522 581
48 654
99 236 365 903
42 95 171 348 556 620
31 93 141 187 246 335 390 587 705 721
24 117
628 708
12 44
1 93 125 134 221 892
10 13 137
37 197 368 631 697 937
1 36 492 525
27 86
25 74 142 176 215 282
245 274 390 436 892
38 220
8 470 537 847
31 63 135 136 202 294 580
324 399 462 524 615 801 830 878
31 208 924
92 270
28 126 129 218 295 297
244 723 811
340 411 432 552 637
124 237 276 563
210 702
33 128
90 168 196 197 338 794
99 885
159 650
90 173 199 310 468 520 560 647 922
5 62 101 256 476 562 946
19 20 61 145 202 214
166 479 573 669 718
152 249 288 338 511 829
111 172 194 366 429 956
61 145 184 402 987 991
10 166 190 318 385 839
258 316 639
78 115 164 533 534 723
64 101 447
14 28 51 57 139 232 488 655
6 29 926
40 499
566 886
47 104 954
20 45 47 58 128 177 346 484 635 671
338 532
30 45 188 891
17 340 862
33 177 271
107 710
80 202 219 619 622
247 363 443
61 129 179 218 345 432 810 899 999
24 121 554 585
11 45 50 320
22 78 127 223 228 309 642
252 986
5 66 106 157 506 644
29 185 345 890
77 82 209 301 492 502
88 117 387 682 914
127 142 258 316
1 144 279 293 544
18 20 73 489 752
15 49 55 224 286 575 803
95 540
34 111 210
36 181 227 873
83 419
1 145 186 687 773
294 304
35 303
8 368 381 404 950
42 48 66 68 268
232 297 329 664 930
5 137 171 410 499 825 876
60 87 94 163 291 569 601
114 878
15 49 122 153
53 213 216 281
25 40 87 190 782 855 920
52 64 961
18 37 189 496 695 877
18 70 134 229 233 392 524 820
628 916
19 34 78 110 700 701 965
298 335
122 151 225 775
10 54 254
262 370 864 939
14 35 49 511 572 656
12 24
75 190
89 212 305 431
69 91 174 192 205 224 589 973
106 131 370 454
175 512 879
90 394 555
141 143 206 631 658 670 820
25 94 127 490 599
8 32 61 82 84 240 368 656
12 27 257
45 89 98 128 212 271 773 790
124 159 359 667
65 118 278 365 408 645 716 733
30 168
209 301 389 966
90 158 196 509 724 990
49 609 734
21 597 783
209 369
31 543
3 81 153 185 331 342 392 548 971
118 328
21 167 602
508 800 908
4 47 104 144 376 798 940
4 22
318 889
78 707 749
94 180 679
266 470 949
141 919
44 301 871
133 160 270 747 828
302 306 475
1 21 34 199
7 143 489 610 615 755 778
50 53 156
127 260 396 655 824
1 59 228 378 905 941
94 386 714
5 532 829
18 44 229 516 748 758
4 17 392 404
10 109 149 190 207 363 642 718 949 979
137 363 443
27 86 450
4 28 41 290 529 982
20 41 280
365 550
3 64 231 620 974
42 66 68 387 504 535
15 55 122 153 208 369 388 636 966
750 967
2 97
79 398 776
74 132
8 91 787 904
110 664 767 860
8 40 109 419 876
44 156 503 774
119 182 270 438 629 881
15 70 142 586 704 752
552 637 841
62 773
62 235 279 813
6 10 28 46 56 169 198 205 280 479
118 146 480
67 305
149 237 285
392 697 796 831
9 16 32 73 141 148 174 233 802
99 104 180
28 38 48
147 416 823
29 303 957
49 69 122 182 286 369 452 857
203 204 238 500 515
56 81 350 586 820
93 118 712
8 216 386 599 618 728
150 232 244 339 612 699 920
582 880
395 480
14 140
78 110 120 154 218 804 826 890
304 400 518
17 179 550 853
24 226 265 947
28 135 344 430 584 927 930
22 191 299
21 61 132 134 214 220 538 896
63 96 175 333
112 907
125 752 852 894
139 149 298 361 446 698 821 964
1 93
3 6 43 756
51 57
165 167 235 406
21 280 678 859
187 759
6 43 103 169 198 808
98 449
182 203
89 276
31 626
45 85
47 241 833
40 158 929
26 35 38 241 274
142 151 225 272 301 348 422 502 974
1 217
31 63 294 596
2 117 155 513
110 218
7 134 221 223 389 485 547 831
88 98
324 368 559 672
249 739
14 41 60 204 569 839
14 39 48 51 57 140 784 840
14 195 358 814 895 984
31 96 396 544 923
84 104 294 677 709 722
135 136 147 248 395 818 912
77 517 918
41 44 156 501 690 715 914
62 444
2 24
38 67 89
44 76 156 535 840
100 828
440 531
3 17 166 235 424 477 733 750
90 120 536
30 90 152 199
114 234 286 421
27 196 257 794 932
87 213 258 530 557 599 653 693 893
1 211 242 422 608
14 140 341 358 450 797 895
349 417
132 214 874 908
39 72 334 785 940
23 91 173 361 576 714 836
42 115 164 218 298 340 437 685
154 172 285 353
170 356 590 684 996
59 116 204 327
19 115 284 579
30 373 394 403 799
121 315 445
53 67 134 276 571 706
196 362 703 948
6 51 70 193 236 239 358 417 478 916
45 50 58 67 69 143 431
238 894
10 11 365
359 486
12 61 76 97 117 824 850 913
313 524
2 58 320
115 250 425 441
241 264 546 813
38 86 168 794
14 48 142 200 201 849
78 155 231 768 941
15 55 114 129 130 169 301 726
25 60
63 96 116 333 543
12 44 248 556 560 611 614 702 744
184 283 302 355 728 779
328 395
251 372 405 434
62 993
21 34 107 416
9 375
94 934
475 875
58 111 211 212 276 846
126 218 259 284 841
12 39 109 207
58 385 431
24 76 561 595 901
33 53 305
93 464 661
68 325
63 175 253 260 467 685
178 422 514
1 144 279 865
54 212
1 42 54 838
88 173 311 576 725 727
86 730 968
184 329
9 156 332 347 482 658 933
23 164 412 728 769
23 79 145 553
26 69 114 142 158 430 832
77 234 534
54 275 521 612
9 32 399
11 54 139 163 434
34 52 64 521 549 740
36 150 203 215 339 360 607 833 913
59 159
13 109 583 627 629
17 110 120 184 425 804
4 33 696 730
341 448 450
12 13 100 195 270 427 828
5 321
83 184 230 293 322 335 344 552 558 964
25 60 94
65 264
50 83
11 17 254 383 385 753 784 870
795 818
3 24 169 185 252 336 888
96 99 116 136 467
48 51 448 676
97 179 303 317 935
23 255 500 564 603 717
180 359 689 969
7 26 37 125 575
