0.00037785714285714283
0.00037785714285714283
0.00037785714285714283
0.00037785714285714283
0.00037785714285714283
0.00037785714285714283
0.00037785714285714283
0.0005936470588235294
0.0007915294117647059
0.0011784653465346535
0.0016575539568345324
0.0016575539568345324
0.0016575539568345324
0.002905635071090047
0.0029289811320754714
0.0031899723502304147
0.003260388127853881
0.0040899740259740264
0.004029875536480687
0.003996673819742489
0.00392952966101695
0.0038082644628099176
0.0038084115226337447
0.0036841626016260163
0.003646157894736842
0.0005604848484848486
0.0005445
0.00050403125
0.000496125
0.0004887575757575758
0.000465125
0.000465125
0.00041657142857142853
0.00036938461538461534
0.0002801666666666667
0.00024685714285714285
0.00023333333333333333
0.00023333333333333333
0.0002
0.0002
0.0002
0.00019111764705882355
0.0001625625
0.00013828571428571427
0.00013828571428571427
0.00013828571428571427
0.00012930769230769232
0.00012930769230769232
0.00012930769230769232
0.00012307692307692307
6.914285714285714e-05
6.914285714285714e-05
6.914285714285714e-05
6.914285714285714e-05
6.3e-05
3.6e-05
3.6e-05
3.6e-05
3.6e-05
9e-06
9e-06
9e-06
9e-06
9e-06
9e-06
9e-06
9e-06
0.0
0.0
0.0
0.0
0.0
0.0
0.0
0.0
0.0
0.0
0.0
0.0
0.0
0.0
0.0
0.0
0.0
0.0
0.0
0.0
0.0
0.0
0.0
0.0
0.0
0.0
0.0
0.0
0.0
0.0
0.0
0.0
0.0
0.0
