0.0004867555555555555
0.0004867555555555555
0.0004867555555555555
0.0004867555555555555
0.0004867555555555555
0.0004867555555555555
0.0004867555555555555
0.0005980178571428571
0.0009003205128205129
0.0011648415841584159
0.0021291139240506326
0.0021291139240506326
0.0021291139240506326
0.0036486153846153847
0.0036488340425531915
0.0037290622406639003
0.0037211991701244815
0.0037388097014925373
0.0036826605166051657
0.0036304384057971014
0.003545418772563177
0.003498724014336918
0.003498724014336918
0.0034562579505300357
0.0034458982456140354
0.0004181333333333333
0.0004181333333333333
0.0003413333333333333
0.0003500357142857143
0.0003500357142857143
0.0002801666666666667
0.00026254545454545454
0.00026254545454545454
0.00026254545454545454
0.00022444999999999998
0.0002023157894736842
0.0002023157894736842
0.0002023157894736842
0.0001868888888888889
0.0001868888888888889
0.0001868888888888889
0.00017152941176470587
0.0001536
0.0001536
0.0001536
0.0001536
0.0001536
0.0001536
0.0001536
0.0001536
9e-06
9e-06
9e-06
9e-06
9e-06
9e-06
9e-06
9e-06
9e-06
9e-06
9e-06
9e-06
9e-06
9e-06
9e-06
9e-06
9e-06
0.0
0.0
0.0
0.0
0.0
0.0
0.0
0.0
0.0
0.0
0.0
0.0
0.0
0.0
0.0
0.0
0.0
0.0
0.0
0.0
0.0
0.0
0.0
0.0
0.0
0.0
0.0
0.0
0.0
0.0
0.0
0.0
0.0
0.0
