0.0005515106382978723
0.0005515106382978723
0.0005515106382978723
0.0005515106382978723
0.0005515106382978723
0.0005515106382978723
0.0005515106382978723
0.0006915932203389831
0.0009914418604651163
0.0015571120689655171
0.0030489184782608696
0.0030489184782608696
0.0030489184782608696
0.005638349206349207
0.005644367588932806
0.005650409448818897
0.005650409448818897
0.0037903970037453183
0.0037622156133828998
0.0036920338345864663
0.0036718805970149255
0.0036423283582089554
0.0036423283582089554
0.003555702602230483
0.0035266765799256503
0.0004415806451612903
0.0004415806451612903
0.0003801724137931034
0.0003801724137931034
0.0003715714285714286
0.00027654545454545456
0.0002695
0.0002695
0.00024004761904761903
0.00023119999999999998
0.0001844705882352941
0.0001844705882352941
0.0001625625
0.00011408333333333333
0.00011408333333333333
0.00011408333333333333
0.00011408333333333333
9e-05
9e-05
8.1e-05
7.2e-05
7.2e-05
7.2e-05
6.3e-05
6.3e-05
9e-06
9e-06
9e-06
9e-06
9e-06
9e-06
9e-06
9e-06
9e-06
9e-06
9e-06
9e-06
0.0
0.0
0.0
0.0
0.0
0.0
0.0
0.0
0.0
0.0
0.0
0.0
0.0
0.0
0.0
0.0
0.0
0.0
0.0
0.0
0.0
0.0
0.0
0.0
0.0
0.0
0.0
0.0
0.0
0.0
0.0
0.0
0.0
0.0
0.0
0.0
0.0
0.0
0.0
