0.0003404848484848485
0.0003404848484848485
0.0003404848484848485
0.0003404848484848485
0.0003404848484848485
0.0003404848484848485
0.0003404848484848485
0.0005299230769230769
0.0007232142857142857
0.0011600095238095238
0.001998524691358025
0.001998524691358025
0.001998524691358025
0.005602672199170124
0.005541173553719008
0.005727516260162602
0.0057178699186991875
0.00372862890625
0.003672187739463602
0.003583582089552239
0.0035036043956043956
0.003465521739130435
0.00345301083032491
0.0033830071174377227
0.0033541408450704227
0.0003056363636363636
0.0003056363636363636
0.00027504761904761904
0.00027504761904761904
0.00027504761904761904
0.00025205000000000003
0.00024336842105263158
0.00024336842105263158
0.00022755555555555555
0.0001715
0.00015576923076923078
0.00015114285714285715
0.00015114285714285715
0.0001089
0.0001
0.0001
0.0001
9.344444444444444e-05
9.344444444444444e-05
9.344444444444444e-05
9.344444444444444e-05
9.344444444444444e-05
9.344444444444444e-05
9.344444444444444e-05
9.344444444444444e-05
3.6e-05
3.6e-05
3.6e-05
3.6e-05
3.6e-05
3.6e-05
3.6e-05
3.6e-05
3.6e-05
2.7e-05
9e-06
9e-06
9e-06
0.0
0.0
0.0
0.0
0.0
0.0
0.0
0.0
0.0
0.0
0.0
0.0
0.0
0.0
0.0
0.0
0.0
0.0
0.0
0.0
0.0
0.0
0.0
0.0
0.0
0.0
0.0
0.0
0.0
0.0
0.0
0.0
0.0
0.0
0.0
0.0
0.0
0.0
