0.0006689180327868852
0.0006689180327868852
0.0006689180327868852
0.0006689180327868852
0.0006689180327868852
0.0006689180327868852
0.0006689180327868852
0.0007844507042253521
0.0010746777777777777
0.0014981333333333334
0.0032323232323232323
0.0032323232323232323
0.0032323232323232323
0.006621890625
0.006587671936758893
0.006572892857142857
0.006556270588235294
0.0038130625
0.00377456640625
0.0037013884615384614
0.003612417624521073
0.0035787272727272725
0.0035787272727272725
0.003537218045112782
0.0035226466165413535
0.0005694814814814816
0.00053824
0.0004335
0.00042613043478260867
0.0004175652173913044
0.00036864
0.00036864
0.0003450416666666667
0.00031313636363636363
0.00024094117647058822
0.0002030625
0.0002030625
0.000196
0.00015778571428571428
0.00015778571428571428
0.00015778571428571428
0.00015778571428571428
0.00013569230769230767
0.00012675
0.0001089
0.0001089
0.0001089
0.0001089
0.00011136363636363636
0.00011136363636363636
3.6e-05
3.6e-05
3.6e-05
3.6e-05
3.6e-05
3.6e-05
3.6e-05
3.6e-05
3.6e-05
3.6e-05
2.7e-05
2.7e-05
2.7e-05
2.7e-05
2.7e-05
2.7e-05
2.7e-05
9e-06
9e-06
9e-06
9e-06
9e-06
9e-06
9e-06
9e-06
9e-06
9e-06
9e-06
9e-06
9e-06
9e-06
9e-06
9e-06
0.0
0.0
0.0
0.0
0.0
0.0
0.0
0.0
0.0
0.0
0.0
0.0
0.0
0.0
0.0
0.0
0.0
0.0
