0.0005182045454545455
0.0005182045454545455
0.0005182045454545455
0.0005182045454545455
0.0005182045454545455
0.0005182045454545455
0.0005182045454545455
0.0006691206896551724
0.00090828
0.0015293076923076924
0.0026432542372881356
0.0026432542372881356
0.0026432542372881356
0.005851652892561983
0.00583737037037037
0.005787112903225807
0.006038324110671937
0.003822289962825279
0.003778148148148148
0.003724910780669145
0.003674090579710145
0.003624563176895307
0.003624563176895307
0.0035568036363636366
0.0034994945454545454
0.0004894411764705882
0.00047278125
0.00039032258064516126
0.000383258064516129
0.000383258064516129
0.00032232142857142854
0.00032232142857142854
0.00032232142857142854
0.00029583999999999996
0.0002267142857142857
0.0001844705882352941
0.0001844705882352941
0.0001755625
0.00016666666666666666
0.00016666666666666666
0.00016666666666666666
0.00016006666666666666
0.00012930769230769232
0.00012033333333333332
0.00012033333333333332
0.00012033333333333332
0.00012033333333333332
0.00012033333333333332
0.00012033333333333332
0.00012033333333333332
1.8e-05
1.8e-05
9e-06
9e-06
9e-06
9e-06
9e-06
9e-06
9e-06
9e-06
9e-06
9e-06
9e-06
0.0
0.0
0.0
0.0
0.0
0.0
0.0
0.0
0.0
0.0
0.0
0.0
0.0
0.0
0.0
0.0
0.0
0.0
0.0
0.0
0.0
0.0
0.0
0.0
0.0
0.0
0.0
0.0
0.0
0.0
0.0
0.0
0.0
0.0
0.0
0.0
0.0
0.0
