0.0005145882352941177
0.0005145882352941177
0.0005145882352941177
0.0005145882352941177
0.0005145882352941177
0.0005145882352941177
0.0005145882352941177
0.0006362131147540983
0.0009422235294117647
0.0017382857142857141
0.0030018324873096447
0.0030018324873096447
0.0030018324873096447
0.006860057971014493
0.006820032846715328
0.006806035842293907
0.006781728571428572
0.0034632925925925924
0.003404014652014652
0.003372250909090909
0.003332177536231884
0.003320148014440433
0.003320148014440433
0.0032708892857142855
0.003268085106382979
0.00033265384615384613
0.00033265384615384613
0.00026076190476190475
0.00026076190476190475
0.00025205000000000003
0.00022755555555555555
0.00022755555555555555
0.00022236842105263159
0.0002
0.00015114285714285715
0.00013569230769230767
0.00013569230769230767
0.00013569230769230767
0.00012033333333333332
0.00012033333333333332
0.00010509090909090909
0.00010509090909090909
7.2e-05
7.2e-05
6.3e-05
6.3e-05
6.3e-05
6.3e-05
6.3e-05
6.3e-05
1.8e-05
1.8e-05
1.8e-05
1.8e-05
1.8e-05
1.8e-05
1.8e-05
1.8e-05
9e-06
9e-06
0.0
0.0
0.0
0.0
0.0
0.0
0.0
0.0
0.0
0.0
0.0
0.0
0.0
0.0
0.0
0.0
0.0
0.0
0.0
0.0
0.0
0.0
0.0
0.0
0.0
0.0
0.0
0.0
0.0
0.0
0.0
0.0
0.0
0.0
0.0
0.0
0.0
0.0
0.0
0.0
0.0
