0.0005712452830188678
0.0005712452830188678
0.0005712452830188678
0.0005712452830188678
0.0005712452830188678
0.0005712452830188678
0.0005712452830188678
0.0005956545454545454
0.000911144578313253
0.0013988571428571429
0.00210178612716763
0.00210178612716763
0.00210178612716763
0.006024287401574803
0.005911724806201551
0.005856753846153846
0.005852458333333333
0.0037747773722627736
0.0037536581818181816
0.0037021127272727273
0.00364364
0.0035856327272727273
0.0035856327272727273
0.003490817518248175
0.003490817518248175
0.0003500357142857143
0.0003500357142857143
0.0003185
0.00030976
0.00030465384615384615
0.00027556
0.00027556
0.0002511304347826087
0.00024222727272727273
0.00019111764705882355
0.00016006666666666666
0.00016006666666666666
0.00016006666666666666
0.00012930769230769232
0.00012930769230769232
0.00012930769230769232
0.00012930769230769232
0.00012930769230769232
0.00012930769230769232
0.00011136363636363636
0.00011136363636363636
0.00010509090909090909
0.00010509090909090909
9.609999999999999e-05
9.609999999999999e-05
1.8e-05
1.8e-05
1.8e-05
1.8e-05
1.8e-05
1.8e-05
1.8e-05
1.8e-05
1.8e-05
9e-06
9e-06
9e-06
9e-06
0.0
0.0
0.0
0.0
0.0
0.0
0.0
0.0
0.0
0.0
0.0
0.0
0.0
0.0
0.0
0.0
0.0
0.0
0.0
0.0
0.0
0.0
0.0
0.0
0.0
0.0
0.0
0.0
0.0
0.0
0.0
0.0
0.0
0.0
0.0
0.0
0.0
0.0
