0.00055112
0.00055112
0.00055112
0.00055112
0.00055112
0.00055112
0.00055112
0.0007719508196721311
0.0009633648648648649
0.0014230176991150442
0.0018642101910828026
0.0018642101910828026
0.0018642101910828026
0.003464222727272727
0.003953905829596412
0.003977404444444444
0.003992528634361233
0.003821326848249027
0.003762003846153846
0.003747590038314176
0.0037248888888888887
0.003668664150943396
0.003668664150943396
0.0036080333333333332
0.003587439114391144
0.00040775757575757575
0.00040775757575757575
0.00035363333333333333
0.0003468
0.0003379655172413793
0.00028224
0.00028224
0.0002556818181818182
0.00021557894736842103
0.0001868888888888889
0.00014464285714285713
0.00014464285714285713
0.00013828571428571427
0.00012033333333333332
0.00012033333333333332
0.00012033333333333332
0.00010240000000000001
5.7799999999999995e-05
5.7799999999999995e-05
5.1200000000000004e-05
5.1200000000000004e-05
5.1200000000000004e-05
5.1200000000000004e-05
4.225e-05
4.225e-05
0.0
0.0
0.0
0.0
0.0
0.0
0.0
0.0
0.0
0.0
0.0
0.0
0.0
0.0
0.0
0.0
0.0
0.0
0.0
0.0
0.0
0.0
0.0
0.0
0.0
0.0
0.0
0.0
0.0
0.0
0.0
0.0
0.0
0.0
0.0
0.0
0.0
0.0
0.0
0.0
0.0
0.0
0.0
0.0
0.0
0.0
0.0
0.0
0.0
0.0
0.0
