0.00033409090909090905
0.00033409090909090905
0.00033409090909090905
0.00033409090909090905
0.00033409090909090905
0.00033409090909090905
0.00033409090909090905
0.00044932558139534884
0.0007066825396825397
0.0011481666666666667
0.002501953488372093
0.002501953488372093
0.002501953488372093
0.00589715918367347
0.005882963414634146
0.005825822580645161
0.006253435114503817
0.0038646943396226418
0.0037837649253731342
0.00370155223880597
0.0036707865168539326
0.0035896666666666664
0.0035896666666666664
0.003533921933085502
0.003500649446494465
0.0004243214285714286
0.0004083333333333333
0.00036004347826086954
0.00036004347826086954
0.00036004347826086954
0.00030476190476190474
0.00029644999999999997
0.00027504761904761904
0.000242
0.00021888235294117647
0.0001890625
0.0001890625
0.0001890625
0.00018225
0.00018225
0.00018225
0.00018225
0.00013828571428571427
0.00013828571428571427
0.00013828571428571427
0.00013828571428571427
0.00012033333333333332
0.00012033333333333332
0.00012033333333333332
0.00011408333333333333
2.7e-05
2.7e-05
2.7e-05
2.7e-05
2.7e-05
1.8e-05
1.8e-05
1.8e-05
9e-06
0.0
0.0
0.0
0.0
0.0
0.0
0.0
0.0
0.0
0.0
0.0
0.0
0.0
0.0
0.0
0.0
0.0
0.0
0.0
0.0
0.0
0.0
0.0
0.0
0.0
0.0
0.0
0.0
0.0
0.0
0.0
0.0
0.0
0.0
0.0
0.0
0.0
0.0
0.0
0.0
0.0
0.0
