0.007968200836820084
0.007968200836820084
0.007968200836820084
0.007968200836820084
0.007968200836820084
0.007968200836820084
0.007968200836820084
0.010383456834532373
0.012213782608695652
0.011481314121037464
0.007630926282051282
0.007630926282051282
0.007630926282051282
0.003924885321100917
0.0039004608294930876
0.003884518518518519
0.003884518518518519
0.000136125
0.000136125
0.00010416666666666667
0.00010416666666666667
0.00010416666666666667
0.00010416666666666667
9.6e-05
9.6e-05
1.6e-05
1.6e-05
0.0
0.0
0.0
0.0
0.0
0.0
0.0
0.0
0.0
0.0
0.0
0.0
0.0
0.0
0.0
0.0
0.0
0.0
0.0
0.0
0.0
0.0
0.0
0.0
0.0
0.0
0.0
0.0
0.0
0.0
0.0
0.0
0.0
0.0
0.0
0.0
0.0
0.0
0.0
0.0
0.0
0.0
0.0
0.0
0.0
0.0
0.0
0.0
0.0
0.0
0.0
0.0
0.0
0.0
0.0
0.0
0.0
0.0
0.0
0.0
0.0
0.0
0.0
0.0
0.0
0.0
0.0
0.0
0.0
0.0
0.0
0.0
0.0
0.0
