0.0055455576923076925
0.0055455576923076925
0.0055455576923076925
0.0055455576923076925
0.0055455576923076925
0.0055455576923076925
0.0055455576923076925
0.006881884615384615
0.013311680555555554
0.011976012048192772
0.008438889240506328
0.008438889240506328
0.008438889240506328
0.004333491228070176
0.004300193832599119
0.004272671052631579
0.0042640175438596484
0.0003645
0.000324
0.00027457142857142855
0.00024992307692307694
0.00023408333333333335
0.00023408333333333335
0.0002025
0.0001936
1.6e-05
1.6e-05
1.6e-05
1.6e-05
1.6e-05
1.6e-05
1.6e-05
1.6e-05
1.6e-05
0.0
0.0
0.0
0.0
0.0
0.0
0.0
0.0
0.0
0.0
0.0
0.0
0.0
0.0
0.0
0.0
0.0
0.0
0.0
0.0
0.0
0.0
0.0
0.0
0.0
0.0
0.0
0.0
0.0
0.0
0.0
0.0
0.0
0.0
0.0
0.0
0.0
0.0
0.0
0.0
0.0
0.0
0.0
0.0
0.0
0.0
0.0
0.0
0.0
0.0
0.0
0.0
0.0
0.0
0.0
0.0
0.0
0.0
0.0
0.0
0.0
0.0
0.0
0.0
0.0
0.0
0.0
