0.0075214183266932265
0.0075214183266932265
0.0075214183266932265
0.0075214183266932265
0.0075214183266932265
0.0075214183266932265
0.0075214183266932265
0.009912003636363638
0.01398666984126984
0.011540310650887573
0.007841369565217391
0.007841369565217391
0.007841369565217391
0.004011111111111111
0.003995160714285714
0.003953040178571428
0.0039438400000000005
0.000196
0.00017777777777777776
0.00017777777777777776
0.00017777777777777776
0.00014628571428571428
0.00014628571428571428
9.68e-05
9.68e-05
0.0
0.0
0.0
0.0
0.0
0.0
0.0
0.0
0.0
0.0
0.0
0.0
0.0
0.0
0.0
0.0
0.0
0.0
0.0
0.0
0.0
0.0
0.0
0.0
0.0
0.0
0.0
0.0
0.0
0.0
0.0
0.0
0.0
0.0
0.0
0.0
0.0
0.0
0.0
0.0
0.0
0.0
0.0
0.0
0.0
0.0
0.0
0.0
0.0
0.0
0.0
0.0
0.0
0.0
0.0
0.0
0.0
0.0
0.0
0.0
0.0
0.0
0.0
0.0
0.0
0.0
0.0
0.0
0.0
0.0
0.0
0.0
0.0
0.0
0.0
0.0
