0.009228096899224806
0.009228096899224806
0.009228096899224806
0.009228096899224806
0.009228096899224806
0.009228096899224806
0.009228096899224806
0.016930602076124568
0.015367105919003116
0.011454727272727273
0.007704938271604939
0.007704938271604939
0.007704938271604939
0.003925940092165898
0.003925940092165898
0.003925940092165898
0.003917437788018434
0.0002008181818181818
0.0002008181818181818
0.00019236363636363637
0.00019236363636363637
0.00020008333333333334
0.00020008333333333334
0.0001521111111111111
0.00012014285714285714
0.0
0.0
0.0
0.0
0.0
0.0
0.0
0.0
0.0
0.0
0.0
0.0
0.0
0.0
0.0
0.0
0.0
0.0
0.0
0.0
0.0
0.0
0.0
0.0
0.0
0.0
0.0
0.0
0.0
0.0
0.0
0.0
0.0
0.0
0.0
0.0
0.0
0.0
0.0
0.0
0.0
0.0
0.0
0.0
0.0
0.0
0.0
0.0
0.0
0.0
0.0
0.0
0.0
0.0
0.0
0.0
0.0
0.0
0.0
0.0
0.0
0.0
0.0
0.0
0.0
0.0
0.0
0.0
0.0
0.0
0.0
0.0
0.0
0.0
0.0
0.0
