0.006663782426778242
0.006663782426778242
0.006663782426778242
0.006663782426778242
0.006663782426778242
0.006663782426778242
0.006663782426778242
0.008518772893772893
0.010655775316455696
0.010801648484848485
0.007785003215434083
0.007785003215434083
0.007785003215434083
0.0039060409090909093
0.003905162895927602
0.0038892045454545455
0.003873246575342466
0.00018409090909090909
0.00018409090909090909
0.000128
0.000128
0.000112
0.000112
8e-05
6.4e-05
0.0
0.0
0.0
0.0
0.0
0.0
0.0
0.0
0.0
0.0
0.0
0.0
0.0
0.0
0.0
0.0
0.0
0.0
0.0
0.0
0.0
0.0
0.0
0.0
0.0
0.0
0.0
0.0
0.0
0.0
0.0
0.0
0.0
0.0
0.0
0.0
0.0
0.0
0.0
0.0
0.0
0.0
0.0
0.0
0.0
0.0
0.0
0.0
0.0
0.0
0.0
0.0
0.0
0.0
0.0
0.0
0.0
0.0
0.0
0.0
0.0
0.0
0.0
0.0
0.0
0.0
0.0
0.0
0.0
0.0
0.0
0.0
0.0
0.0
0.0
0.0
