0.0071872466367713
0.0071872466367713
0.0071872466367713
0.0071872466367713
0.0071872466367713
0.0071872466367713
0.0071872466367713
0.009528015151515152
0.013812362126245847
0.010825175895765473
0.007891172077922077
0.007891172077922077
0.007891172077922077
0.004041588785046729
0.004022790697674418
0.004012782407407408
0.004012782407407408
0.00040757894736842104
0.00033088235294117646
0.00026776923076923077
0.00024123076923076922
0.00024123076923076922
0.00024123076923076922
0.00023269230769230767
0.00023269230769230767
6.4e-05
6.4e-05
1.6e-05
1.6e-05
1.6e-05
1.6e-05
1.6e-05
0.0
0.0
0.0
0.0
0.0
0.0
0.0
0.0
0.0
0.0
0.0
0.0
0.0
0.0
0.0
0.0
0.0
0.0
0.0
0.0
0.0
0.0
0.0
0.0
0.0
0.0
0.0
0.0
0.0
0.0
0.0
0.0
0.0
0.0
0.0
0.0
0.0
0.0
0.0
0.0
0.0
0.0
0.0
0.0
0.0
0.0
0.0
0.0
0.0
0.0
0.0
0.0
0.0
0.0
0.0
0.0
0.0
0.0
0.0
0.0
0.0
0.0
0.0
0.0
0.0
0.0
0.0
0.0
0.0
