0.006830659836065574
0.006830659836065574
0.006830659836065574
0.006830659836065574
0.006830659836065574
0.006830659836065574
0.006830659836065574
0.009984178181818182
0.013863091205211725
0.012000003003003003
0.007920461538461538
0.007920461538461538
0.007920461538461538
0.004008491228070176
0.004008491228070176
0.004008491228070176
0.003992528634361233
0.0002458181818181818
0.00021511111111111112
0.00018677777777777776
0.00018677777777777776
0.00018677777777777776
0.00018677777777777776
0.00018677777777777776
0.000153125
4.8e-05
4.8e-05
3.2e-05
3.2e-05
3.2e-05
1.6e-05
1.6e-05
1.6e-05
1.6e-05
0.0
0.0
0.0
0.0
0.0
0.0
0.0
0.0
0.0
0.0
0.0
0.0
0.0
0.0
0.0
0.0
0.0
0.0
0.0
0.0
0.0
0.0
0.0
0.0
0.0
0.0
0.0
0.0
0.0
0.0
0.0
0.0
0.0
0.0
0.0
0.0
0.0
0.0
0.0
0.0
0.0
0.0
0.0
0.0
0.0
0.0
0.0
0.0
0.0
0.0
0.0
0.0
0.0
0.0
0.0
0.0
0.0
0.0
0.0
0.0
0.0
0.0
0.0
0.0
0.0
0.0
0.0
