0.007185759493670886
0.007185759493670886
0.007185759493670886
0.007185759493670886
0.007185759493670886
0.007185759493670886
0.007185759493670886
0.008024515037593985
0.0096446
0.011344677966101696
0.007747442367601246
0.007747442367601246
0.007747442367601246
0.0039748356164383564
0.003958903669724771
0.0038930046296296295
0.003867574074074074
0.0001849
0.000169
0.00013728571428571427
0.00010416666666666667
0.00010416666666666667
0.00010416666666666667
5.633333333333334e-05
3.2e-05
0.0
0.0
0.0
0.0
0.0
0.0
0.0
0.0
0.0
0.0
0.0
0.0
0.0
0.0
0.0
0.0
0.0
0.0
0.0
0.0
0.0
0.0
0.0
0.0
0.0
0.0
0.0
0.0
0.0
0.0
0.0
0.0
0.0
0.0
0.0
0.0
0.0
0.0
0.0
0.0
0.0
0.0
0.0
0.0
0.0
0.0
0.0
0.0
0.0
0.0
0.0
0.0
0.0
0.0
0.0
0.0
0.0
0.0
0.0
0.0
0.0
0.0
0.0
0.0
0.0
0.0
0.0
0.0
0.0
0.0
0.0
0.0
0.0
0.0
0.0
0.0
