0.005640071428571428
0.005640071428571428
0.005640071428571428
0.005640071428571428
0.005640071428571428
0.005640071428571428
0.005640071428571428
0.006733207317073171
0.008840014492753625
0.01029633644859813
0.007750318471337579
0.007750318471337579
0.007750318471337579
0.0039295315315315315
0.0039295315315315315
0.003928681614349776
0.0039043288288288292
0.000136125
0.00012014285714285714
0.00010416666666666667
0.00010416666666666667
8e-05
8e-05
6.4e-05
6.4e-05
0.0
0.0
0.0
0.0
0.0
0.0
0.0
0.0
0.0
0.0
0.0
0.0
0.0
0.0
0.0
0.0
0.0
0.0
0.0
0.0
0.0
0.0
0.0
0.0
0.0
0.0
0.0
0.0
0.0
0.0
0.0
0.0
0.0
0.0
0.0
0.0
0.0
0.0
0.0
0.0
0.0
0.0
0.0
0.0
0.0
0.0
0.0
0.0
0.0
0.0
0.0
0.0
0.0
0.0
0.0
0.0
0.0
0.0
0.0
0.0
0.0
0.0
0.0
0.0
0.0
0.0
0.0
0.0
0.0
0.0
0.0
0.0
0.0
0.0
0.0
0.0
