0.0061136261261261265
0.0061136261261261265
0.0061136261261261265
0.0061136261261261265
0.0061136261261261265
0.0061136261261261265
0.0061136261261261265
0.007477689243027889
0.010935494880546076
0.010807291139240506
0.007563658227848101
0.007563658227848101
0.007563658227848101
0.0038644976303317535
0.0038229333333333333
0.00378144019138756
0.003765504807692308
0.00012857142857142858
0.00012857142857142858
8.82e-05
8.82e-05
8.82e-05
8.82e-05
8e-05
8e-05
0.0
0.0
0.0
0.0
0.0
0.0
0.0
0.0
0.0
0.0
0.0
0.0
0.0
0.0
0.0
0.0
0.0
0.0
0.0
0.0
0.0
0.0
0.0
0.0
0.0
0.0
0.0
0.0
0.0
0.0
0.0
0.0
0.0
0.0
0.0
0.0
0.0
0.0
0.0
0.0
0.0
0.0
0.0
0.0
0.0
0.0
0.0
0.0
0.0
0.0
0.0
0.0
0.0
0.0
0.0
0.0
0.0
0.0
0.0
0.0
0.0
0.0
0.0
0.0
0.0
0.0
0.0
0.0
0.0
0.0
0.0
0.0
0.0
0.0
0.0
0.0
