0.01629649567723343
0.01629649567723343
0.01629649567723343
0.01629649567723343
0.01629649567723343
0.01629649567723343
0.01629649567723343
0.014212463126843657
0.011448718849840256
0.007733396825396825
0.003980410256410256
0.003980410256410256
0.003980410256410256
9.633333333333333e-05
9.633333333333333e-05
9.633333333333333e-05
9.633333333333333e-05
2.5e-05
2.5e-05
0.0
0.0
0.0
0.0
0.0
0.0
0.0
0.0
0.0
0.0
0.0
0.0
0.0
0.0
0.0
0.0
0.0
0.0
0.0
0.0
0.0
0.0
0.0
0.0
0.0
0.0
0.0
0.0
0.0
0.0
0.0
0.0
0.0
0.0
0.0
0.0
0.0
0.0
0.0
0.0
0.0
0.0
0.0
0.0
0.0
0.0
0.0
0.0
0.0
0.0
0.0
0.0
0.0
0.0
0.0
0.0
0.0
0.0
0.0
0.0
0.0
0.0
0.0
0.0
0.0
0.0
0.0
0.0
0.0
0.0
0.0
0.0
0.0
0.0
0.0
0.0
0.0
0.0
0.0
0.0
0.0
0.0
