0.013503600000000001
0.013503600000000001
0.013503600000000001
0.013503600000000001
0.013503600000000001
0.013503600000000001
0.013503600000000001
0.01262112786885246
0.010710533568904593
0.007598082644628099
0.003935790849673202
0.003935790849673202
0.003935790849673202
0.00016016666666666667
0.00013519999999999998
0.00013519999999999998
0.00011025
0.0
0.0
0.0
0.0
0.0
0.0
0.0
0.0
0.0
0.0
0.0
0.0
0.0
0.0
0.0
0.0
0.0
0.0
0.0
0.0
0.0
0.0
0.0
0.0
0.0
0.0
0.0
0.0
0.0
0.0
0.0
0.0
0.0
0.0
0.0
0.0
0.0
0.0
0.0
0.0
0.0
0.0
0.0
0.0
0.0
0.0
0.0
0.0
0.0
0.0
0.0
0.0
0.0
0.0
0.0
0.0
0.0
0.0
0.0
0.0
0.0
0.0
0.0
0.0
0.0
0.0
0.0
0.0
0.0
0.0
0.0
0.0
0.0
0.0
0.0
0.0
0.0
0.0
0.0
0.0
0.0
0.0
0.0
0.0
