0.016937344512195123
0.016937344512195123
0.016937344512195123
0.016937344512195123
0.016937344512195123
0.016937344512195123
0.016937344512195123
0.01469377370030581
0.011610003246753247
0.00794815503875969
0.004056076433121019
0.004056076433121019
0.004056076433121019
7.5e-05
7.5e-05
7.5e-05
7.5e-05
2.5e-05
2.5e-05
2.5e-05
2.5e-05
2.5e-05
2.5e-05
0.0
0.0
0.0
0.0
0.0
0.0
0.0
0.0
0.0
0.0
0.0
0.0
0.0
0.0
0.0
0.0
0.0
0.0
0.0
0.0
0.0
0.0
0.0
0.0
0.0
0.0
0.0
0.0
0.0
0.0
0.0
0.0
0.0
0.0
0.0
0.0
0.0
0.0
0.0
0.0
0.0
0.0
0.0
0.0
0.0
0.0
0.0
0.0
0.0
0.0
0.0
0.0
0.0
0.0
0.0
0.0
0.0
0.0
0.0
0.0
0.0
0.0
0.0
0.0
0.0
0.0
0.0
0.0
0.0
0.0
0.0
0.0
0.0
0.0
0.0
0.0
0.0
0.0
