0.016365067524115755
0.016365067524115755
0.016365067524115755
0.016365067524115755
0.016365067524115755
0.016365067524115755
0.016365067524115755
0.014062227848101265
0.011276787162162162
0.007969267206477733
0.003966281045751634
0.003966281045751634
0.003966281045751634
9.633333333333333e-05
9.633333333333333e-05
9.633333333333333e-05
9.633333333333333e-05
0.0
0.0
0.0
0.0
0.0
0.0
0.0
0.0
0.0
0.0
0.0
0.0
0.0
0.0
0.0
0.0
0.0
0.0
0.0
0.0
0.0
0.0
0.0
0.0
0.0
0.0
0.0
0.0
0.0
0.0
0.0
0.0
0.0
0.0
0.0
0.0
0.0
0.0
0.0
0.0
0.0
0.0
0.0
0.0
0.0
0.0
0.0
0.0
0.0
0.0
0.0
0.0
0.0
0.0
0.0
0.0
0.0
0.0
0.0
0.0
0.0
0.0
0.0
0.0
0.0
0.0
0.0
0.0
0.0
0.0
0.0
0.0
0.0
0.0
0.0
0.0
0.0
0.0
0.0
0.0
0.0
0.0
0.0
0.0
