99 297 552 773
41 58 635
112 937
227 468
66 714
18 52 119 164 198 916
16 18 196
3 37 107 141 228 275 310
2 10 25 280 384 932
40 60 144 152 177 471 517 919
38 152 227 393 535 692 904 978
88 130 147 186 217 240 626
182 368 991
87 117 185 824
185 597 730
2 5 64 75 277 431 686 689
3 71
148 238
56 61 147 266 497 729 822 883
48 120 253 296 382 428 644 726
129 423 487 533 562 667
316 350
1 70 99 417
25 146 391
98 315
432 555 795
17 179 739
64 66 209
72 355
225 263 264 268 840
22 28 863
249 456 481 933
6 174 222 454 814
2 3 12 36 51 141 276 399 547 929
52 343 438 775
11 115
7 74 855
131 607
138 269
11 116 181 342 509 538
21 37 216 532 546 554
39 718
278 281
2 969
5 364
100 126 414 460 636
28 68 246 381 561 620 666 773 840
49 110 135 961
284 787 935
16 139 463
69 79 155 576 841
15 196
161 316 338
8 52 65 224 394 476 819
64 106 226 366 714 900 953
57 581 908
641 748
20 103 244 247 407
15 296 390 413 554 612
36 101 223 294 929
11 270 337 538
214 735 956
1 15 16 81 387 724 764
27 39 87 127 175 219 277 807 852 956
34 143 150 166 243 255 343 587 618
26 341 353
19 886
29 279 296 753
28 95
95 379 384 436 508
358 633
43 754
10 39 124 286 384 408 847
67 130 295 958
13 33 41 84 153 217 283 377 467 487
7 9 35 337 358 447 470
86 158 303 461
271 913
495 560
35 793
4 345 612
65 476
159 395
1 734
126 403 414
57 70
290 305 440
21 114 179 200 352 390 725
136 138 144 222 374 641
21 187 287 306 533 562 937 983
23 244 364
25 960
19 67 77 361 460 567
55 84 234 373 605
15 289
57 326
276 581
549 701
131 400
87 127 824
23 241
20 247 349 575
7 61 62 181 380
11 435
9 274 362
9 793
47 92
22 40 50 138 144 171 374 503 835 863
474 514 518 833
10 11 82 159 311 592 604 716 767 948
221 810 889
2 3 592
15 16 44 49 105 206 320 605 979
69 317 493 511 576 999
9 189 220 326 418 564 608 967
10 26 29 267 974
115 206 757
445 520
2 58 62 139 164 825
52 448
42 130
103 118 207 239 299 514 770 776 854 942
157 247 348 672 952
33 147 162 311 339 342 765 777
251 453 635 844
272 715
7 265 272 323
425 834
356 394 807 986
225 449
134 331 466 553 918
10 18
54 396
72 526
53 178 268 587 765 876 921
224 464
33 104 517
13 20 203 701 841 927 964
27 370
13 37 327 340 356 443 673 703 955
38 51 66 81 82 110 213 342 836
33 43 238
5 85 176 309 435 888
40 132 170 621 650 708
20 36 65 114 202 501 890
37 512
21 92
61 73 360 438
13 509
266 419 473 574
209 475 743
1 8 148 188 293 369 495 634
81 321 491 524
325 930
25 87 127 133 175 387 523
32 180
16 93 152 567 713
83 536 637
248 399 771
21 160 371
47 295 782
56 273
7 33 551
112 194 359 451 503 538 710
52 106 124 588
111 533 917
63 65 762
27 72 80 228 300 753
18 564 851
65 162 211 259 742 826
113 497 554
129 375 492 663 667
93 126 454 555 599 686 727
1 34 284 349
126 454 681
46 111 204 205 241 352 560 562 768
59 509 600 669
8 262
23 148 164 375
39 214
77 86 167 171 264 558 991
52 290 484 485 787
16 115 524 989
32 71 221 848
12 94
48 263 380
8 42 67 494
49 79 96
52 56 214 504
43 145 252
112 118 124 287 587 850
14 558 734
45 64
150 536 631 683 697 839
85 832
5 31 51 479 682 734
57 128 270 278 446 609 736
12 17 38 94 128
39 338 994
2 17 112 160
163 262 675
84 94 182 233 869 885 914
242 347
54 285 505
83 733 949
4 31
56 73 273 707 751 778
51 535
49 893
115 392 541 543 817
19 31 299 630 711
27 214 929
36 108 137 232 237 430
63 997
572 876
183 870
571 860
5 253
70 128 227 777 839 868 987
277 700 941
16 24 32 66 243 393 690 792 972
9 12 59 108 121 133 134 298
580 737 851
17 27 240 346 983
79 109 215 235 429
5 12 215 255 896
39 98 433 735 762
1 34 284
111 386 436
13 20 61 134 257
70 127 278 376 643 716
114 191 202 236 500 596 899 959
23 111
11 53 124 350 966
17 25 47 122 142 387 659 744
15 148 188 284 645
45 53 115 161 249 626 766 780 905
13 281 887
17 598 665
7 102
6 222 245 461 749 795
26 89 179 287 353 963
174 211
61 116
82 111 142 203 441 527 693
3 328 445 796 899
62 242 537 607 748 975
193 258
450 998
83 251
2 9 346 389 800 819 936
104 478
26 57 604 777
3 14 15 92 172 271 318 565
11 88 444 705 906
18 19 24 44 838 977
183 377 498 779 785 960
514 637
16 196 371 551 605 608 633 671 952
80 494
28 123 168 356
235 462
12 212 255 566 668 909
136 389 664
114 180 254
22 684 763
128 868
212 500
15 62 188 284 510
74 117 442 765 950
8 76 119 130 152 288
21 58 92 639
28 178 455
26 46 133 197
90 118 307 824
6 32 42 78 138 345 884
74 848 877
78 369
1 94 353 602 955
21 66 102 208 579 826 877
28 39 45 75 138 302 388 526 637 923
31 237
44 195 683
83 195
8 141 516 535 545 694 798 969
2 76 102 110 114 276 662 665 771 940
219 310 348 556 673 779
48 134 253 263 267 279 415 753
4 101 174 225 313 376 919
13 88 122 386
30 853
42 54 141 143 231 250 321 337 396
26 89 329 438 445 653 661
10 11 12 57 93 95 181 619 646
110 211 720
295 925
113 497
37 39 170 759
47 81 794
4 6 44 101 174 211 740
74 117
139 260
60 125
56 73 420
127 196 439 548
176 215
85 168 321
315 451
14 51 59 77 86 199 269 351 737 799
8 74 106 165 901
28 40 210
157 805 957
143 337 372 920
204 352
17 160 617 859
731 746
97 224 245 577 866
201 254
113 361
69 169
446 548 970
205 294 447
1 634
55 76 109 203 226 265 478
9 16 52 164 265 324 478 706 776
33 41 256 290 305 398
22 40 50 132 144 291 607 615 664
20 185
12 36 105 382 409
119 153 437
99 116 117 535 669 921 934
178 544
38 54 85 96 187 218 452 471 915 946
13 70 113 806 835 911
103 113 322 811 854
30 291 638 698 708
244 364 407
3 73 76 251 482 574 584 707 729
27 105 170 299 506 568 683 755
1 4 7 57 76 270 371 646 893
57 525 917
322 474
42 62 67 169 180 334 345 810
9 279
19 91 280 590
8 20 74 261 288 331 876
259 492
45 64 75 82 120
32 290 357 691
245 814
2 6 72 123 370
4 8 53 208
30 633
234 474 497 709
2 422
78 233
5 23 32 179 193 236 391 752 851
53 430
94 870
113 207 774
613 799
93 197 213 368 872
54 92 162 285
100 654
13 108 232 254 332 655
135 859
4 35 108 168 262 939 944
17 27 51 110 160 260 809 849 881
191 531
1 34
159 614
487 808
156 374 638 698 806
41 569
179 344 797
46 60 179 292 298 611 674 778 861 988
5 112
2 116
14 147 318
59 837
104 109 165 239 388 945
13 655 868
26 329
71 173 913
13 22 142 303 616 907
20 29 78 244 340 461
9 595
176 309
524 931
4 10 468
13 88 93 200
769 811
400 591 888
15 16 105 230 427 696 817 865
280 647
425 791
9 351 397 420 687
1 34 172 201 256
87 146 175 439
2 488 665
18 45 140 379
65 125 559 826
12 101 192 348 519 642
273 707
60 476
8 23 74 180 325
6 91 121 145 923
40 638
48 289 380 974
322 406
4 35
43 862
23 167 525 747
46 204 363 651 821 887
118 885
84 489
19 66 75
16 246 306 314 320 541 589 760 973 1000
1 539 758 887
187 863
2 12 50 104 259 309 657 719 847
8 31 227 972
96 457
37 90 204 298 335 363 421 532 719
21 47 204
109 119 397
2 12 26 333 603 606
1 34 75
116 180 347 376 482 845 993
47 69 71 317 507 857 975
41 891
106 374
39 789
38 42 80 192 262 465 587 751 904
14 45 115 147 158 198 304 547 657 838
41 63 107 183 290
297 875
88 386 556 658 867
83 150 184 697 949
269 735
32 53 208 334 741
170 295 529 882
69 95 972
1 2 349
21 29 48 134 296 650 685
30 31 80 172 281 378 465 829
812 966
97 502 928
92 163 335 421 573 611 889 962
34 188 468
76 95 593
69 96 154 155 458 501 502 674 831
7 102 103 274 343 388 764 945
6 136 846
230 243
72 157 182 261 676 856
4 187 282 664
142 416
70 575 705
389 975
16 44 206
98 125 151 732
45 64 517 883
127 175 201 236 456
11 337
184 195
113 159 228 361 631
273 830 873
27 219 274
10 153 832
91 467
24 161 253 316 338 579 585 702
38 553
10 54 118 133 181 287 499 573 717
175 469 788
54 177 285 505 657 660 823 993
32 42
84 156
30 72 159 355 464
21 292
26 329 973
260 662
29 48 134 171 266 677
13 82 217 278 609 618 652 716
5 74 150 208 313 874
3 161 339 392 585 879
56 265 550 731 787
80 432 457 493
11 582
125 774 843
328 336 399 496
126 240 304 417 564
56 231 266 898
19 20 981
183 235
172 613
5 20 215 359 435
721 991
15 230
27 556 718 818
17 135 139 662
36 80 229 322 415 448 987
304 926
170 403 636 668
40 50 68 138 216 821
35 76 109 131 220 225 400 712 761
2 24 41 137 551
75 563 720
17 73 760
10 35 59 76 164 483 508 632
314 696
12 902
182 216 324 424
220 480
151 315 627
375 667
217 240 267 342 705
1 4 42 130 365
347 908
5 47 309
20 40 163 561
10 194 571 864
173 516
326 539
7 593 971
242 939
50 353
90 98 125 184 631 884
23 858
92 197
2 5 321 372 805 937
170 182 649
11 13 22 68 210 301 582 607
58 72 124 171 194 210 592 722
26 177 199 306 431 519
35 41 52 96 343 586 609
203 239 272 448
99 679
43 89 140
28 50 171 187 194 619
616 836
16 947 1000
253 900
24 38
1 21 148 275 307 528
13 93 693
34 39 72 154 219 310 367 788 927
3 197
23 29 158
43 91 336 548 862
11 13 326 966
25 31 42 87 744
7 76 104 106 139 671 982
33 416 470
48 206 404 476 478
815 997
49 97 432
36 55 458 681
18 43 121 754 923 984
25 679
61 76 97 119 792
43 46 299 590
26 41 341 364 510
28 652
137 224 417 426
6 79 100 339 344 367 617 725
158 181 525 990
65 68 151 224 331 732 745
74 180 301
2 9 14 84 423 642 723 818
15 44
109 452
8 227 230 334 365 944
60 98 745
44 242 757 951
48 726
333 801
114 212 255 411 515 566 623 670 676
55 201
47 95 100 184 300 319 355 820 957 977
7 35
48 900
106 388 540 766 783 998
7 106 198
15 16 196 426 757 939
24 350 546 842
3 77 86 389 459 559 750
216 221 362 443 647 685 723
1 34 140 188
2 58
11 602
26 77 228 689 954
114 496
65 72 279 340 402
94 593
3 55 163 216 233 489 572 894
87 132 145 173 427 561 663 674 779
1 25 34 87 391 767 827
371 543 577 815
2 58 110 135 514 950 961
187 835
68 561 594
10 193 308 842 919 983
26 353
33 41 131 382
416 566
23 416
19 181 614 640 878
40 136 721
9 34 35 149 576 800
838 865
132 136 156 269 408 475 672 806 860 878
621 925
46 163 624
4 31 498 597 803
3 18 28 59 144 379
123 124 136 252
6 492 511
41 56 325
131 166 291 378
58 308 346
110 135 160
3 223 255 271 600 623 932
43 91 121 145 599
28 224
281 581 796
24 161 327 350
145 176 590 862
78 648 914
19 73 149 378 486 585
354 910
22 659 895
26 89
15 335 351 441
55 140
339 785
3 6 14 21 71 115 199 264 306 393
42 334
433 762
10 472
25 358 855
182 968
584 898
34 118 126 189 278 293 689 743
95 258
177 660 828
65 315 540
18 135 193 213 214 249 324 573 942 962
259 372 946
47 328 772
869 892 993
3 51 189 232 302 360 706 880
104 470 727
648 688
164 203 312 343 397 484 540 816
8 53 67 192 232
25 50 98 123 210 469 960
243 320
56 579
38 165 231 996
55 340 410 648
55 78 84 109 233 340 373 675
36 222 243 404 510 606 763 931
52 102
73 266 873
109 610
41 756
202 411
19 41 155 392 563 583 922
27 718
4 32 130 169 192 404 504
147 162
1 49 69 79 256 460 711
53 81 157 235 257 268 393 591 893 921
21 133 412
2 56 881
68 311 359
154 228 274 310 423
60 745
179 205 684 843 922
191 236
14 30 118 413 808
3 30 303 405 781 853
12 15 121 248 506 531
195 938
14 782
167 813 892
381 780
38 730
42 444 738 982
10 14 90 292 466 649 867 899
60 65 71 100 174 305 522 678 774
148 164 411
12 85 623
24 33 88 111 120 188 493 733
2 100 539 555 717
22 70
2 17 29 59 194 368 933
229 233 454
54 108 137 481
25 55 914
139 346 363
72 157 180 286 465 676 804 924
43 121 754
256 866
48 135 281 308 873
644 897
180 901 970
18 77 333 379 436 651 702 847 977
417 552
18 140 436 544 935
344 355 526 805
14 36 94 125 237 341
4 119 452 479 540 551 588
22 124 282
92 292
12 400 936
14 30
62 201 232 268 575
25 143 158 186 213 259 882
101 545
23 241 418 480
126 229 490 529
92 205 390 963
3 104 275 371
141 282 496 581 610 656 682 856 864 936
30 51 565
150 361 992
1 35
32 48 209 330 475
132 699
44 94 212 276 442 871
59 146 194 596 628
45 427 583 691 943 981
107 426 677
525 925
60 421
13 70 217 342 444 482 604 655 987
6 68 90 166 239 365 822 947
38 350 879
41 120
467 890
39 42 230 271 442 684
162 645 713 920
4 24 80 161 162 327 879
145 578 595 761
276 294 328 490 515
257 494
165 313
722 857
128 245
19 294
50 76 96 176 334 356 517 834 926
81 87 494
19 531
97 155 190 256 370 419 464 512 711 746
50 171 601 748 804
50 68
124 166 603 837
2 592 766 961
152 491 858
157 252 344
154 190 219 274 357 394 484 910
29 314 347
123 170 295 412 782
6 62 994
11 208 304 455
104 138 156 171 641 659
13 57
122 174 437
226 385
13 94 545 985
249 332 374 402 429 456 666 813 959
167 241 294
8 38 53 268 486 803
8 42 169 695
22 28 50 131 144 156 282 878
5 85 124 176 489 654 982
102 220 270
139 809
148 756 981
102 586 800
7 36 177 185 534 542 715 980
123 131 539 965
2 20 85 162 229 339 341 721 968
17 131
1 78
30 211
27 303 391
2 226
15 506
125 133 223 308 533 589 747 775
88 231 235 383 398 444 602 812
63 65 106 377 385 470 727 764 891
2 17
31 66 321 331 692 797
68 156 187 194
446 895
903 967
91 128 145 462
550 746
207 461 530 722
111 167
6 369 495
81 130 218 227 286 300
4 8 26 74 157 468 513 567 730 970
208 825
88 128 386 582
542 906
45 75 930
120 601
77 287 310
31 117 567
20 129 168 247 277 348 437 620
64 159 367 839 918
3 59 237
233 234 238 395 685 783
19 22 120
5 151 153 463 528 578 905 964
71 86 172 173
419 909
7 143 396 505 823
8 91
9 35 109 323
11 13 57 82 93 128 200 281 646 895
20 108
24 327
28 360 428 621 747 902
25 28 146 198 928
99 297 333 522 557 875
238 401 425
263 289
22 138 260 488
335 598
84 233
6 26 89 932
4 46 47 54 90 146 213 372 704
54 95 106 143
226 431
27 852
57 69 179 512 905 964
17 598
14 30 34 49 88 158 398 518 569 976
42 304
45 76 312 388 484 588 703 903 953
91 154 170 276 558 582 720
101 114 169 248 409 496 985
256 317 790 831
16 22 510 931
51 118 894
27 687 909
49 790 976
332 575
8 24 62 88 117 257 597 728
41 107 462 815
16 347
94 441 896
283 630 784 912
81 219 362 784 912
11 82 362 376 446
78 84 263
89 212 965
17 58 110 161 488 583 809
16 32 257
32 127 131 144 329 704 723 767 768
469 949 990
1 105
117 218 612 944
68 318 397 422 450 515 857
24 327 842
19 63 290 569 997
153 168 176 203 366
22 252 499 572 802 850
21 69 90 298 412 537 738
111 129 702
45 383
250 481 666
324 354
29 57 105 113
44 242
18 178
2 22 46 197 537 560
8 31 35 38 232 373 479 491 553 816
18 149 694 988
21 213 352 413
34 520
7 56 69 434 798 812 866 962
63 426 691
43 121 984
158 215 285 288 372 498 527 846
9 13 36 121 145 191 440 596 759
32 564
15 248 548 670
89 136 424 681
22 40 51 155 209 220 796 999
59 141 516
1 10 34 383 410 485
61 357 584 892 955 996
487 872
5 62 504
62 865 995
101 336 411 458 670 771 940
189 199 781
61 294 414
103 150 521 709 811
22 28 346 523 594
9 29 97 574
228 258
116 236 635
64 886
24 404
330 576
45 64 238 886
23 129
829 908
186 267
61 232 249 449
29 31 45 167 288 295 532 682 786
17 58 135 308 422 598
107 285
133 546 719
123 604
4 31 46 92 159 163 234 396 474 477
4 261
5 46 153 215 247 287 491 572 768
85 168 741
333 958
6 31 56 144 273 624 639
61 73 82 87 549 574 643 761
60 284 293 827
24 29 48 58 60 98 139 296
431 528
3 89 420 942
9 101 119 225 528
35 453 521 536
73 97 473 751
19 250
60 65 151 258 338
53 160 192 323 348 619 695 978 995
11 17 377 693 992
9 155 209 457
23 132 204 252 269 424 529 580 594 912
20 177 186 231 246 883
758 995
241 349 605 902
6 33 41 63
11 24 151
25 802
19 52 120 583 595
244 246
43 63
206 229 382 784
30 71 90 275 368 499 560 600 836
5 153 176
11 30 51 57
10 18 140 161 178 508 544
198 704 738
90 289 739
452 483
44 248 801 830
250 915
4 288 934
485 816
44 821
221 286
96 97 320
499 565
17 49 79 422 507
5 168 435 874
142 167
33 37 107 183 352 677
108 163 390 559
24 911
8 38 81 257 786 994
3 51 137 171 248
363 861
307 725
5 85 197 678
100 126 403
7 610
177 240
64 112 147
53 254 345
15 59 459 613 699 969
354 367 616 759
3 132 193 408 471 750 897
21 625
181 844
151 629
63 599
40 210 624 649
136 146 458
81 130 190
185 218 305
728 888
9 25 129 148 375 477 634 827 850
17 83 113 135 345 392 715 786 813
20 120 313 322 364 620 837
526 594 698 798 947
40 62 504 741
12 101
83 103 115 251 832 833 934
100 126
6 210
49 212 440 503
297 557
22 142 409 687
77 368 894
33 77 107 235 462 569 859
3 14 66 302 401 480 654 789 853
99 219 412 943 1000
8 31 234 521 530 536 709 769 938
202 442
116 500 712 737
580 846
208 218 221 313 758
27 755
32 410
44 46 150 530 568 656
30 43 86 186 479 626 789
40 288 314
98 151
165 261 848
56 108 360 830
32 165 268 300
20 381
409 515 713
37 73 266 419 550 579 729
3 24 37 75 379 384 439 570 571 785
117 234 776
12 36 83 94 191 202 272 336 500 542
29 263 279 380 644
25 146 175 871
319 749
49 69 318 558 954
29 48 64 66 238 279 289 650 930
47 202 463 577 668
48 158 267 289 296 306 415 475 570 974
54 73 264 325 498 549
10 258
66 75 943
27 37 214 387 443
101 534
199 402 622
845 948
15 108 150 200 330 615
3 62 335 630 696 736
22 166 615
80 490 501
464 473
31 165 463
3 79 96
207 251 406 518 521 570 770
378 804
33 63 67 178 200 235 398
11 93 105 217 270 326 522 602 680
58 90 216 307 852
16 200 278 537 951
89 137 933
71 77 141 149 189 622
28 105 115 206 979
201 237 249 357 927
6 611
9 447 578 653 706
7 18 557
9 14 23 51 54 192 351 354 488
19 280 382 791
173 271 275
47 363
26 56 71 73 141 325 550 898 954 996
36 223
83 84 103 483 518 769
58 160 466
164 312 418 712
24 244 324 362 808
183 742 828
70 522
54 864 941
6 319
188 492
43 122 250 282 301 481 829
87 523
5 91 215 309 653
40 123 763
45 147 544
213 292 647 651
24 113 191 203 226 568 570 953
36 143
55 68 78 100 236 247
38 117
15 16 25 44 115 230 320 524 744
803 904
4 434 553 692 884
12 36 191 212 223 328 440 870
39 672
259 316 505 658 660 920 926
68 74 359 503 710 750 849
216 472 563
149 175 323 854
46 61 199 778 822
40 166 971
42 67 81
1 6 174 211 222 293 369 495 814
21 47 118 156 282 872
50 156 166 269 316 640 652
402 429
52 172 173 189 302 358 365 459 880
37 154 190 283
6 75 211 601
1 9 35 199 220 267 445 593 608 772
3 29
71 86 111 302
69 110 260
3 303
370 512
1 116
149 271
7 52
843 935
166 236 896
19 132 139
319 447 749
406 469
134 733
125 568
15 53 64 75 105 120 143 280 361 792
223 229 403 414 519 629
8 40 70 143 165 405 549
49 96 457 472 477 783 841 907
64 190 874 989
140 195 207 453
9 272 323 586 752 971
47 421
14 33 149 516 823
20 246
72 957
12 661
47 61 86 172 629
53 80
590 599
140 911
98 433 732
92 307
26 89 438 586 740 965
23 167
23 91 121 262 407 627 752
543 952
132 136
673 968
122 301 989
220 265 483 671 855
105 223 243 299 351 530 724
34 148 293 520
103 163 380
169 231 690
37 205 261 386
26 102 205 341 493 534 661 973
32 91 229 441 555 636 686 890
6 245
82 116 214 509 700
4 100 137 152 195 237 261 373 429 825
4 109 110 222 596 881
134 209 743 967
86 189 275 565 781
99 801 875
12 428
591 597 901 950
5 678
52 385 979 986
16 66 112 439 571 606
291 708
14 16 25 60 125 127 224 245
425 523 557 679 958
27 39 190 413 818
225 366 480
122 250
67 152 185 262 591 628 877
65 451 627
37 186 225
49 79 97 317 389 507
82 181 736
134 253 608
36 542 906
1 93
4 33 83 154 381 385 433 552 580 632
85 153
27 70 423 472 556 788 910
23 33 107 129 142 241 375 589
19 45 196 207 601 922
123 378 617 710
15 32 44 206 349 427 541
66 280
30 46 77 173 513 913
112 291
27 160 552 793
23 32 67 107 315 534 717
55 410
273 453 810
10 383
9 35 226 450 998
264 694
84 111 459 728
49 155 460 502 511
5 85
78 489
207 663 697
20 622 978
21 639 739
128 703 794
242 799 948
6 221 381 434 486 889
37 39 154 228 286 365 940
63 99 297
29 831 860
255 871
17 186 645 946
448 999
18 178 270 527
25 67 218 486
30 513
22 138 408 603 773
55 221 377 508 742 992
168 190 756
86 183
7 104 420 449 485 588 701
35 102 312 366
399 531 980
23 46 129 142 917
18 114 155 330 502 507 790 907
20 780
67 628 924
108 122 301
1 547
237 456
182 941
12 114 547 959
13 70 88
11 984
366 450 618 632 903 963
35 38 61 129 195 198 231 584
6 50 99 122 137 201 222 254 357 520
27 473 511 690 731
11 28 93 144 173 177 384 897
14 77
48 130 230 317 367 490
21 80 141 297
30 264 559 880
50 218 283 891
79 159 178 395 471
97 928
103 336 513 609 695
89 95
119 239 332
14 59
55 127 175
12 14 405 562 861
1 4 5 142 196 311 407 726
28 252 603 849
5 7 437 945
7 78 86 104 197 198 312 385 449 795
10 95 193 258 383 395 432 600
31 53 112 169 185 314 772 817
18 845
46 90 133 204 205 298 390 532 546 625
184 406
10 55 373 688
7 63 98 122 227 286 358 545 770
99 656
37 283 356 394 482 538 700
3 7 8 96 246 272 401 675 882 938
107 401 714 791
184 234 251 543 554 585 724 833 976
83 103 184 990
19 43 193 338 430 501 834
25 240 387 658
23 34 293 589
39 58
49 330 370
5 60 102 106 119 239 541 578 595 916
755 807
477 577
36 67 79 93 265 331 443 506 529 986
62 80
8 38 152 254 332 430 820 915
24 44 563 606 760
162 209 285 802 828
210 424
78 625 688 794
79 202 455 980
4 112 146 192 797 885
418 455
10 72 157 355 614 856 924
14 30 59 360 988
116 200 376 643 680 867
819 985
33 305
75 217 260 274 291 369 465 699
39 146 680 956
31 54 169 283 300 434 466 642 820
566 840
6 174 319 451 519 740 858 916
11 12 63 277 428 951
149 172 359
29 292
10 42 57 71 74 137 344
147 527
51 405
149 669
145 467
7 10 18 21 140 329 354 573 640 775
18 82 133 311 844 918
37 277 318 869
29 415
