0.00011136363636363636
0.00011136363636363636
0.00011136363636363636
0.00011136363636363636
0.00011136363636363636
0.00011136363636363636
0.0001536
0.0002675925925925926
0.00040960000000000004
0.000903223880597015
0.0014120816326530612
0.0014120816326530612
0.0014709428571428572
0.003548307692307692
0.004377395209580838
0.004345361581920904
0.005330906593406594
0.002793236263736264
0.0027304364640883976
0.0025755935828877005
0.002547148936170213
0.002417862433862434
0.002393374331550802
0.0022610054347826083
0.0022316363636363636
0.0003802631578947368
0.000361
0.00030625
0.00029652941176470585
0.0002882352941176471
0.0002485294117647059
0.000225
0.00018408333333333335
0.00013827272727272728
0.00012445454545454546
0.00010240000000000001
0.00010240000000000001
0.00010240000000000001
6.666666666666667e-05
6.666666666666667e-05
6.016666666666666e-05
5.1200000000000004e-05
4.225e-05
4.225e-05
3.3333333333333335e-05
3.3333333333333335e-05
3.3333333333333335e-05
3.3333333333333335e-05
3.3333333333333335e-05
3.3333333333333335e-05
0.0
0.0
0.0
0.0
0.0
0.0
0.0
0.0
0.0
0.0
0.0
0.0
0.0
0.0
0.0
0.0
0.0
0.0
0.0
0.0
0.0
0.0
0.0
0.0
0.0
0.0
0.0
0.0
0.0
0.0
0.0
0.0
0.0
0.0
0.0
0.0
0.0
0.0
0.0
0.0
0.0
0.0
0.0
0.0
0.0
0.0
0.0
0.0
0.0
0.0
0.0
