7.8125e-05
7.8125e-05
7.8125e-05
7.8125e-05
7.8125e-05
7.8125e-05
9.344444444444444e-05
0.00012033333333333332
0.00033153125
0.0006111607142857144
0.0016106513761467891
0.0016106513761467891
0.001618348623853211
0.0024481032258064513
0.002528223602484472
0.0025364969325153376
0.0026004850299401194
0.0034212978723404254
0.003349305699481865
0.0031448894736842104
0.0029927461139896373
0.002898984455958549
0.0028846153846153848
0.0027207107843137254
0.0026194166666666666
0.000528516129032258
0.0005040322580645161
0.0004403103448275862
0.0004321428571428572
0.0004321428571428572
0.0003929259259259259
0.00031684
0.00030276
0.0002592
0.00021888235294117647
0.0001890625
0.0001890625
0.0001890625
0.0001734
0.00016666666666666666
0.00015114285714285715
0.00014464285714285713
0.00012033333333333332
0.00011136363636363636
9.344444444444444e-05
8.45e-05
8.45e-05
8.45e-05
6.3e-05
6.3e-05
5.4e-05
5.4e-05
4.5e-05
4.5e-05
4.5e-05
4.5e-05
3.6e-05
1.8e-05
1.8e-05
1.8e-05
9e-06
9e-06
9e-06
0.0
0.0
0.0
0.0
0.0
0.0
0.0
0.0
0.0
0.0
0.0
0.0
0.0
0.0
0.0
0.0
0.0
0.0
0.0
0.0
0.0
0.0
0.0
0.0
0.0
0.0
0.0
0.0
0.0
0.0
0.0
0.0
0.0
0.0
0.0
0.0
0.0
0.0
