6.914285714285714e-05
6.914285714285714e-05
6.914285714285714e-05
6.914285714285714e-05
6.914285714285714e-05
6.914285714285714e-05
9.609999999999999e-05
0.00021376190476190475
0.0003534545454545454
0.000715859649122807
0.0021580247933884297
0.0021580247933884297
0.0021655409836065574
0.003081761006289308
0.0031013558282208587
0.0031420409356725143
0.0031189209039548024
0.0032597555555555556
0.00313488202247191
0.0029220867052023123
0.00285628
0.0027456055555555555
0.002745994475138122
0.002593236263736264
0.0025462722222222224
0.0005226666666666666
0.00050176
0.0004335
0.00042504166666666667
0.00040016666666666667
0.00032805000000000003
0.0002804736842105263
0.000225
0.00020064285714285713
0.00017857142857142857
0.00015408333333333336
0.000147
0.00014008333333333334
0.00011559999999999999
0.0001089
0.0001089
0.0001089
8.45e-05
6.914285714285714e-05
6.914285714285714e-05
6.914285714285714e-05
4.5e-05
4.5e-05
4.5e-05
4.5e-05
1.8e-05
1.8e-05
1.8e-05
1.8e-05
1.8e-05
1.8e-05
1.8e-05
9e-06
9e-06
9e-06
9e-06
9e-06
9e-06
0.0
0.0
0.0
0.0
0.0
0.0
0.0
0.0
0.0
0.0
0.0
0.0
0.0
0.0
0.0
0.0
0.0
0.0
0.0
0.0
0.0
0.0
0.0
0.0
0.0
0.0
0.0
0.0
0.0
0.0
0.0
0.0
0.0
0.0
0.0
0.0
0.0
0.0
