7.557142857142857e-05
7.557142857142857e-05
7.557142857142857e-05
7.557142857142857e-05
7.557142857142857e-05
7.557142857142857e-05
0.00013333333333333334
0.00021557894736842103
0.0004712439024390244
0.0010866962025316456
0.002152067669172932
0.002152067669172932
0.0021680671641791044
0.005205832512315271
0.005080237864077669
0.005018203791469195
0.004940226851851852
0.002715937823834197
0.0026860103626943003
0.0024868802083333336
0.0023996282722513087
0.0023643141361256543
0.002357282722513089
0.0022068512820512818
0.0021511134020618557
0.00028125
0.00026645
0.0002175625
0.00018726666666666667
0.00015778571428571428
0.00012445454545454546
0.00012445454545454546
0.00011559999999999999
0.00011559999999999999
9.1125e-05
7.557142857142857e-05
7.557142857142857e-05
6.914285714285714e-05
5.4e-05
5.4e-05
5.4e-05
5.4e-05
4.5e-05
4.5e-05
3.6e-05
3.6e-05
1.8e-05
1.8e-05
1.8e-05
1.8e-05
0.0
0.0
0.0
0.0
0.0
0.0
0.0
0.0
0.0
0.0
0.0
0.0
0.0
0.0
0.0
0.0
0.0
0.0
0.0
0.0
0.0
0.0
0.0
0.0
0.0
0.0
0.0
0.0
0.0
0.0
0.0
0.0
0.0
0.0
0.0
0.0
0.0
0.0
0.0
0.0
0.0
0.0
0.0
0.0
0.0
0.0
0.0
0.0
0.0
0.0
0.0
