6.3e-05
6.3e-05
6.3e-05
6.3e-05
6.3e-05
6.3e-05
8.1e-05
0.00015625
0.00034453125
0.00075615
0.0014116666666666668
0.0014116666666666668
0.001419009523809524
0.0030839325153374235
0.003140265060240964
0.0031387784431137723
0.003693805714285714
0.0028817142857142856
0.0027671675392670157
0.0025654450261780102
0.002477051282051282
0.0024255
0.0024115202020202017
0.0023560050505050502
0.0023432871287128714
0.00042352941176470585
0.00040261764705882354
0.0003624516129032258
0.00035363333333333333
0.0003448275862068966
0.00031153846153846157
0.00026004166666666667
0.00024456521739130437
0.00019338888888888889
0.00014008333333333334
0.00011559999999999999
0.00011559999999999999
0.0001089
9.1125e-05
9.1125e-05
9.1125e-05
9.1125e-05
8.228571428571429e-05
8.228571428571429e-05
8.228571428571429e-05
6.914285714285714e-05
6.914285714285714e-05
6.914285714285714e-05
6.3e-05
5.4e-05
3.6e-05
1.8e-05
9e-06
0.0
0.0
0.0
0.0
0.0
0.0
0.0
0.0
0.0
0.0
0.0
0.0
0.0
0.0
0.0
0.0
0.0
0.0
0.0
0.0
0.0
0.0
0.0
0.0
0.0
0.0
0.0
0.0
0.0
0.0
0.0
0.0
0.0
0.0
0.0
0.0
0.0
0.0
0.0
0.0
0.0
0.0
0.0
0.0
0.0
0.0
0.0
0.0
