0.00014464285714285713
0.00014464285714285713
0.00014464285714285713
0.00014464285714285713
0.00014464285714285713
0.00014464285714285713
0.00018947368421052632
0.00024964
0.0004022702702702703
0.000822560606060606
0.0014400865384615385
0.0014400865384615385
0.0014400865384615385
0.003395263473053892
0.0036115714285714284
0.0035328595505617977
0.003539396739130435
0.0031521799999999997
0.0030588374384236455
0.0029025432692307692
0.0028039669811320755
0.002716462962962963
0.0027039447004608298
0.002576042452830189
0.002533227906976744
0.00042563333333333334
0.0004107
0.00036582758620689655
0.0003413333333333333
0.00030465384615384615
0.0002666666666666667
0.0002489090909090909
0.0002
0.0001844705882352941
0.00012033333333333332
0.00011136363636363636
9.9e-05
9.9e-05
8.1e-05
7.2e-05
6.3e-05
5.4e-05
4.5e-05
2.7e-05
2.7e-05
2.7e-05
2.7e-05
2.7e-05
2.7e-05
2.7e-05
1.8e-05
1.8e-05
1.8e-05
1.8e-05
1.8e-05
1.8e-05
1.8e-05
1.8e-05
1.8e-05
9e-06
9e-06
9e-06
9e-06
9e-06
9e-06
9e-06
9e-06
0.0
0.0
0.0
0.0
0.0
0.0
0.0
0.0
0.0
0.0
0.0
0.0
0.0
0.0
0.0
0.0
0.0
0.0
0.0
0.0
0.0
0.0
0.0
0.0
0.0
0.0
0.0
0.0
0.0
0.0
0.0
0.0
0.0
0.0
