9.609999999999999e-05
9.609999999999999e-05
9.609999999999999e-05
9.609999999999999e-05
9.609999999999999e-05
9.609999999999999e-05
0.00016006666666666666
0.00024964
0.00047425641025641027
0.0009169090909090908
0.0014784380952380953
0.0014784380952380953
0.0015028130841121495
0.0036921801242236025
0.00362544099378882
0.003546818181818182
0.0044854426229508195
0.0027468907103825138
0.0028650537634408602
0.002689783068783069
0.0025435026178010473
0.002468371134020619
0.002448620512820513
0.002307959595959596
0.0022827939698492465
0.00028233333333333333
0.0002678571428571428
0.00020828571428571426
0.00020828571428571426
0.00020828571428571426
0.0001857857142857143
0.00015408333333333336
0.00014545454545454546
0.00012445454545454546
0.0001089
7.35e-05
7.35e-05
7.35e-05
5.625e-05
5.625e-05
5.625e-05
5.625e-05
4.8e-05
4.8e-05
4.8e-05
4.8e-05
4.9e-05
4.9e-05
3.3333333333333335e-05
2.7e-05
9e-06
0.0
0.0
0.0
0.0
0.0
0.0
0.0
0.0
0.0
0.0
0.0
0.0
0.0
0.0
0.0
0.0
0.0
0.0
0.0
0.0
0.0
0.0
0.0
0.0
0.0
0.0
0.0
0.0
0.0
0.0
0.0
0.0
0.0
0.0
0.0
0.0
0.0
0.0
0.0
0.0
0.0
0.0
0.0
0.0
0.0
0.0
0.0
0.0
0.0
0.0
