6.3e-05
6.3e-05
6.3e-05
6.3e-05
6.3e-05
6.3e-05
9.609999999999999e-05
0.00017705263157894737
0.0003981315789473684
0.0008960555555555555
0.0019773
0.0019773
0.0020406136363636364
0.005603698492462311
0.0057828761904761905
0.00566611320754717
0.005601851851851852
0.0028752552083333334
0.0027815879396984925
0.002687686567164179
0.002589285714285714
0.0025462608695652174
0.0025462608695652174
0.002436440758293839
0.0023781100478468898
0.00032232142857142854
0.00032232142857142854
0.00027788461538461533
0.00026244
0.00026244
0.00022913636363636362
0.0002201904761904762
0.0001844705882352941
0.00014223076923076922
7.2e-05
6.3e-05
6.3e-05
6.3e-05
4.5e-05
4.5e-05
4.5e-05
4.5e-05
3.6e-05
3.6e-05
3.6e-05
2.7e-05
2.7e-05
2.7e-05
2.7e-05
2.7e-05
1.8e-05
9e-06
9e-06
9e-06
9e-06
9e-06
9e-06
9e-06
0.0
0.0
0.0
0.0
0.0
0.0
0.0
0.0
0.0
0.0
0.0
0.0
0.0
0.0
0.0
0.0
0.0
0.0
0.0
0.0
0.0
0.0
0.0
0.0
0.0
0.0
0.0
0.0
0.0
0.0
0.0
0.0
0.0
0.0
0.0
0.0
0.0
0.0
0.0
0.0
0.0
0.0
0.0
