9.9e-05
9.9e-05
9.9e-05
9.9e-05
9.9e-05
9.9e-05
0.000126
0.000189
0.0004022702702702703
0.000752516129032258
0.001953704347826087
0.001953704347826087
0.001969230769230769
0.005673262032085561
0.005594531578947369
0.005562021052631578
0.005374827411167513
0.002944340425531915
0.0028735372340425534
0.0026965106382978725
0.0025789473684210526
0.0024999005235602093
0.0024999005235602093
0.0024415384615384616
0.0023818527918781723
0.0004119032258064516
0.0003960333333333334
0.00030678260869565217
0.0002852608695652174
0.0002852608695652174
0.00025376190476190474
0.00022236842105263159
0.00019111764705882355
0.000169
0.00012307692307692307
9.9e-05
9.9e-05
9.9e-05
8.1e-05
8.1e-05
5.4e-05
5.4e-05
4.5e-05
3.6e-05
2.7e-05
1.8e-05
1.8e-05
1.8e-05
9e-06
9e-06
0.0
0.0
0.0
0.0
0.0
0.0
0.0
0.0
0.0
0.0
0.0
0.0
0.0
0.0
0.0
0.0
0.0
0.0
0.0
0.0
0.0
0.0
0.0
0.0
0.0
0.0
0.0
0.0
0.0
0.0
0.0
0.0
0.0
0.0
0.0
0.0
0.0
0.0
0.0
0.0
0.0
0.0
0.0
0.0
0.0
0.0
0.0
0.0
0.0
0.0
0.0
