3.3333333333333335e-05
3.3333333333333335e-05
3.3333333333333335e-05
3.3333333333333335e-05
3.3333333333333335e-05
3.3333333333333335e-05
5.1200000000000004e-05
0.00014008333333333334
0.0002713478260869565
0.0007136530612244897
0.0023175087719298246
0.0023175087719298246
0.0023400086206896552
0.006684021621621621
0.006448761904761904
0.006307082051282051
0.0061734693877551015
0.0032442383720930235
0.0031535511363636366
0.0029283575418994415
0.0028167912087912086
0.002694967741935484
0.002694967741935484
0.002570417989417989
0.0024883367875647667
0.0004403103448275862
0.00041657142857142853
0.00036938461538461534
0.0003703703703703704
0.0003471153846153846
0.00029952173913043483
0.00029234782608695653
0.0002678571428571428
0.00018026666666666667
0.00016276923076923076
0.00014008333333333334
0.00013127272727272727
0.00013127272727272727
0.00010509090909090909
0.00010509090909090909
8.711111111111112e-05
7.8125e-05
5.4e-05
5.4e-05
5.4e-05
4.5e-05
4.5e-05
4.5e-05
3.6e-05
3.6e-05
1.8e-05
1.8e-05
1.8e-05
1.8e-05
1.8e-05
1.8e-05
1.8e-05
1.8e-05
1.8e-05
9e-06
9e-06
9e-06
9e-06
9e-06
9e-06
9e-06
9e-06
0.0
0.0
0.0
0.0
0.0
0.0
0.0
0.0
0.0
0.0
0.0
0.0
0.0
0.0
0.0
0.0
0.0
0.0
0.0
0.0
0.0
0.0
0.0
0.0
0.0
0.0
0.0
0.0
0.0
0.0
0.0
0.0
0.0
0.0
