0.0022426666666666667
0.0022426666666666667
0.0022426666666666667
0.0022426666666666667
0.0022426666666666667
0.0022426666666666667
0.002867115702479339
0.004377278145695365
0.0069796511627906975
0.01222854255319149
0.007691845070422535
0.007691845070422535
0.007667347222222223
0.003552005347593583
0.0034653743315508022
0.003357586956521739
0.0032916263736263735
0.0002805625
0.00021607692307692305
0.00021607692307692305
0.00018409090909090909
0.000136125
0.000136125
0.00012014285714285714
8e-05
0.0
0.0
0.0
0.0
0.0
0.0
0.0
0.0
0.0
0.0
0.0
0.0
0.0
0.0
0.0
0.0
0.0
0.0
0.0
0.0
0.0
0.0
0.0
0.0
0.0
0.0
0.0
0.0
0.0
0.0
0.0
0.0
0.0
0.0
0.0
0.0
0.0
0.0
0.0
0.0
0.0
0.0
0.0
0.0
0.0
0.0
0.0
0.0
0.0
0.0
0.0
0.0
0.0
0.0
0.0
0.0
0.0
0.0
0.0
0.0
0.0
0.0
0.0
0.0
0.0
0.0
0.0
0.0
0.0
0.0
0.0
0.0
0.0
0.0
0.0
0.0
