0.002826890756302521
0.002826890756302521
0.002826890756302521
0.002826890756302521
0.002826890756302521
0.002826890756302521
0.00343035
0.005046562841530054
0.007491004032258064
0.011871852201257862
0.007125087108013938
0.007125087108013938
0.007085678200692041
0.003310481481481481
0.0032273068783068783
0.003211324468085106
0.0031551135135135136
0.00013728571428571427
0.0001215
0.00011266666666666668
7.225e-05
3.2e-05
3.2e-05
3.2e-05
3.2e-05
1.6e-05
1.6e-05
0.0
0.0
0.0
0.0
0.0
0.0
0.0
0.0
0.0
0.0
0.0
0.0
0.0
0.0
0.0
0.0
0.0
0.0
0.0
0.0
0.0
0.0
0.0
0.0
0.0
0.0
0.0
0.0
0.0
0.0
0.0
0.0
0.0
0.0
0.0
0.0
0.0
0.0
0.0
0.0
0.0
0.0
0.0
0.0
0.0
0.0
0.0
0.0
0.0
0.0
0.0
0.0
0.0
0.0
0.0
0.0
0.0
0.0
0.0
0.0
0.0
0.0
0.0
0.0
0.0
0.0
0.0
0.0
0.0
0.0
0.0
0.0
0.0
0.0
