0.0025151616161616162
0.0025151616161616162
0.0025151616161616162
0.0025151616161616162
0.0025151616161616162
0.0025151616161616162
0.003135008
0.004345191358024691
0.006946248868778281
0.011698105263157895
0.007537751004016064
0.007537751004016064
0.00745587250996016
0.00349925988700565
0.0034004719101123596
0.0033236666666666666
0.003279191011235955
0.0002769230769230769
0.00026776923076923077
0.0002025
0.00013728571428571427
0.0001215
0.0001215
5e-05
5.633333333333334e-05
3.2e-05
1.6e-05
0.0
0.0
0.0
0.0
0.0
0.0
0.0
0.0
0.0
0.0
0.0
0.0
0.0
0.0
0.0
0.0
0.0
0.0
0.0
0.0
0.0
0.0
0.0
0.0
0.0
0.0
0.0
0.0
0.0
0.0
0.0
0.0
0.0
0.0
0.0
0.0
0.0
0.0
0.0
0.0
0.0
0.0
0.0
0.0
0.0
0.0
0.0
0.0
0.0
0.0
0.0
0.0
0.0
0.0
0.0
0.0
0.0
0.0
0.0
0.0
0.0
0.0
0.0
0.0
0.0
0.0
0.0
0.0
0.0
0.0
0.0
0.0
0.0
0.0
