0.0024153636363636365
0.0024153636363636365
0.0024153636363636365
0.0024153636363636365
0.0024153636363636365
0.0024153636363636365
0.002741061403508772
0.003760828767123288
0.00624305076142132
0.012838
0.008046465034965035
0.008046465034965035
0.00803586013986014
0.0037383507853403146
0.0036308877005347593
0.0035728054054054055
0.0034812819148936167
0.0003266666666666667
0.00029926666666666666
0.00022430769230769233
0.00018409090909090909
0.0001681
0.0001681
0.000112
6.4e-05
6.4e-05
4.8e-05
1.6e-05
1.6e-05
0.0
0.0
0.0
0.0
0.0
0.0
0.0
0.0
0.0
0.0
0.0
0.0
0.0
0.0
0.0
0.0
0.0
0.0
0.0
0.0
0.0
0.0
0.0
0.0
0.0
0.0
0.0
0.0
0.0
0.0
0.0
0.0
0.0
0.0
0.0
0.0
0.0
0.0
0.0
0.0
0.0
0.0
0.0
0.0
0.0
0.0
0.0
0.0
0.0
0.0
0.0
0.0
0.0
0.0
0.0
0.0
0.0
0.0
0.0
0.0
0.0
0.0
0.0
0.0
0.0
0.0
0.0
0.0
0.0
0.0
0.0
0.0
