0.002190938144329897
0.002190938144329897
0.002190938144329897
0.002190938144329897
0.002190938144329897
0.002190938144329897
0.0031826999999999997
0.0057293254437869815
0.01605195473251029
0.011791901408450704
0.007000821167883212
0.007000821167883212
0.006985937728937729
0.0032951061452513968
0.0032853388888888888
0.0032597555555555556
0.003257692307692308
0.00025
0.0002
0.000175
0.0001215
8.82e-05
7.225e-05
1.6e-05
1.6e-05
1.6e-05
1.6e-05
1.6e-05
1.6e-05
1.6e-05
1.6e-05
1.6e-05
1.6e-05
1.6e-05
0.0
0.0
0.0
0.0
0.0
0.0
0.0
0.0
0.0
0.0
0.0
0.0
0.0
0.0
0.0
0.0
0.0
0.0
0.0
0.0
0.0
0.0
0.0
0.0
0.0
0.0
0.0
0.0
0.0
0.0
0.0
0.0
0.0
0.0
0.0
0.0
0.0
0.0
0.0
0.0
0.0
0.0
0.0
0.0
0.0
0.0
0.0
0.0
0.0
0.0
0.0
0.0
0.0
0.0
0.0
0.0
0.0
0.0
0.0
0.0
0.0
0.0
0.0
0.0
0.0
0.0
0.0
