0.00264814406779661
0.00264814406779661
0.00264814406779661
0.00264814406779661
0.00264814406779661
0.00264814406779661
0.0035812246376811597
0.00517704347826087
0.012497980988593156
0.011812101265822784
0.0072600547945205485
0.0072600547945205485
0.0072600547945205485
0.003374695652173913
0.003324590163934426
0.0032682722222222224
0.0032342722222222222
0.0002657857142857143
0.00024992307692307694
0.00016044444444444445
0.000144
0.000112
0.000112
0.000112
9.6e-05
1.6e-05
1.6e-05
0.0
0.0
0.0
0.0
0.0
0.0
0.0
0.0
0.0
0.0
0.0
0.0
0.0
0.0
0.0
0.0
0.0
0.0
0.0
0.0
0.0
0.0
0.0
0.0
0.0
0.0
0.0
0.0
0.0
0.0
0.0
0.0
0.0
0.0
0.0
0.0
0.0
0.0
0.0
0.0
0.0
0.0
0.0
0.0
0.0
0.0
0.0
0.0
0.0
0.0
0.0
0.0
0.0
0.0
0.0
0.0
0.0
0.0
0.0
0.0
0.0
0.0
0.0
0.0
0.0
0.0
0.0
0.0
0.0
0.0
0.0
0.0
0.0
0.0
