0.00233289
0.00233289
0.00233289
0.00233289
0.00233289
0.00233289
0.0029304083333333334
0.004328664556962025
0.00847876923076923
0.012615312714776632
0.007844876325088339
0.007844876325088339
0.007771339222614841
0.0035853402061855667
0.0035083762886597937
0.0034584922279792744
0.0034247098445595856
0.0002800588235294118
0.00023207142857142857
0.00020008333333333334
0.0001681
0.00016
0.00016
0.000144
0.000128
0.0
0.0
0.0
0.0
0.0
0.0
0.0
0.0
0.0
0.0
0.0
0.0
0.0
0.0
0.0
0.0
0.0
0.0
0.0
0.0
0.0
0.0
0.0
0.0
0.0
0.0
0.0
0.0
0.0
0.0
0.0
0.0
0.0
0.0
0.0
0.0
0.0
0.0
0.0
0.0
0.0
0.0
0.0
0.0
0.0
0.0
0.0
0.0
0.0
0.0
0.0
0.0
0.0
0.0
0.0
0.0
0.0
0.0
0.0
0.0
0.0
0.0
0.0
0.0
0.0
0.0
0.0
0.0
0.0
0.0
0.0
0.0
0.0
0.0
0.0
0.0
