0.002092588235294118
0.002092588235294118
0.002092588235294118
0.002092588235294118
0.002092588235294118
0.002092588235294118
0.0029934453125
0.004505357142857143
0.009476294930875576
0.012129352112676057
0.007515419708029197
0.007515419708029197
0.007448636690647483
0.0036784
0.003575047619047619
0.0034959210526315787
0.0034127712765957448
0.0004916363636363636
0.000448047619047619
0.0003266666666666667
0.0002835
0.00024992307692307694
0.00024992307692307694
0.00016044444444444445
0.000112
3.2e-05
3.2e-05
3.2e-05
1.6e-05
1.6e-05
1.6e-05
0.0
0.0
0.0
0.0
0.0
0.0
0.0
0.0
0.0
0.0
0.0
0.0
0.0
0.0
0.0
0.0
0.0
0.0
0.0
0.0
0.0
0.0
0.0
0.0
0.0
0.0
0.0
0.0
0.0
0.0
0.0
0.0
0.0
0.0
0.0
0.0
0.0
0.0
0.0
0.0
0.0
0.0
0.0
0.0
0.0
0.0
0.0
0.0
0.0
0.0
0.0
0.0
0.0
0.0
0.0
0.0
0.0
0.0
0.0
0.0
0.0
0.0
0.0
0.0
0.0
0.0
0.0
0.0
0.0
0.0
