0.00227529
0.00227529
0.00227529
0.00227529
0.00227529
0.00227529
0.002833967213114754
0.004328664556962025
0.009995615044247789
0.009365186206896551
0.007488348432055749
0.007488348432055749
0.007427177700348432
0.0034256302083333335
0.0034087552083333335
0.0033751302083333333
0.0033333333333333335
0.0003538947368421053
0.00032938888888888894
0.00019236363636363637
0.0001521111111111111
0.00012014285714285714
0.00012014285714285714
0.000112
9.6e-05
3.2e-05
3.2e-05
1.6e-05
1.6e-05
1.6e-05
0.0
0.0
0.0
0.0
0.0
0.0
0.0
0.0
0.0
0.0
0.0
0.0
0.0
0.0
0.0
0.0
0.0
0.0
0.0
0.0
0.0
0.0
0.0
0.0
0.0
0.0
0.0
0.0
0.0
0.0
0.0
0.0
0.0
0.0
0.0
0.0
0.0
0.0
0.0
0.0
0.0
0.0
0.0
0.0
0.0
0.0
0.0
0.0
0.0
0.0
0.0
0.0
0.0
0.0
0.0
0.0
0.0
0.0
0.0
0.0
0.0
0.0
0.0
0.0
0.0
0.0
0.0
0.0
0.0
0.0
0.0
