0.002741884615384615
0.002741884615384615
0.002741884615384615
0.002741884615384615
0.002741884615384615
0.002741884615384615
0.004404132231404958
0.006273447204968944
0.009081719047619048
0.009721227272727272
0.007555912213740458
0.007555912213740458
0.007555912213740458
0.0037122057142857144
0.0036258034682080924
0.0035686436781609196
0.0035370511363636364
0.00050625
0.0004730625
0.00041257142857142854
0.00036623076923076925
0.0002667777777777778
0.000253125
0.000210125
0.00016016666666666667
0.00011266666666666668
8.82e-05
8.82e-05
8.82e-05
8.82e-05
4.8e-05
3.2e-05
3.2e-05
1.6e-05
1.6e-05
0.0
0.0
0.0
0.0
0.0
0.0
0.0
0.0
0.0
0.0
0.0
0.0
0.0
0.0
0.0
0.0
0.0
0.0
0.0
0.0
0.0
0.0
0.0
0.0
0.0
0.0
0.0
0.0
0.0
0.0
0.0
0.0
0.0
0.0
0.0
0.0
0.0
0.0
0.0
0.0
0.0
0.0
0.0
0.0
0.0
0.0
0.0
0.0
0.0
0.0
0.0
0.0
0.0
0.0
0.0
0.0
0.0
0.0
0.0
0.0
0.0
0.0
0.0
0.0
0.0
0.0
