0.0170840276816609
0.0170840276816609
0.0170840276816609
0.0170840276816609
0.0170840276816609
0.0170840276816609
0.02122383699059561
0.018176250773993808
0.014060984662576688
0.00916748717948718
0.004324687898089171
0.004324687898089171
0.004293254777070064
0.00026414285714285716
0.00024014285714285714
0.00018
0.0001682
6.4e-05
6.4e-05
3.6e-05
3.6e-05
3.6e-05
3.6e-05
0.0
0.0
0.0
0.0
0.0
0.0
0.0
0.0
0.0
0.0
0.0
0.0
0.0
0.0
0.0
0.0
0.0
0.0
0.0
0.0
0.0
0.0
0.0
0.0
0.0
0.0
0.0
0.0
0.0
0.0
0.0
0.0
0.0
0.0
0.0
0.0
0.0
0.0
0.0
0.0
0.0
0.0
0.0
0.0
0.0
0.0
0.0
0.0
0.0
0.0
0.0
0.0
0.0
0.0
0.0
0.0
0.0
0.0
0.0
0.0
0.0
0.0
0.0
0.0
0.0
0.0
0.0
0.0
0.0
0.0
0.0
0.0
0.0
0.0
0.0
0.0
0.0
0.0
