0.01043355785123967
0.01043355785123967
0.01043355785123967
0.01043355785123967
0.01043355785123967
0.01043355785123967
0.018901898245614036
0.018427610429447853
0.01360860883280757
0.008645446096654276
0.004276363636363636
0.004276363636363636
0.00421620245398773
0.00013225
0.000121
0.00011025
8.533333333333332e-05
3.6e-05
3.6e-05
2.5e-05
2.5e-05
2.5e-05
2.5e-05
0.0
0.0
0.0
0.0
0.0
0.0
0.0
0.0
0.0
0.0
0.0
0.0
0.0
0.0
0.0
0.0
0.0
0.0
0.0
0.0
0.0
0.0
0.0
0.0
0.0
0.0
0.0
0.0
0.0
0.0
0.0
0.0
0.0
0.0
0.0
0.0
0.0
0.0
0.0
0.0
0.0
0.0
0.0
0.0
0.0
0.0
0.0
0.0
0.0
0.0
0.0
0.0
0.0
0.0
0.0
0.0
0.0
0.0
0.0
0.0
0.0
0.0
0.0
0.0
0.0
0.0
0.0
0.0
0.0
0.0
0.0
0.0
0.0
0.0
0.0
0.0
0.0
0.0
