0.017966505660377358
0.017966505660377358
0.017966505660377358
0.017966505660377358
0.017966505660377358
0.017966505660377358
0.021874936877076413
0.020073982507288632
0.01495595588235294
0.009585373287671234
0.004464023809523809
0.004464023809523809
0.004464023809523809
0.00017066666666666665
0.00014580000000000002
0.00014580000000000002
0.000121
0.0
0.0
0.0
0.0
0.0
0.0
0.0
0.0
0.0
0.0
0.0
0.0
0.0
0.0
0.0
0.0
0.0
0.0
0.0
0.0
0.0
0.0
0.0
0.0
0.0
0.0
0.0
0.0
0.0
0.0
0.0
0.0
0.0
0.0
0.0
0.0
0.0
0.0
0.0
0.0
0.0
0.0
0.0
0.0
0.0
0.0
0.0
0.0
0.0
0.0
0.0
0.0
0.0
0.0
0.0
0.0
0.0
0.0
0.0
0.0
0.0
0.0
0.0
0.0
0.0
0.0
0.0
0.0
0.0
0.0
0.0
0.0
0.0
0.0
0.0
0.0
0.0
0.0
0.0
0.0
0.0
0.0
0.0
0.0
