0.019269533834586464
0.019269533834586464
0.019269533834586464
0.019269533834586464
0.019269533834586464
0.019269533834586464
0.021724482758620687
0.018726009584664537
0.014294869841269842
0.00912821189591078
0.004355555555555556
0.004355555555555556
0.0042848999999999995
0.000242
0.00018514285714285714
0.00013519999999999998
0.00011025
5e-05
2.5e-05
0.0
0.0
0.0
0.0
0.0
0.0
0.0
0.0
0.0
0.0
0.0
0.0
0.0
0.0
0.0
0.0
0.0
0.0
0.0
0.0
0.0
0.0
0.0
0.0
0.0
0.0
0.0
0.0
0.0
0.0
0.0
0.0
0.0
0.0
0.0
0.0
0.0
0.0
0.0
0.0
0.0
0.0
0.0
0.0
0.0
0.0
0.0
0.0
0.0
0.0
0.0
0.0
0.0
0.0
0.0
0.0
0.0
0.0
0.0
0.0
0.0
0.0
0.0
0.0
0.0
0.0
0.0
0.0
0.0
0.0
0.0
0.0
0.0
0.0
0.0
0.0
0.0
0.0
0.0
0.0
0.0
0.0
