23
17
7
2
24
33
1
2
1
16
5
6
5
7
11
11
17
16
14
34
4
3
27
25
30
29
9
3
18
7
2
2
20
23
1
6
9
2
9
3
20
2
28
11
14
4
4
18
12
3
7
1
2
10
31
13
5
17
7
22
13
2
20
14
22
14
2
3
12
5
7
19
13
2
14
1
7
31
12
2
2
5
8
31
24
7
30
5
29
4
28
4
5
6
16
12
12
22
32
21
6
1
8
1
11
1
20
15
1
17
27
3
8
6
11
5
2
4
1
14
28
15
3
3
22
21
30
5
27
2
3
3
4
18
17
3
15
3
17
16
7
27
10
3
28
30
10
23
7
8
22
2
24
9
12
3
19
10
19
17
25
10
4
1
2
3
27
24
2
26
3
7
7
33
30
24
10
16
4
2
5
9
20
8
2
10
3
23
7
9
6
2
16
3
8
11
4
1
7
5
15
6
1
4
4
11
8
2
18
3
33
6
4
9
24
4
5
2
9
1
2
33
6
22
1
1
2
9
21
11
10
15
31
8
20
6
15
14
1
10
27
11
11
34
33
34
34
6
15
15
8
3
18
15
6
12
2
16
10
17
2
2
18
7
1
13
18
2
3
5
7
1
13
9
7
6
9
5
18
14
5
3
9
23
10
2
4
2
18
20
3
4
23
6
26
18
32
4
8
2
15
7
7
10
20
4
4
17
24
9
5
1
2
11
22
25
12
7
33
11
2
8
1
9
13
5
25
6
29
12
2
15
32
2
4
6
10
25
10
31
29
5
1
19
2
17
11
9
23
25
11
4
29
19
19
9
15
1
3
7
8
9
4
34
2
1
19
4
23
12
1
10
31
3
27
5
20
3
16
18
34
14
16
16
1
5
30
1
12
4
30
25
2
9
19
10
1
20
6
3
14
15
21
2
7
8
34
3
6
31
6
4
4
21
18
27
32
1
13
1
4
17
9
3
14
20
11
26
15
15
1
12
22
2
24
16
24
29
11
6
6
6
9
5
1
5
1
1
1
1
22
1
8
21
10
15
12
6
7
12
10
20
1
13
2
2
28
2
8
1
16
12
13
8
18
22
12
1
7
1
15
5
1
1
1
2
4
17
31
6
2
10
12
2
23
6
8
10
4
6
6
12
3
2
10
11
12
16
5
11
12
12
7
8
6
7
3
8
6
23
8
5
30
11
26
19
10
1
21
8
6
4
27
29
7
8
4
5
29
1
11
6
11
16
6
4
6
6
13
13
1
32
2
8
21
9
32
7
7
4
3
4
14
10
7
6
2
8
20
8
3
4
4
13
15
12
12
1
13
3
6
5
14
13
25
1
2
1
27
28
2
17
1
3
1
6
2
17
28
7
14
5
3
5
11
11
3
1
5
1
4
2
7
19
3
7
3
5
3
34
26
7
6
3
4
10
22
2
6
9
8
1
1
23
8
21
8
3
4
3
3
9
5
18
10
5
4
31
26
26
4
3
1
21
5
17
10
10
3
10
29
17
8
3
17
15
27
26
7
6
1
9
9
12
4
19
20
24
32
5
21
7
8
4
4
21
9
31
7
2
14
2
5
7
2
11
8
3
3
9
1
16
5
1
5
1
13
3
8
3
12
1
6
14
1
5
17
9
4
14
7
21
9
8
4
18
1
16
13
2
13
22
18
7
9
5
7
4
4
33
2
10
18
30
22
13
26
3
33
3
13
1
18
28
9
23
11
2
19
11
1
22
3
1
2
1
5
4
8
8
6
1
3
8
19
8
5
13
9
34
7
26
12
9
10
18
1
9
7
12
14
14
1
4
33
6
2
3
11
1
32
4
2
3
19
3
9
4
17
13
8
5
15
33
20
1
11
9
6
2
4
13
10
30
2
22
23
10
5
13
12
24
8
14
3
7
34
11
5
6
12
25
8
5
5
3
16
2
3
4
4
9
7
8
1
19
21
2
17
3
4
28
3
10
11
12
5
5
9
6
6
4
13
24
32
2
2
3
25
7
17
21
10
2
9
14
5
16
2
28
20
15
5
4
5
6
3
13
6
18
2
26
1
2
12
6
12
5
9
9
25
9
7
31
15
1
27
5
16
10
2
14
28
19
26
10
19
12
6
14
11
7
15
8
16
6
4
8
11
6
9
8
14
2
1
10
11
5
8
2
11
25
14
7
9
9
19
32
6
30
17
4
4
12
29
5
1
9
7
2
1
2
29
18
12
11
16
2
11
6
14
24
16
28
6
1
5
7
5
8
7
5
10
2
2
13
20
1
1
11
