274 356
191 328
176 292 435 699 808
2 135 592 809
100 126 156 167 194 416 818 927
10 53 384 544 919
367 526 759
75 85 258 425
6 25 960
36 82 88 538 604 868
47 139 205 298 307
33 174 246 566 569
7 15 34 106 188 220 715
25 27 29 36 387 630 728 912
9 35 109 272 418 480 712 715
61 79 155 457 460 491 512 577 928
722 882
9 108 119 272 284 301 483 588 666 766
140 728
9 967
3 157 734 991
750 897
37 100 126 129 219 241 414 857
32 67 152 200 227 334 465 504
29 48
118 165 204 340 639 851 913 937
5 153 832
31 117 556 944
100 207 403 574 776 990
126 229 336 454 771 791
19 52 425 720 727
44 411 543 940
19 75 255 623
23 25 80 111 463 628 653
28 109 358 448 608
649 668 782
33 40 41 124 156 415 641
45 66
5 168
32 34 56 128 136 822 898
91 599 984
479 689
39 227 277
144 806
201 249 301
81 345
1 196 427 947
333 949
140 178
15 30 88 213 390 609 739
25 87 127 146 209 744 824 956
72 120 856
126 555
1 75 243 827
28 561 806
30 51 85 189 206 600 747
19 37 123 130 219 228 852
12 43
31 80 130
31 81 300
4 8 44 94 206 230 255 696
26 43 481 661
23 169 203 578
57 60 73 116 270 419 584 731 767
91 145 467 754
3 30 565
79 378 603
21 100 454 681 738
78 93 102 176 373
146 175 358 387 549 996
9 76 470 706
46 753
151 222 245 315 379 388
293 349
19 162 186 201 785 828 953
54 143 658
12 36 56 114 168 307 390 573 899
20 93 326 780 895
67 133 175 218 296 475 797
5 7 179 249 343 982
4 163 560 725
11 57 261
23 111 274 324
24 154 189 327 807 952
163 216 369 459 611 836
19 24 37 209 356 585
153 168
40 619
122 162 224
55 233 928
13 54 248 285 396 496 736 796
668 902
5 309
11 182 214 228
8 379 803
4 31 38 62 74 221 257
65 190 283 454 654 784
44 176 230 351 439 931
26 265 353 534 535
17 110 160
54 147 285 339 372 993
21 137 197 287 301 307 390
295 525
32 99 208 347 434
19 64 871
104 540 586
5 9 15 17 265 598 682 694
228 310 463 755 909 968
69 674
44 439 606 760 838 939 976
54 626
48 69 79 209 220 507 783
68 615
700 788
177 505 828
73 549 707 746 830
46 60 65 98 125 172 433 627
121 136 213 412 511 537 963
105 237 365 730 817 825 901
644 733
4 165
2 24 250 346 350 460
23 111 233 281 398 819
41 63 103 203 235 447 450
2 54 204 240 660 823 859
9 60 65 142 167 315 321 416
3 141 479 694 734 853
33 48 93 134 289 305 380 644
38 58 112 117 144 393
14 72 256 587 613
4 38 260 297
60 225 388 433 476 595 854
5 215 292
117 145 221
222 486 814
2 17 260 592 717
27 225 226 265 348 356 701 784 852 910
376 829
94 212 236 411 496 581
99 557 801
47 90 121 197 307 367 768 821 907
150 521
23 142 589 917
22 131 359
51 77
595 787 971
112 408
196 506 757
18 240 379 384 436 471
23 142 647
54 186 498 920
286 331 553
268 377 462 587 997
6 45 103 113 120 174 196 922
59 101 172 194 959
24 327 444 911 934
52 106 604
406 684
27 673 779 869
5 85 242 678 850
45 64 119 323 445 588 851 945
58 159 355 676
125 826
76 87 943
21 22 61 74 152 194 410 615
76 420 470 727
166 374
13 82 887
365 803
158 177 534 564 595 742 761
27 443
7 36 62 114 236 300 453 478 496 519
36 46 215 236 399 537
154 155 497
162 946
18 140
37 65 451
3 59 118 163 516 565 616 685
60 450 451 578 597 762
230 541
49 89
27 49 96 97 173 256 389 472 511
27 259 339 372 801 875 958
18 35 58 94 102 124 135 422 478 764
4 180 192 210 269 692 708 884
16 164 696
16 20 170 541 650
38 921
4 192 196 506 978
22 124 252 464 571 641
825 884
21 46 197 912
88 170 281 342 444 643 736 845
34 349
203 333 593
31 858
82 721 777 887 895
6 14 609
264 479
4 8 74 264
168 982
116 518 946
2 17 110 160 560 829
76 137 312 417 431 463 485 967
16 115 206 230 242 243 524 757 865 976
108 481
22 70 232 301 763 806
574 729
108 201 481 709
79 96 188 385 432
39 910 968
128 200
248 266 464 578 579 707
52 76 109 270 777 787
155 214 841 854
209 324 687
75 833
6 174 245 795
143 162 231 823
174 211
51 89 163 204 546
19 37 583
6 68 174 267 415 749
424 659 699 867
12 181 862
30 360
209 468 692
33 34 192 569
453 530 934
94 212 274 442 457 492 542 910 985
75 120 138 171 280 291 792 922
41 107
25 387
195 770
95 178
55 127 146 266 830
31 468
78 832
4 32 192 434 746 765 901 995
102 272 450
183 275 282 594 640
81 96 389 477 571 711 831 866
46 55 92 213
153 163 459 546 721 793
83 150 251 270 536 631
229 291 319 414 763
15 115 161 219 225 274 326 476 955
94 156 501
9 55 142 167 375 416 533 589 667
34 284 744 860
62 467 599 758 759 970
9 70 217 326 485 942
394 443
1 7 343
6 223 515
261 288 797
19 45 75 102 228 382 528 552 886 998
22 28 123 166 371 378 607
26 145 353 590
5 153 309
203 323 750
24 26 52 89 438 879
61 325
15 207 445 497 681
298 861
14 48 71 199 318 689
1 29 296
174 342
72 157 207 211 344
6 245 319
94 567
32 38 80 116 121 590 754 889 890
7 8 9 96 106 226
108 140 250
15 314 817
2 17 110 143 598 742 961
361 403 554
57 88 538
19 601 837
172 271 781
55 914
115 170
122 208 237 429 430 892 915
321 820 962
103 402 575
35 366
7 108 226 249 480
3 29 405
173 187 271 275 880
63 164
27 718 869
7 337 372 461 844
590 862
42 62 80 112 210
133 216 292 363 425 459 573 675
322 530 554 811
328 411
67 94 142 667 980
95 591 702
375 419 898
8 42 80 81 362 404 427 494 597
186 304 742 810
100 154 403 529 555 630 686
317 440 905
12 28 36 458 500 840 871 896
27 743 974
72 395 553
233 569
17 139
30 54 71 170 180 199 600 785 789
3 77
223 547
16 100 113 150 251 774
2 151 362
7 9 239 366 588
22 40 594
3 59
9 52 164 183 445 551 608 765 793
11 41 57 107 270 290 522 844
340 374
292 306 808 872
73 996
7 418
561 603
9 16 265 448 533
10 17 18 193
19 329 534 834
1 34
82 300 716 948
137 201 232 870
56 61 370
13 89 116 341 539 844 867 965
150 207 251 306 453 474 570
42 180
21 168
57 70 81 117 208 278 281 822 829
40 641
32 67 257 789
24 392
966 987
26 329
63 252 322 514 625 683 997
12 36 819
252 664
18 726
240 396 864 926
12 191 276 328 399 490 501 796
143 186 231 564 645 657 926
11 376
70 82
27 214 228 662 672 673 735
22 56 89 132 138 547 965
18 87 193 258
132 740
162 304
24 72 220 526 805 957 967
56 147 177 231 240 396 492 498
11 13 93 386 567 703 767
79 97 155 162 232 256 493 669 841 896
190 277 556 703 812
15 196 427
18 485 671 916 999
123 131 138 342
178 361 518
63 183 235 305 677 891
21 44 170 621
284 442 520
54 103 244 548 620
47 90 363
66 120
3 18 59 196 351 524
654 686
209 253 741
34 293 311 623
94 122 186 223 519 542 940
20 375 628
9 40 97 123 136 164 282 420 617
42 218 876
60 367 740 818 864
49 790
26 198 329
101 115 267 529 947
728 919
323 800
112 131 136 185 624
344 927
14 29 279
26 143 438 973
36 111 202 224 409 930
1 34 66
280 563 685 922 981
11 13 82 559 781 987
59 559
70 127 212 420
10 33 143
21 197 355 639 775 924 937
36 57 191 276 545
50 363 684
51 318
100 529 722
26 205
46 205 821
9 20 66 237 364
382 762
27 106 154 423 450 484 610 852
104 220 265 484 593
182 482 582
2 10 49 330 502 790
69 96 317 502 576 711 928
29 296 698
256 723 800
24 136 145 161 252 316 327 661
32 42 53 111 536
7 385 877
182 283 807
71 83 838
30 77 873
35 238 595 610
113 234 251 299 507
157 354 526 585
86 189
14 50 66 619 640 710 814
11 34 634
20 25 36 60 294 441 496 566
5 23 206 314 931
52 106 187 397
32 130 257 877
78 233 400 489 688
29 48 183 290 573
18 48 69 95 180 231 404 868 919
125 151
69 576 964
25 87 499 523 960
56 325 579
188 195 522 626
105 243
6 37 54 60 98 151 177 433 883
62 387
7 119
73 273
17 58 160 307 725 865 961
179 287 529 638 794 882
42 80 313 504
22 329 353 378 438 539
3 13 275 348 444 565
5 437
43 91 121 169 257 467 590 900
99 141 552
5 6 245 670
4 19 66 177 280 401 601 691 791
34 198 358
1 93 217 236 989
18 43 91 145 923 984
269 710 748
67 227
54 186 231 259 455 551
42 313
33 63 842
295 428 525 650
6 319 814
19 45 792 834
24 51 105 242
285 492
7 109
12 596
148 495
25 87 642
46 279
2 58 139 346 676 881
6 839 987
22 39 190 214 394 443
1 27 37 148 190 234 955
89 100 303 318 689 973
40 192 210 408 461
38 80 247 486
102 171 252 443 863
104 998
21 217 326 893
86 189 669
30 51 264 558 932
10 20 129 176 215 447 667
8 62 91 978
92 197 210 352 499 532
12 114 216 743 815
304 505
35 109 727 893
47 179 204 306 413
55 112 144 340
102 366 764 816
105 115
83 234 697
75 981
3 67 149
8 53 62 71 393
17 39 58 110
16 243
6 24 35 255 338 452 585
79 232 246 357 381 460 559 666 964
119 135 160 541 859
21 46 92 118 205 213 363 368 506
24 952
46 47 546 719
47 287 298 487
41 43 169 331 446 482 754
11 867
33 183 235
180 876
108 456
12 44 159 162 177 186 409 455 799 828
27 643
122 237
113 115 314 406
4 263 289
26 78 84 164 343 388 489
4 28 40 131 152
21 204 390 725 962
32 61 73 266
10 38 140 218 262 268 383 591 756 978
31 53 286
144 156 291 863
13 509 582
18 289
113 395 536 635 709 724 888 990
61 550 996
195 663
15 605 939
78 302 353 373 766
39 214 584 751
11 107 177 337 891
105 439 524
47 395
32 42 185 758
30 86 275
656 809
7 61 90 320 432 473
32 53 577 907
28 210
8 35 121 197 321 890
39 99 221 334 679
152 494
210 878
23 105 243 351 533 799
25 284 523
53 67 208 310 393 465
16 931
121 923
16 44 90
323 653
26 89 141 264 405 539 991
31 73 473 729 746 751
92 133 313 487 499 537 647 738 851 963
118 298 562 872
2 3 30 149 160 303 600
4 29 175 726
82 278
37 38 39 277 869
146 201 249 914
28 40 136 171 571 607 624 773
9 385
71 143 505 516
45 66 120
273 473 550
42 53 130 148 169 188 349 756 858
227 262 434 950
1 11 84 759
99 333
377 426
39 154 228 303 550 574
12 22 91
15 44
83 333
31 56 66 100 325 517
38 50 53 64 227 313 372 465 492 765
21 24 29 267 421 499
111 129
525 637
18 544
119 239 632
61 448 608
332 357
23 55 78 233 249 254 410 813
245 319 471 692
23 129 358 706
16 105 242 276 593
10 55 78 178 340 373 489 648
52 106 752 945
2 58
2 58 91 129 139 182 308 413 422 423
194 316 472 763 911
97 161 316 493
101 294 902
114 220 409
322 469 663
78 410
14 141 149 535 769 853
26 973
98 101 294 799
23 142
4 187 334 419 579
133 216
115 147 320
51 64 85 435
51 62 86 682 1000
50 124
127 146
94 191 581 811 840 906
65 125 151 627
35 431
59 182 214 789
512 711
281 812
12 236 581 670 929
2 139 422
1 117 369 634 756
98 224 257
47 137 232 352
4 99
11 70 135 308 893 918
8 68 219 276 377 523 748 849
25 127
2 155 507 576 577
225 265 312 315 327 585 593 598 842
184 774 938
14 149 554 558
152 259 319 417 557
3 123 142 269 282 897
10 102 140 195 312 470 515 726 764
7 12 43 198 385 566 599
126 229 500 555
15 44 97 105 230 510 1000
4 345 741
26 89
23 86 90 205 298 651
55 84 233
161 168 279 338 678 933
6 10 101 140 178 544 888 977
202 566 899
14 54 158 361 459
6 938
33 41 45
1 11 70 122 212 278 446
13 34 47 304 368 738 802 850 935
23 142 163 515 623
7 9 239 397 445 484 706
36 440 596
65 79 90
3 172 189
47 50 197 719
40 123 428 649 699 925
64 720
25 175 191
2 308
77 141 513 737
63 103 184
145 485 862
5 237 429 441 449 915
20 111
108 201 254 332 402 429 430
55 84 217 340
29 408 879
32 185 587 591 972
57 93 311 509
74 130 165 737 904 990 994
36 114 440 442 545
14 405 786
14 141 173 954
10 193 379 383 384 422 983
13 56 214 308 602 845
2 788 809
4 74 331 504 903
161 354
269 359 638
6 38 259 288 339
6 15 114 347 472 510 543 547
355 683
8 491 858
13 93 281 992
98 305
52 202 452 771
10 95 254 383 544 666 855 915
362 755
193 258 847
11 42 63 81 117 147 165 169 804 970
22 68 78 124 171
122 137 332 456 575 813
146 387 960
57 61 82 128 139 166 200 655 776 992
4 347 351 605 979
50 136 156 194 250 378 537 580 748
22 291
338 423 909 948
45 75 238 425
283 687
122 250 332 402 933
31 83 103 150 234 497 514 521 703
20 649 837
253 289
60 451
7 9 266 478
8 62 85 466 597 825
287 368 611
12 36 114 834 896
65 762
10 23 111 129 241 297 695
19 28 107 173 377
28 517 640 811
94 670 980
333 417 552 557 679 688
338 911
41 68 123 124 269 690 901
6 8 67 222 740
41 101 223 426
97 256
3 51 283 348 479
226 418 772
39 310 394 755 912
8 36 83 244 246 407 411 545 581 875
49 96 477
24 45 254 429
16 196 524 757
34 44 139 170
75 280 589 714 791
507 831
48 69 97 330 370
32 334 495
38 81 179 390 494 848
5 12 85 92 215 216 368 572 599
4 14 30 44 67 102 226 314 320 951
30 47 133 335 546
77 988
3 264 880
10 13 384 436 438 977
9 159 266 835 924
24 323 388 392 701 879 936
4 74 156 584 597 778 848
16 115 125 541
25 127 391 744 824
23 98 104 167 251 745 982
29 253 263 380
10 18 20 140 141 407 721 935
24 350 952
276 500 871
98 732 745
63 235
25 35 50 56 84 107 325
30 31 81 141 167 227 889
1 12 101 332 441 520 650
23 917
14 147 455 513 527
1 376
17 128 135 192 268
285 339 870 887
19 382 401
49 389
125 315
150 631
72 76 159 371 404 490 856 971
488 961
12 490 796 959
2 104 717
14 51 622
3 30 59 149 172 173 199 271 302 694
12 41 183 301 402 519 548
231 337 920
212 985
13 57
29 586
43 109 145 355 382
25 45 336
43 121 890
4 21 48 127 134 900
124 131 241 804
82 93 128 200 342 622 645
3 17
117 152 208 286 345 365
27 39 190
16 28 112
255 500
100 414 636
90 532
34 87 127 146 175 634
33 114
5 153 287 775 874
64 238
1 7 418 827
10 18 95 178 384
85 381 620
76 92 106 235 448 462 480 610 677 783
2 17
572 794
4 33 97 370 792 905 975
348 356 718 779 941
64 583 953
72 435
120 575 665
625 894
110 260 662 717
34 293 369 495 615
39 74
138 171 187 652 750 798
12 41 183 235 426
78 532
3 51 71 114 324 535 965 969
38 163 179 204 292 412 452 647 768 872
13 70 501 629 633 918 959
181 542 908
74 95 178 193 258 352 368 508 657 977
68 132 138 378 406 798 835
65 224 451 745
23 148 589
158 177 181 278 337 461 564 658 993
56 217 419 604
147 505
408 657
221 257 468 818
115 230 543
6 222 237 795
114 164 248 440
49 577 975
295 297 552 747 925
130 225 816
231 785
102 104 366 999
272 365 540 752 794
83 322 406 474 631 769
13 582
240 660 920
84 233
46 128 487 609
16 68 314 798
4 31 149 286 486 758
244 247
17 21 179 413 685
8 18 117 259 279 296 383 888 935
83 150 184 299 453 469 570 697 854
49 96 512 790 841
47 352
219 283 735
1 157
38 277 283 779 941 956
8 42
5 153
36 412 902
14 77 405 622
39 277 356 881
44 543 696 773
1 98 188 193 520 732
47 80 180 331 421 904
275 291 616 836
534 661
180 282 374 619
330 370 674 730
199 229 860
130 165 466
40 63 733
5 88 158 181
2 17 110 334 346 379 656 702
8 944
9 43 144 359 943
9 52 239 388
46 292
627 732
12 23
21 213
113 118 204 205 216 361 518 550 636 942
38 45 75 222 299 981
35 76 104 109 385 903
215 335 611
132 166 213 223 271 713 870 929 985
10 449 715
59 206 535 605 778
31 165 185 221 288 848
20 151
219 274
43 158 240 285
22 74 89 169 293 553 591 972
15 16
37 673
155 352 457 857
295 782
83 103 135 195 482 497 843 949
8 9 153 407 633 701 971
9 29 48 134 483 712
20 381 540 548 936
60 77 224
161 350
95 508 974
49 69 317 477 783 975
1 25 637
10 133 847
1 26 70 76 89 211 244 749
73 128 181 446 602 705 908 966
20 116 304 864
158 527 736
60 268 730
2 17 37 58 598 955 970
83 637
21 118 456
123 170 295 766 849
116 227 337 396 883 946
129 454 522 909
111 221 310 533
4 42 165 345
64 159 354 646 805 927
22 28 68 132 138 166 424 607 652 659
49 86 302 558 669 954 988
212 223 248 328 336 940
1 62 284 293 349
21 90 133 139 179 484 662
11 57 110 200 278
20 364 380
101 157 399 508 629 936
170 295 428 621 668 782 925
6 69 108 211 475 614
26 341
92 176 306 719 832
134 253
57 181 503 522 618 693
1 20 148 840
202 531
39 173
7 8 48 82 279 380 900 974
48 134
12 202 276 596 771 819
3 30 59 71 148 264 565 880 969
111 234 367 680 709 775 938
99 465 820 995
35 48 397 483 772
119 262 366 632
3 71 135 302 392
42 185 677
41 63 398
61 898
79 103 207 299
10 95 562 639
92 651
119 903
26 72 614
11 116 217 311 376 386 455 705 949 966
29 786 821
113 207 297 530 568 570 770 843
53 97 185 432 493 511
137 201
46 216
50 138 617 708
133 562
50 109 222 449 652 749 795 885
527 883
282 561
59 271
2 346 488
27 39 54 88 324 498 556 646
17 538 618
33 63
14 275
166 846
25 536 635 774 866 942
69 96 317 457
8 10 67 81 130 436 491 508
56 61 248 464 531 547 713 731 810 873
87 127 146 731
50 132 503 698
88 101 131 202 294
12 126 686
427 606 951 976
11 13 680 895
84 391
18 178 612 983
65 73 473 707 778
2 6 95 260
397 480
60 65 86 98 125 328 398 470 787
7 76 104 109 225 272 371 586 653
288 321
49 72 389 493 511 674 698
2 44 320
147 162 498 645
514 769
119 220
134 263 753 964
297 557
37 40 528 860 956
14 51 52 77 149 184 303 318 361
33 41 290 570
51 71 77 173
5 85 161 309
15 16 105 351 421 605 760 861 962
35 106 371
159 367
16 34 44 322 510 741 926
73 751
87 824
3 45 66 171 189 381 563 853
17 224 260 305 308 344 346 665 881
138 202 424
88 217 311 342 374 509 693 905 992
293 827
290 997
20 381
20 247
13 75 160 263 360 643 845
62 434 437 994
1 93 148 315 339 513 655
113 212 236 501
121 999
86 206 526 760
19 45 64 65 151 238
57 71 141 271 318 399 836
34 148 188 349 369 495 502
126 414
336 531
99 417 875 958
12 31 32 42 261 336 442 458
676 856
16 92 625 939
11 13 93 174
1 33 305 369
184 251 521 776
55 357 373 456 648 933
87 175
41 91 261 398 680 815 972
27 37 219 247 273 364 596 687 968
475 733 743
7 61
226 343 420 449 704 924 957
3 71 149 189 737 781
5 85 104 168
19 64 121 401 458 563
300 468
229 403 555 681
11 84 373 489
28 40 41
73 131 386 549 873
642 885
15 371
238 563
26 55 78 306 341 503
108 137
28 136 638 855 878 916
6 175
66 80 232 238 357 583 720 930
28 53 112 350 404 466 517
22 33 63 64 107 290 400 603 906
13 22 124 131 187 400 503 580 773
126 155 882
13 181 430 839
57 126 181 281 461 482
70 72 157 159 395 805
64 120 280 601 886 991
5 23 44 129 176 435
40 50 52 102 477 693
10 18 471 702
23 167 416
120 714
15 24 190 338
42 68 210 659 664 780
64 65 370 561 710
11 20 86 618 837
58 135 193
157 376 839
2 235 462 815
10 95 471 528 847
11 609
1 224
32 38 192 223 262
31 466
27 155 182 556 630
278 604 705
28 73 273 400 579 580 921
122 357 430 988
51 130 286 313 360 913
52 169 632
463 483
146 274 324 362 394 723 807
35 49 97 389 907
2 8 31 43 225 268 365 447 704
47 60 65 433
48 303 360 600 613 753
28 85 247 407 691
22 166 594
43 145
91 467 551
213 335
29 132 144 253 296
29 46 90 134 263 267 415 475 886
63 107 143 259 626
8 92 690 695 989
68 897
198 528 578 671 752 761
15 115 439 838 983 995
25 40 175 391 523
25 33 57 88 128 326 391
6 211
1 290 321 393 877
147 372
116 331 512 606 889
46 651
36 515
7 35 52 239 772
18 22 28 101 131 132 344
24 316 842
11 13 538 716 989
320 347
94 218
55 84
92 118 163 413 802 861
294 441 545 899
297 679 958
5 9 35 85 246 437
50 424 808
116 270 446 602 716
79 289 330 831
103 112 123 150 171 299 517 724
3 90 287 335 684 734 802 954
2 58 894
2 50 68 69 74 252 582 607 878
22 98 166 191 286 354 708 863
33 158
7 35 226
17 46 56 73 110 325 549 810 979
234 469 568 663 833
26 329 341 353 539
16 59 77 86 199 510 606 913
6 8 14 32 38 672 885
20 56 106 266 273 542 574
13 173 200 285 386 559 646
26 428 747
15 16 105 700 816 865 947
207 568
24 317 350
4 17 39 58 80 859
104 145 169 335 855 951 986
49 93
21 26 412 487 532 560 572 739
19 72 138 157 159 198 344 682 957
250 254
273 584 729
41 107 377 462
311 621
55 152 914
636 722
108 724
174 229
1 34 82 112 474 929
59 86
36 548
21 133 572
113 184 474 518 635
11 140 258 602
83 195 514 554 683 770 934
2 58 110 263 656
270 444 655 918
4 32 54 125 151 180 208 268 690 797
61 822
288 675 850
53 261
355 362 642
20 364 527 823 874
6 587
15 16 53 203 230 288 506 594 817
246 509
21 90 118 348 784 937
5 7 10 168 176 248 309
228 277 672 713
568 664 697
316 460 580 603 617
31 53 74 81 185 262 567 876
66 280
1 49 188 211 284 553 950
7 25 99 255 452 986
1 3 18 53 530 586 761
30 203
47 147 205 421 675 739 894
76 137 198 220 254 447
25 87
161 327
14 149
48 209 380 431 562 786 843
199 613 616
56 218 464 830
5 164 215 312 678 800
120 211 222 382 691 963 1000
134 279 289 296 415
37 144 804 849
45 195 244 312 364 620 660
232 237 250
3 15 206 242 243 767
116 569 777 801 891 948
40 69
69 409 472 502
33 41 96 103 107 113 234 576
19 84 221 688
107 190 426
476 826
375 917
54 158
39 735
3 199
16 242
28 194 846
49 79 96 176
31 81 494 921
11 88
142 241
6 330
59 359 564 601 658 953
218 300 486 491 695 803 994
136 269
14 77
5 15 43 153 167 241 437 874
144 194 291 374
15 37 88 154 182 184 857
117 262
525 833
172 932 980
18 24 68 392
14 302 516 558
89 341
84 410 648
236 255 490 531 624 846 906
27 310
135 488
272 478
37 156 171 700 718
3 30 172 513 516
1 118 143 148 167 241 520 944
573 768
8 19 66 67 74 476 930
122 375 481 788 892
21 72 560
35 91 998
29 125 253 267 588 945
164 203 245 431 826 986
10 106 137 436 813
5 67 144 152 165 282 540 671
1 70 112 124 359 423 583 969
469 521 704
8 32 504 567 612
27 43 354 614 923
27 37 154 723
30 932
12 71 294
258 383
2 17 110 160 665
260 592 612
30 42 78 87 229 261 345 360 904
62 80 208 218 628 884 950 993
43 187 984
79 129 249 256 432 575 866 892
76 916
139 592
215 247 309 793
45 91 191 363 401 629
3 13 29 128 519 644
70 200 386 812 868 908
52 62 109 119 239 608 633 820
22 48 50 99 132 134 156 187 267 458
40 154 571 654 835
198 343 358 551 712
20 244 246 780
5 160
19 24 75 714 943
14 77 172 179 347 488 941 979
