36 555
17 110
173 721
223 255 496
25 391
43 91 145 467
2 17 346 974
454 681
88 604
11 93 128
427 606
10 18 124 728
14 32 61 119 157 273
22 28 43 603
577 783 831
3 71
31 53 74 80 227 257 286
82 992
273 810
77 513 689
175 523 824 960
233 410 442
5 9 164 431 855
114 294 545 980
13 128 134 149 357 703 893
5 16 48 153 215 372 613 982
35 102 664
45 75
15 543
492 920
15 38 80 230 257 606
98 125 142 315 476 771
31 87 127 130
9 164 221 358 445 485 671 793
234 854
177 228 310 718 885 912 956
50 123 124 136 640
43 231 481
10 962
108 149 201
206 524 947
24 338 739
253 743
45 66
2 767
5 168
158 231
50 156 194 378 571 603 863
33 284 381 388 407 837
55 233 410 489
122 424 571
28 282 374
67 221 591
206 947
37 350 562
286 288
3 147 186 360 459
29 364 786 900
69 790
23 28 156 187 378 580
379 508 728 919
56 459 729
239 761
194 561
11 342 829
140 178
265 752
142 147 177 259 455
6 25 82 321 387
122 250 585
154 274 310
19 64
99 552
585 879
151 309 746
62 139 313 494 598 950
20 44 780
228 277 642
182 362
194 641
85 373 387 598
3 275
87 180 208
183 819
659 698
28 112 171 435 503 517
2 28 58 110 135 822 971
53 192 404 553
33 127 151 391
75 120 238 273 419
51 173
1 34 523
93 515 948 987
24 268 468 628 931 995
356 502
5 33 85 153 235
18 919 983
36 150 985
16 44 314 320
19 382
226 633
153 215
8 62 261 269 288 292 889 978
1 34 495 520
223 328 518
105 230 242 706 976
85 244 246
62 823 994
4 24 53 131 132 970
16 85
330 495 634
24 327 723
5 168 643 873
140 229 403 456 636 702 882
6 29 60 65 253 416
66 73 75 720 746 830
196 439 1000
69 97 330 512 577
683 769 774 811
54 147 337
21 44 92 118 204 230 363 659
44 584 947
169 208
43 156 923
134 241 375
163 213 546 573
37 39
1 34 918
32 567
14 293 827 972
97 155
146 959
731 996
93 264 513
47 118 204 730 894
5 83 103 150 168 184
172 199
839 966
73 325 563 579
2 779
4 221 261 878
10 18
529 555
21 92 413 487
236 515
10 140 258 752 977
217 602
21 46 108
182 755
49 507
791 886
15 244 247 314 939
45 353
70 590 839 895 994
15 44 87 209 230 347 506 951
69 674
95 216
7 35 52 578
61 73 231 266 810 823 898
421 457 460
164 388
21 118
58 110 120 135 398
123 435 437
244 247 377 452 885
12 185 870
15 347 605
26 56 123 579 604 636 746
4 165
7 106 225 343
4 32 42
9 265 388 463 588 712 715
96 245 370 511 578
17 110 139 160 260 961
614 805
339 396
358 986
6 36 101 271
2 166
19 38 45 83 134 165 536 765
6 24 338
30 51 71 77 199 264 600 840
5 12 21 176 399 906
62 172 230 243 414 510 900 979 1000
400 602 948
167 416
23 589
7 971
156 187 194 517 633
13 57 116
10 95 183
278 489 648
45 89
58 295 621 747
231 304
72 355 395 430 479
67 393 573 597
336 441 840
71 459
153 309
14 62
43 121 314 984
3 234 236 411 516 559 985 991
107 997
100 414 722 857
98 129
86 596
8 33 41 80 81 107 569
42 393
73 574
85 285
567 599 842 972
48 76 99 209 445
75 953
64 75 120 583 691 834 943
21 46 90 537
174 814
20 27 37 190 837
6 222 749
218 357 429
40 580
32 67 877
324 718
23 747 830
121 599 923
635 637
12 32 36 42 114 220 243 483
18 64 66 383
3 51 275 616 682
43 91 754 862
9 239 371 967
9 323
40 291 374 375
92 287 851
70 648
50 92
48 72
21 47 179 562 577 611
50 68 132 138 378
9 237 534 653 945
376 538 845 867 999
133 786
64 930
16 817 939 996
18 384
55 79 96 230 440 629 983
27 113 195 251 295 817 833 871
27 79 723
26 103
63 997
198 485
59 141 180 210 271 932
449 478
16 210 510 543
23 60
98 745
599 650
36 104 399 409
62 81 821
315 348
33 426
29 209 263
1 34 79 330 369 701
13 509 693 887
311 326
65 125 151 164
2 346
614 927
34 349
154 228
6 240
30 59 77 149 173 302 737 853
4 227 334
17 135 548 771 809
139 488
228 312 385
31 122 237 429 889
2 122 139 161 237 254 308 592
8 31 218 921
14 141 521 913
370 975
361 497 816
20 226 381 407
651 808
44 115
379 702
116 604
23 111
60 301
313 331
17 809
137 232 249 254 260 301
255 411 936
649 902
10 193 203 471 919 935
79 432
70 200
99 297 333 552
27 768
2 47 90 298
291 359
3 23 129 533 737
340 505
29 94 248 296 531 581
212 248 670 929
7 102
3 51 141 556 954
11 13 31 57 82 128 181 227 646
240 259 455 498
71 449 653 971 998
57 217
29 134 209 267 644
104 816
21 133 353 354 614 625 924
76 106 109 366 903
279 337
43 249
68 112 378 494
42 171 207 497 568 570 631 938
14 531 622
31 468
17 29 308
245 512
81 143 527 626 742
52 608 713
23 28 40 111 142 167
6 44 314 319 439 740 743
675 963
14 201 237 734 933
97 576
105 196 789
137 575
50 90
32 48 72 176 710 982
5 121
9 28 85 176 595
33 290
22 144 291
133 292 352 546 572 651
185 603
54 147
373 435 632
303 405 516 559 682 781
8 465
179 352 487 499
68 400
438 640
61 707
18 508 544
34 369
33 891
8 130
25 175 213 387 962
36 130 262 334 365
216 963
12 500
201 250 666
103 113 234 568
84 798 846
295 650
10 18 95 847
767 844 966
160 260
214 228
556 788
38 365 553 937
205 335
69 256 511
6 13 70 209 270 733
292 537 963
285 337 926
72 118 354
18 32 54 95 169 372 396 660 692
40 187 408
84 101 191 796
35 99 297 557 958
269 543 652 664
1 3 30 199 323 565 954
24 108 338 350 392 837
280 583
60 125
388 448 595
14 86 275 337
23 95 111 888
172 622
115 541
77 86 558
269 594 806
143 186
53 192 491 730
9 525
18 106 193
235 277 283 852 891
42 59 97 197 286 783 988
3 30 199 302 558 689
19 75 133 287 352 421 684 725 850
114 202
138 607 652
36 88 242 602 908
316 327
21 664
17 28 146 160 470 571 624
419 473 822
17 58 139 570 656
203 397
2 49 54 85 87 422 541
26 128 376 868
121 145
28 50 68 112 124 252 618
526 602 703
35 528
716 829
48 289 380 923
12 36 233 500 871
3 51 71 81 189 271 745
55 233 468
39 362
19 56 64 100 126
11 13 70 181 989
54 177 259 527 719 883
83 530
118 163 216 351 675 794 821
39 178
25 354 367 523 856 957
25 28 74 83 130 180 474 683 776
5 10 193 384 471 874
17 139
142 350 862 899
1 148 731
73 273 550
11 29 82
235 311 377 462
59 83 453 518 542
18 159 354 355 508 544 775
381 620
6 55 84 245 460 865
2 422
3 59 86 499
14 173 535
394 443 910 956
122 249
294 441 940
30 913
7 158 259 498 872
61 73 549 810
16 147
51 86 409 613
229 414 555
10 100 105 140 697
506 887 895
103 113 115 406 931
158 396 883 993
15 115 320 524 605 699 763
274 310 324 723 968
1 34
12 51
72 159 395
54 372
41 151 224 627 732
658 874 883
45 280 563 691
366 416 903
15 206 439 696
18 178 384 991
37 807
118 197 213 625 821 894
24 392
15 322
1 48 279 406 637
1 276 458
231 429
19 66 280 791 981
466 758
12 75 114 139 336 441 442
170 621
133 289
7 192 312 727
42 820
20 246 364 620 841
19 138 238
257 313
46 188
29 134 733
4 25 38 62 218 345
80 169 321 904
570 774
322 554 568 833
39 154 190 228 363 630
24 161 214 912
123 708 846 878
3 616
317 472
70 767
7 11 14 44 88 141 149 785 959
27 37 219 423
49 155 176 477
22 281 594 750 804
27 272 348 672 735
55 78 410
4 32 62 72 514
15 174 242 243 502 799
27 40
170 428
11 703 989
22 170 525 607 798
136 252
18 51 258 379 728
102 363 835
64 75 884
19 120 834 953
784 869
63 141 290 302 305 398 491 836
103 361 530 990
36 114 676
77 582 609 736
38 313
497 554
320 757
786 900
124 237 402 860
246 364 436
154 256 310 356
55 78
22 136 187 191 710 759 763 913
11 46 57 70 270 859
105 320 412 799
148 576
747 778
100 126 339 686
673 941
60 451 762
18 90
658 920
125 157 444 452
65 125 224 229 240 320 451 454
178 888 983
562 629 851
16 29 48 263 372 537 610
36 76 191 212 236 629 665 819
7 164 385 485
11 604
179 317 389 472
74 175 744
359 571
191 255
85 309
7 106 138 198 448 588
138 171 394 748 773
69 83 151 322 497 631 745
189 357 933
43 218 590 591
162 186
37 533
21 90 133 179 443 512
9 119 203 418
207 521 568 697 770 934
358 452 945
126 173 229 414 529 681 857
7 52 101 411 787
18 49 256 493 576
48 296 726 940
43 536 862
61 574
628 695
92 213 368
316 911
291 354
3 223
67 221 345 741
41 107 275 290 305 565
22 111 402 712
155 493
15 53 185 208 587 591 884
35 52
211 814
32 67 81
157 759
52 106 551
24 161
360 527 558
13 270
58 251
37 39 228 310 700 968
6 15 16 243 795 979
31 32
6 43 145 300 319
37 39 718 757 788
64 425 601
51 86 513
45 583
109 185 727
305 377
2 144 615
10 16 802
87 268 326
8 32 35 40 288 612
109 338 795
48 389 646
3 284
5 95
17 31 192 227 393 404
188 341 610
163 368
12 596
15 23
21 33 63 107 116 305 969
110 135 160 656
148 253 475
251 934
475 644
5 153 215 309
5 24 224 315 870 982
20 367
150 637
29 192 279 296 974
29 743
24 334
86 105 815
181 278 381
56 235 266 700 731
25 92 236 284 487 532 639 705 962
189 694 847
23 111 167 619
225 793
24 62 161 777
12 519 545
195 207
172 459
216 755 818
30 51 275 853
27 37 166 356 456 517 585
21 307 390 572
27 31 227 511
94 114 545 547
15 16 44 72 196 510
37 518 663 843
84 688
28 34 68 78 166 369 424 504 603
35 117 463 772
112 359 517 536 721 811 955
351 760
57 509
88 93 326 538 646 839
44 242 427
55 79 330 370
105 115
4 38 53 165 180 567 601
247 277 394
22 40 97 132 138 210 328 545 659
23 48 415
91 121 145 243 282 865 1000
10 18 30 192 193
8 365 756
1 148
51 141
74 192
105 838 876
3 8 165 409 501
34 369 760
24 952
56 73 188 266 306 419 729 964
6 174 211 278 386 829 867
52 270 415 436 595 608 897
76 766
15 427
4 117 262 410 433
83 150 318 597 622 917
143 564
9 29 263
314 951
16 44 115 308
202 276 500 623 914
27 39 53 348 779 891
92 382 834
98 762
78 84
34 973
100 454 812
23 73
58 93 381 859
2 175 665
200 209
13 37 589
21 216 306 316 327 350 842
190 807 813 941
7 104 265
182 219 405
99 679
160 226 358 483
28 210
46 47 685
25 146 168 176
368 808
108 332 666
72 380
270 693 705 867
25 87 391
100 529
276 623
99 417 875
14 30 600 880
43 91 157 467 627 984
56 574 707 778
1 520
96 221 591
9 90 240 335 390 675 738
283 955
137 332 357
45 120
25 127 719
34 426
455 505 828 848
3 80 836 969
105 427
176 235 714
118 163 276 412 850
202 501
2 58 110 135
13 57 116 126 229 609
23 36 111 114 550 645
89 762
143 455 755
400 849
519 531
113 168 437 469 711 874
292 611
26 88 965
362 910
61 232 273 873
401 981
32 59 79 86 143 155 389
97 370
3 682
65 259 447 478 632 653 826
159 957
288 331 393
94 294
10 178 436
201 241 667
83 103 150
144 194 750
14 264
119 593
27 324
210 863
4 34 56 69 219 495 584 997
8 38 81 169
29 475
3 60 189 271
45 792
18 544
333 500 801
181 186 446 812 918
12 114 248 496
50 347 605
2 17 260
49 69 96 155 477 928
301 402 430 481
261 434
1 11
4 42 70 74 129 345 730
4 164 447 586
367 856
9 480 843 986
2 961
8 62 67
150 474
4 142 241 278 825
149 264 303 513 516 638
99 131 557
101 378
60 98 451
16 230
227 944
50 171 291
86 130 491
31 78
95 129 436 589
403 529
15 44 206 534 543 566 696 939
204 413 651 738 872
507 512
170 295 621
254 933
815 954
22 28 166 798 806
43 237 590
78 108
126 882
2 58 307 346 800 881 966
70 173
28 50 124 131 400 503 580 978
1 11 116 200 232 250 254
84 112 144 195 514 938 942
11 13 93 376 458 844
114 144 328
11 14 71 360 887
26 193
113 530 536 635 843 934 949
325 473 550 707
438 534
108 237 249 892
203 226 250 445 875 967
4 334
171 710
306 499
20 181
123 462 569 580 698
214 274 283
127 960
162 742
159 182 258 630 852
67 77 565
39 318 556 910
560 872
26 89
1 7 55 109 148 293
130 161 234 663 944
61 207 234
21 47 179
24 36 54 101 223 267 327 409 515
36 341 353 766
11 13 376 386 705
3 71 172 189 669
152 466
7 967
184 195 453
2 56
158 259 657
64 720
59 217 444
20 364
141 302
387 465
32 164 268
13 200 482 643
12 89 596
112 282
158 304 490 660
17 58 160 166 308 374 521 724 769
20 25 526 924
20 246 349 554 709
27 905
4 257 404
56 579
49 154 735 790
52 106
147 158
1 17 881
103 289 697
63 107 183 298 487 499 562
498 660
74 97 169 866
169 321
428 594
55 373 688
147 162
101 433 476
66 280 886
2 17 110 160 308 395 859 927
35 265
351 541
73 266 729
89 329
276 566
307 685
240 304
2 598
202 276 283 399 449 538 542 574 940
456 892
95 176
4 42 321
33 41 112 235 377 398
37 225 484
287 587 768
61 473
157 159
2 135
12 94 547 596 990
22 835
127 195 299 744
46 205
47 298 307
50 68 87 104 146 846
2 33 139 235 346
16 506 510 569 677
1 34 293
19 45 64
149 616
60 796
380 599
91 423
271 275 734
47 163 421
274 784
205 413 684
37 274 277 673
451 476
122 137 232 250
32 214 423
2 10 29 58 263 662
8 24 248 911 952
526 775
14 141 405 932
322 469 661 949
163 179 204 292 390 639 739 861
52 68
19 340 401 688
394 642
4 42 117 262 345 765 848
30 199 318 479 565
48 76 351 686
106 343
592 717 809
41 290 462
47 53 270 736
488 592
34 293
21 560
74 77 161 165 338 842
82 88
22 194 299 408 607
7 9 226 385 420 484
662 704 998
40 212 225 371 447 480
123 374 617
19 45 120 135 280 425 714 720 922
179 204 412 699
199 271 302 559
48 289
352 587
7 62 63 107 183 377
57 70 116 128 278 281 716 777
16 838
75 401
475 753 832
126 229 403
173 212 248 252 336
38 80 300 468 690
411 771
66 238 563 930 981
211 245 319
99 297 333
21 26 98 205 676 894
23 24
60 71 98 151
108 159 201 395 805
35 109 203 239 272 578 704
28 561 970
219 333
222 740
1 14 34 215 284 756 827
766 999
163 197 537
4 17 94 344 490 542 929 936
47 66 238 363 601 943
19 401
17 72 344 392
7 104
16 169 582 865 979
19 120 691
145 890
13 57
80 152 597
522 716
59 318
781 880
147 340
22 65 152 252
85 168 437
17 49
5 215 678 861
478 706
431 593
196 976
52 102 164 366 998
33 63 132
470 528
279 492
27 37 39 190 277 283 423 779 909
115 453
66 425 758 792
12 980
30 59
1 33 246 642
94 896
69 97 256 674 790 964
27 83 214 234 869 912
82 217 326 482 655 893 918
41 57 63 74 183
8 53 669
2 17
91 687
133 560
44 92 371 606 838 935 951
668 782 925
115 150 199 247 407 780 905
52 119 397
552 801
525 608
184 299
118 187 335 546
385 431 448 701
111 167
19 66 75 120 382 787
125 151 224 225 347 804
51 86
489 914
73 464
127 131 624
11 217
15 26
9 298 485 655 850
59 122 232 438 456
208 858
80 185 466 503 803
225 418 449 480 633 916
11 42 53
8 55 84 914
50 748
94 212
52 323 470
146 255 458 581 929
23 375
67 117 152 288 995
514 854
56 179 996
46 47 307 363 719 768 794
54 67 127 146 261 337 492 823
36 101 347
96 162 472 576 928
21 84 92 600 794
9 220 483
63 103 184 724
805 855
9 916
117 692 803 904 921
31 38
57 482
3 71 149 927
905 907
30 137 154 479 988
285 669
7 9 198
71 86
1 336 511
224 285 654 686 732
125 348
464 549 550
8 42
12 36 294 440 490 548
5 153
103 207 438 474 486
12 101 144 440 806 915
83 173 251 299 567 709
588 999
13 116 920
21 204 685 802
82 311 518
586 672 869
45 65 66 68 142 532 627 922
4 130 169 286
7 371
7 76
22 131 156 166 699 860
27 75 117 165 268 286 317 365 978
163 175 204 292
76 109 557 800
2 79 188 226 272 317
61 325 854
343 397
61 584
22 24 28 392 408
52 104 119 266 420 540 586 787
3 405 600 789 889
31 852 944
533 917
20 620
65 117 234 295 424
4 908
247 355 367 676
129 287
34 655 992
240 492
11 643
159 344 379
4 180 825 994
68 112 773
301 332 357
167 667
26 263 289
3 13 211 278 535 559
369 495
134 415
439 925 931
34 756
26 73 241 341
22 146 359 387
26 77 612
73 325 473 549 751 778
10 741
23 315 476
35 49 198
36 94
219 239 552
93 205 298
25 175
60 65 201
37 39 182 443
69 96 97
56 150 325
10 471
570 683
58 110 422 772
56 584 668 751 937
16 115 243 826
36 496 548 713
23 129
184 253 299 985
26 341 353 965 973
4 8 67
249 892
9 106
46 335
1 113 170 782 902 925
63 107 222
116 631 724
46 90 220
27 39 107 283
575 915
39 182 214 219 249 332 807 922
5 46 47 197 303 652 698 808
27 277
89 206 539 976
29 134 190 267 380 941
7 76 109 225 265 366 608 764
174 245 319 964
64 382
28 594
8 113 469
102 483 715
27 31 53 60 68 190 443 700
407 413 851
101 399 531 936
29 201 254 477 481
10 116 128 386 582 898 987
162 177 539 635 742 864 926
521 769
5 13 61 69 79 384 389 457 907
54 143 281 285 311 564 657 725 864
31 268 466 695 734
40 269
384 702
13 52 868
909 968
41 63 290
43 91
76 109 272 480 610 764
4 31 268 575 915
78 187
65 433 519
10 33 41 95 178 193 258 383
442 548
10 62 111 129
14 516
140 190
563 930 943
35 52 90 371 397 752
13 88 777 908
81 825
15 524
140 694 847 977
178 469 977
18 532
135 717
5 153 901
138 356
253 267 415 974
8 15 16 208 242 261 494 641 709
282 561
12 623
69 317
3 96 432
142 167
47 132 506
46 47 213 390 421
41 248 581
144 291 374
446 844
94 223 236 547 840
232 288
4 877
7 448
35 74 102 343 450 593 797 858 916
11 57 66 67 444 446 533 893
40 50
572 739
6 386
180 434
38 53
133 315
35 76 104 109 198
49 432 831 841 866
6 9 749 795 814
4 8 494 827
161 630 952
589 667 917
123 124 131 252 361 748
14 30 77 138 264 286 613 818 828
93 509 609 812
1 349 440 520 634
121 590
35 154 274 885
55 373
12 148 223
197 306 802
41 105
53 692
1 3 12 30 328 442 670
1 349 520
69 975
162 177 527
231 396 564 708
202 255 581
100 126
32 221 261 817
48 57 181 522
260 402 488
12 19 241
80 117 879
24 32 63 74 157 334 465 504
222 593
359 503
11 91 890
40 156 239 385 640
87 175 391
213 313 362 672 687 788 955
65 88 89 329 661
38 185 331 486 722
87 824
26 48 209 329
184 770 776
33 41 151 426
20 247
159 991
229 264
68 132 136 638
186 372 461 626 645 649
135 881 961
54 195 993
9 265 578
1 128
54 285 339 505 657 785
22 131
143 152 154 304 348 946 993
94 336 899
207 949
23 60 134 296
35 79 119
62 695
90 625
19 453 554
168 832
47 205 617 804
253 296 297 753
318 479 988
12 328
573 861
67 876
8 80 124 221 605 904
200 522
5 59
294 896
10 140 220 383
432 830 841
200 342 618
170 902
360 663 689 789 853
58 110 488
42 797
560 611
170 428 668
64 120 583 792 820
13 526 759
158 482 522
191 566 896
56 61
19 39 66 75 227 300 972
1 15 148 293
122 196 351
273 898
2 152 365 598
14 30 303
7 198
113 184 361 770 942
575 666
2 41 665
25 51
6 54 177
21 122 128 137 332 430
10 18 477 507 544 888 907
419 822
100 183 636 654 681 857
113 117 251
38 78 80 81 152 218 340 628
22 29 267 818 956
3 26 45 89 425 601 815
3 25
219 687
1 132 148 188 836
187 708
8 31 42 212 236 331 959 970
15 125 222 606
11 13 736
20 244 502
104 528
61 464
91 121 145
97 975
327 350
22 26 40 166 813
203 431 540
42 74 130 504 737 848
335 572
76 388 450
99 333 417 557 679 875
53 81 434 690 921
31 180 218 491 741 995
43 145
59 509 694
776 942
60 515
88 124 878
118 205 257 725 886
41 63
1 46
6 211
33 148 188 398
84 216
25 744
137 250
68 156 210 282
98 224 732
7 484
408 835
47 368 647 937
44 196
12 236 458 871
20 246
89 177 186
38 297 417 958
74 133 180 486 612 876 884
10 45 471
18 20 935
30 141
3 30
92 287 306 684
129 241 375
49 460
57 136 615 897
2 422 656 797 849
1 30 76 106 126 198 447 463 855
13 444
16 457 831
82 93 181 342 386
70 82 538
23 167
41 696
38 257 465
356 370
5 153 258 284 634
92 647
42 136
28 50 216 573 619 638
18 690 950
212 670
6 65 211 323 358 551
55 78 233 870 897 899 906
82 217 281 326 446 524 680 992
279 733
10 30 95 140 178 379 383 535 932
6 245
564 864 926 946
726 753
5 678
91 754
54 158 304 645 785
89 341 539
91 344 433 890
239 671
157 355
10 104
54 162 461 626
49 79 155
242 541 760
174 740
8 43 383 434 984
189 197 316 352 368 911
5 508
40 102 112 166 607 619 763
64 208 238
25 125 127 279 450 523 826
223 361 774
14 20 172
5 215 678
35 220 418 671
8 321
72 553
42 185 820
157 367 924
85 155 437
129 136 142 331
9 761
316 585
71 112 131 849
65 174
37 182 362
56 324
1 349
119 816
49 79 300 389 460 464 507 928
44 206 757
13 77 189 294 895 953 969
6 14 38 222 721
19 45 98 111 382
549 751
5 25 832
6 39 188 214
295 428 561 782
140 193
417 679
113 406 514
49 330
41 183
25 110 127 196 824
203 323 366 478 704 880
25 87
160 284
343 540 701
121 467
2 143 662
312 761
5 85
31 404
24 375 416
26 258
152 296
20 244 445 525 706
16 65
57 582
145 938
556 735
48 289 845
49 674 711 866
26 217 948 989
16 555 882
105 206
342 868
49 82 96 256 502
46 287
25 87 146 496 546 860
569 673 677
40 41 114 123
20 255 780
108 301 429
266 873
20 78 84 103 340 597
139 717
20 149 244 364
6 51
102 104 588
29 644
21 90 197 680 799
11 88
238 714
19 280
162 177 339 461 498
106 220 226 312 418 639 800
63 107 426 462 677
70 311
6 174 793
109 115 119 263 312 551 945
128 281
14 172
99 801
72 775 957
32 218 587 901
14 59
181 233 489
22 171
96 457 493 577
144 750
170 252 649 650
175 412 532 738 960
38 262
3 116 155 200 281 342 376 693 987
147 339
26 353 380 534 547 713 726 965
33 102 107 269
39 324
26 83 207 224 251 406 579
20 530 833
93 845
35 202 452 586 632
262 553
71 329 539 558
89 293 329 390 661 973
23 64 111 142 167 260 783
6 143 176 186 461 505 658 946
100 126 654
272 528 727
4 8 130
100 403 454 722
195 474
15 322 811 990
145 290 467 754
355 856
134 267
165 877
297 958
108 813
17 191 202 346 441 501 796
55 215 373 535 648
72 344
5 11 93 435
27 39 909
144 210 269
16 22 50 123 132 156 171 641
55 78 84 233
7 9 119 463 470 540 712 715 764
33 305
19 101 501 519 542 566
17 136 592
12 40 171 194 424
94 191 490 906
12 131 138
168 309
6 211 222 319
22 81 124 208 262
11 609 680
256 472 493
96 711
81 504
121 231
6 88 98 174 618 749 784
819 980
32 300 345 765
9 420 484 772 903
78 617 828
2 58 102 220 272 420 450 551
77 303
758 858
146 791
172 781
137 595 986
108 137 232 254 430 481
24 161 879
8 90 149 165 901 950
40 132 136 282 615 624 773 863
77 360
486 803
46 213
46 647
