0.05191283813109544
0.05191283813108693
0.05191283813109019
0.05191283813103132
0.051912838131094007
0.05191283813102825
0.051912838131086866
0.05307989544859938
0.05363100372610484
0.05572895035999057
0.06176052810767055
0.06176052810766869
0.06176052810767397
0.10650970805653996
0.10685843241543753
0.1076729780576641
0.10893363343642205
0.19134235996592788
0.18310757927961602
0.1759894198734799
0.172883142957266
0.16851036249265183
0.16851036249266013
0.16760281517372924
0.16491574599527592
0.08872960260233947
0.08872960260234385
0.08111571415884622
0.08111571415885144
0.08084164053811435
0.07585649064440723
0.07602845154741499
0.07411435264605908
0.07193581681639026
0.06796145511234762
0.06346125744862924
0.06346125744865279
0.0634612574486422
0.06122565836222057
0.061225658362215385
0.06122565836221678
0.060614535127005896
0.060396858900881756
0.06039685890087251
0.060396858900871736
0.06039685890088294
0.060087658544317045
0.06008765854430807
0.05958501804586463
0.05916336949558311
0.056979617363368165
0.056979617363369206
0.055445029436261443
0.05508063996069626
0.055080639960650345
0.054766040018826075
0.05476604001883365
0.05393008185328449
0.053736605745639036
0.05332726617964401
0.053327266179645165
0.05332726617964266
0.05332726617965539
0.05320969942878126
0.05320969942881385
0.05153452553638321
0.05153452553638321
0.05010434370931447
0.05010434370931447
0.05010434370931447
0.05010434370931447
0.05010434370931447
0.05010434370931447
0.05010434370931447
0.05010434370931447
0.0491082364741282
0.0491082364741282
0.0491082364741282
0.04889199999999998
0.04889199999999998
0.04889199999999998
0.04889199999999998
0.04889199999999998
0.04889199999999998
0.04889199999999998
0.04889199999999998
0.04889199999999998
0.04889199999999998
0.04889199999999998
0.04889199999999998
0.04889199999999998
0.04889199999999998
0.04889199999999998
0.04889199999999998
0.04889199999999998
0.04889199999999998
0.04889199999999998
0.04889199999999998
0.04889199999999998
0.04889199999999998
0.04889199999999998
