0.05236208024240014
0.05236208024240207
0.05236208024238191
0.05236208024239412
0.05236208024239245
0.05236208024237844
0.052362080242377526
0.0534244949732137
0.054008579399385886
0.05468693311858947
0.06947172764679087
0.06947172764679697
0.06947172764678686
0.11940939166565047
0.11965434038796809
0.11913237954981955
0.11820703526040788
0.18631712304045825
0.1833704484992969
0.1794929093247142
0.17506628578357497
0.17141875270822887
0.17141875270822815
0.16583973436339083
0.16452647545421156
0.0837124142879086
0.08310701971886585
0.07921528030118853
0.07920455913777247
0.07832620538754984
0.07584121469648616
0.07406089055131614
0.07337625085036222
0.0737303676080178
0.06679318003266296
0.06148145886057462
0.06148145886058075
0.060915935877393475
0.06012386574355745
0.06012386574348842
0.058916348441609825
0.05781809444718846
0.05606823502637564
0.054804562701502274
0.05480456270150219
0.05443497871170634
0.054434978711697626
0.054434978711662876
0.054434978711672716
0.05443497871168711
0.05124788531325759
0.05124788531325759
0.05124788531325759
0.05124788531325759
0.05124788531325759
0.05124788531325759
0.05124788531325759
0.05115581760466648
0.05115581760466648
0.050246456342007376
0.04989427457253543
0.04989427457253543
0.04989427457253543
0.049546246292724944
0.049546246292724944
0.049546246292724944
0.0497132551500655
0.0497132551500655
0.0497132551500655
0.0497132551500655
0.0497132551500655
0.0497132551500655
0.0497132551500655
0.0497132551500655
0.0497132551500655
0.0497132551500655
0.0497132551500655
0.0497132551500655
0.0497132551500655
0.0497132551500655
0.0497132551500655
0.0497132551500655
0.0497132551500655
0.0497132551500655
0.0497132551500655
0.0497132551500655
0.0497132551500655
0.0497132551500655
0.0497132551500655
0.0497132551500655
0.0497132551500655
0.0497132551500655
0.0497132551500655
0.0497132551500655
0.0497132551500655
0.0497132551500655
0.0497132551500655
0.0497132551500655
0.0497132551500655
0.0497132551500655
0.0497132551500655
