0.0474451131507091
0.04744511315078249
0.04744511315075098
0.04744511315075171
0.0474451131507543
0.047445113150754566
0.04744511315075499
0.04822727755727271
0.0492331228121211
0.05197427355578901
0.06074752605421646
0.06074752605422587
0.06074752605421681
0.13363231574155396
0.13209298704461642
0.136652522896315
0.13556821009420053
0.17412186748364927
0.17179697868277044
0.16971653120389868
0.16729571255698464
0.1606573825712163
0.1606573825712161
0.15376636567549826
0.15230103759433924
0.0751692047009911
0.07516920470105287
0.07024102763203421
0.06977682779870319
0.06953884744996441
0.06791041561709672
0.0679104156171014
0.06469098991422134
0.06256363649069685
0.057575518382108344
0.05607897277899066
0.05607897277899063
0.05585194613064195
0.05507762557549877
0.05507762557549275
0.055140604342931124
0.05474455148522592
0.05392043230352726
0.053920432303554575
0.05376816531773279
0.053768165317729766
0.05376816531765833
0.053768165317730196
0.05376816531772772
0.05376816531772623
0.04969743925655372
0.04969743925655372
0.04931427157629277
0.048808684827896257
0.048808684827896257
0.047910308972073636
0.047910308972073636
0.047895820745216394
0.047895820745216394
0.04707188755020074
0.04633931795386152
0.04633931795386152
0.04633931795386152
0.04633931795386152
0.04633931795386152
0.04633931795386152
0.04633931795386152
0.04633931795386152
0.04633931795386152
0.04633931795386152
0.04633931795386152
0.04633931795386152
0.04633931795386152
0.04633931795386152
0.04633931795386152
0.045353999999999985
0.045353999999999985
0.045353999999999985
0.045353999999999985
0.045353999999999985
0.045353999999999985
0.045353999999999985
0.045353999999999985
0.045353999999999985
0.045353999999999985
0.045353999999999985
0.045353999999999985
0.045353999999999985
0.045353999999999985
0.045353999999999985
0.045353999999999985
0.045353999999999985
0.045353999999999985
0.045353999999999985
0.045353999999999985
0.045353999999999985
0.045353999999999985
0.045353999999999985
0.045353999999999985
0.045353999999999985
0.045353999999999985
