0.047760038456686714
0.04776003845670878
0.04776003845670111
0.0477600384566923
0.047760038456722526
0.04776003845668083
0.047760038456689274
0.04803560888403219
0.04842822188281928
0.052928363474160585
0.05842906709230276
0.058429067092292175
0.05842906709228861
0.12288656341468046
0.12300005967086661
0.1255981755370538
0.12582847977518027
0.1900492597384683
0.1864956335187001
0.17938345680287354
0.17356444413127625
0.1706754614552271
0.17067546145523177
0.1644018569073608
0.15891261488928626
0.078849543201912
0.07884954320190458
0.07653640091661813
0.07653640091655611
0.07653640091661638
0.07634080064996866
0.07404092394195856
0.07264254106270705
0.0717827028267501
0.06776588710934715
0.06379002263129802
0.0637900226312857
0.06379002263122117
0.059128675765541115
0.05880357742735735
0.0581996619628472
0.058199661962827165
0.05381694884545857
0.05328462179696474
0.052279770615099835
0.052279770615026845
0.05227977061509669
0.05227977061504693
0.052108278202922804
0.05210827820291554
0.04718781942817452
0.04685503823661726
0.04609731385891824
0.04609731385891824
0.04609731385891824
0.04609731385891824
0.04609731385891824
0.04609731385891824
0.04633164370840408
0.04633164370840408
0.04633164370840408
0.04633164370840408
0.04633164370840408
0.04633164370840408
0.04633164370840408
0.04633164370840408
0.04557347041123362
0.04557347041123362
0.04557347041123362
0.04557347041123362
0.04557347041123362
0.04557347041123362
0.04557347041123362
0.04557347041123362
0.04557347041123362
0.04557347041123362
0.04557347041123362
0.04557347041123362
0.04557347041123362
0.04557347041123362
0.04557347041123362
0.04557347041123362
0.04557347041123362
0.04557347041123362
0.04557347041123362
0.044751999999999965
0.044751999999999965
0.044751999999999965
0.044751999999999965
0.044751999999999965
0.044751999999999965
0.044751999999999965
0.044751999999999965
0.044751999999999965
0.044751999999999965
0.044751999999999965
0.044751999999999965
0.044751999999999965
0.044751999999999965
0.044751999999999965
0.044751999999999965
