0.04471086233680778
0.04471086233680435
0.04471086233679907
0.044710862336832885
0.0447108623368013
0.0447108623368
0.04471086233676503
0.045262888960566454
0.049321760493225585
0.05369889679751047
0.06799978385294447
0.06799978385297015
0.06799978385293337
0.14118699378090258
0.14612394055838604
0.14691115297709567
0.14667527169594263
0.17634449084184597
0.1734546173608011
0.16873628396400894
0.16629486491298015
0.16462759098449453
0.16462759098449503
0.1594183072242827
0.15706499249626318
0.07242251025456618
0.0716193624678048
0.06953214380004383
0.06936015775349029
0.06914419182960214
0.06292492277211932
0.06292492277212579
0.062184424343049306
0.061551402068464274
0.05698076141222984
0.055387542588044736
0.055387542588038415
0.05538754258804492
0.0540105892986585
0.05401058929862677
0.05335040582208597
0.0533504058220958
0.048523534456450065
0.048459898948348186
0.048459898948348186
0.048459898948348186
0.04779329838032628
0.04779329838032628
0.047804174934963126
0.047804174934963126
0.04509991218627001
0.04509991218627001
0.04509991218627001
0.04509991218627001
0.04509991218627001
0.044110798087767224
0.044110798087767224
0.044110798087767224
0.044110798087767224
0.044110798087767224
0.044110798087767224
0.044110798087767224
0.044110798087767224
0.04336055245500128
0.04336055245500128
0.04336055245500128
0.04336055245500128
0.04336055245500128
0.04336055245500128
0.04336055245500128
0.04336055245500128
0.04336055245500128
0.04336055245500128
0.04336055245500128
0.042797623640151154
0.04204799999999999
0.04204799999999999
0.04204799999999999
0.04204799999999999
0.04204799999999999
0.04204799999999999
0.04204799999999999
0.04204799999999999
0.04204799999999999
0.04204799999999999
0.04204799999999999
0.04204799999999999
0.04204799999999999
0.04204799999999999
0.04204799999999999
0.04204799999999999
0.04204799999999999
0.04204799999999999
0.04204799999999999
0.04204799999999999
0.04204799999999999
0.04204799999999999
0.04204799999999999
0.04204799999999999
0.04204799999999999
0.04204799999999999
