0.04227027045775332
0.04227027045776281
0.04227027045775108
0.04227027045771363
0.04227027045775643
0.04227027045775696
0.04227027045775628
0.04258352573422944
0.043419055452856174
0.04958837178489604
0.059087711288014516
0.0590877112880072
0.059087711288005024
0.09999982286348404
0.10002675149399017
0.10761538902583698
0.10724054204053872
0.17826542015018212
0.17492807002125024
0.17064439640944298
0.16711609017931375
0.16783700948868066
0.1678370094886852
0.1644506315451249
0.15906670089829097
0.0707948718267137
0.07079487182678317
0.06600692600122449
0.06462757066859066
0.06462757066859896
0.05952390365072559
0.05839653472096727
0.05565236259172246
0.0553359966494256
0.05279539347526375
0.051225821681335985
0.05122582168127088
0.05122582168128072
0.047410917930280363
0.04700538586584172
0.047005385865844386
0.04626012932667134
0.04532438495763254
0.04532438495763723
0.04532438495762602
0.045324384957567125
0.04493257112766861
0.044932571127673036
0.04493257112766361
0.04493257112760389
0.04041400000000001
0.04041400000000001
0.04041400000000001
0.04041400000000001
0.04041400000000001
0.04041400000000001
0.04041400000000001
0.04041400000000001
0.04041400000000001
0.04041400000000001
0.04041400000000001
0.04041400000000001
0.04041400000000001
0.04041400000000001
0.04041400000000001
0.04041400000000001
0.04041400000000001
0.04041400000000001
0.04041400000000001
0.04041400000000001
0.04041400000000001
0.04041400000000001
0.04041400000000001
0.04041400000000001
0.04041400000000001
0.04041400000000001
0.04041400000000001
0.04041400000000001
0.04041400000000001
0.04041400000000001
0.04041400000000001
0.04041400000000001
0.04041400000000001
0.04041400000000001
0.04041400000000001
0.04041400000000001
0.04041400000000001
0.04041400000000001
0.04041400000000001
0.04041400000000001
0.04041400000000001
0.04041400000000001
0.04041400000000001
0.04041400000000001
0.04041400000000001
0.04041400000000001
0.04041400000000001
0.04041400000000001
0.04041400000000001
0.04041400000000001
0.04041400000000001
