0.04210395271054018
0.042103952710539315
0.04210395271053458
0.04210395271055154
0.042103952710509214
0.0421039527105399
0.04210395271055127
0.04241243549907901
0.04567618283466034
0.04886171996731052
0.05764126880864247
0.057641268808648005
0.057641268808649
0.10653553241091003
0.1073550784134697
0.10854770535380207
0.10895014201924422
0.1630429382008373
0.16086083026970124
0.15944403939515694
0.15799147056017424
0.15908093140999208
0.1590809314099887
0.15259436330867687
0.14892037258589222
0.07179444468660273
0.07192405764789385
0.06959604705198658
0.0694629437806659
0.06946294378066922
0.06928212564215945
0.06910602641230991
0.0689338524542806
0.06768661117092015
0.06571130386740774
0.062209255072568095
0.06220925507263016
0.060994346244793135
0.05813892838779239
0.05753880832891467
0.056434905840984824
0.05643490584097502
0.05314486323866776
0.05229844557362207
0.052298445573573424
0.05229844557364975
0.05157026935900461
0.05148157392601659
0.050360164971624155
0.05036016497161937
0.04851305299022982
0.04851305299021453
0.04851305299016964
0.04851305299023199
0.04851305299021793
0.04851305299022037
0.048513052990227755
0.04851305299021953
0.046966127506430505
0.044509977591734466
0.04315533232443857
0.04315533232443857
0.04315533232443857
0.04097006302520988
0.04097006302520988
0.04097006302520988
0.04097006302520988
0.040184
0.040184
0.040184
0.040184
0.040184
0.040184
0.040184
0.040184
0.040184
0.040184
0.040184
0.040184
0.040184
0.040184
0.040184
0.040184
0.040184
0.040184
0.040184
0.040184
0.040184
0.040184
0.040184
0.040184
0.040184
0.040184
0.040184
0.040184
0.040184
0.040184
0.040184
0.040184
0.040184
0.040184
