0.06233001075122331
0.06233001075122564
0.06233001075126238
0.06233001075123728
0.06233001075127922
0.062330010751225684
0.06233001075122074
0.06422569843530546
0.06492477217661329
0.06629820807823572
0.07470937441145321
0.07470937441145262
0.0747093744114616
0.14203768543808679
0.14091148057389183
0.14194784766647175
0.147914277202042
0.18273075742349945
0.17998777694988702
0.18118723980759585
0.1790352231986467
0.1767355687031728
0.17673556870317658
0.17030353949482105
0.16671512552230633
0.08352223543025655
0.08352223543018047
0.07633981558247661
0.07628317859766204
0.0755593149612707
0.07077026067865932
0.07077026067865506
0.07047201284113536
0.07016209104940739
0.06922239250872567
0.06870740879943982
0.06870740879942822
0.06870740879949624
0.0647341834885099
0.06473418348856366
0.06473418348858608
0.06473418348858678
0.06443374991342926
0.06443374991342851
0.0644337499135033
0.06443374991343156
0.06443374991349965
0.06443374991342996
0.06443374991350506
0.06443374991342939
0.058766341086391845
0.05876634108631619
0.05876634108638933
0.058766341086384545
0.05876634108632988
0.058766341086396646
0.05876634108639359
0.05876634108638609
0.05824470992262656
0.05824470992262656
0.057961312012191284
0.057961312012191284
0.057961312012191284
0.05774837597010611
0.05774837597010611
0.05774837597010611
0.05806649949849543
0.05704599999999991
0.05704599999999991
0.05704599999999991
0.05704599999999991
0.05704599999999991
0.05704599999999991
0.05704599999999991
0.05704599999999991
0.05704599999999991
0.05704599999999991
0.05704599999999991
0.05704599999999991
0.05704599999999991
0.05704599999999991
0.05704599999999991
0.05704599999999991
0.05704599999999991
0.05704599999999991
0.05704599999999991
0.05704599999999991
0.05704599999999991
0.05704599999999991
0.05704599999999991
0.05704599999999991
0.05704599999999991
0.05704599999999991
0.05704599999999991
0.05704599999999991
0.05704599999999991
0.05704599999999991
0.05704599999999991
0.05704599999999991
0.05704599999999991
0.05704599999999991
