0.0616242499091303
0.061624249909177704
0.06162424990917391
0.06162424990914764
0.06162424990914516
0.0616242499091765
0.06162424990917438
0.06252940069045397
0.0636845828436591
0.06559464809798099
0.07238555318308619
0.07238555318308373
0.07238555318308657
0.1299065486178639
0.13020073941646193
0.1305942625044005
0.1320652971331754
0.17784665157155566
0.1753050877408527
0.1711650811682715
0.16562379530413976
0.16215907913350638
0.16215907913351083
0.15515498678381248
0.15214226078884144
0.0773078499528388
0.07730784995278367
0.07496773899775229
0.07496773899775322
0.07496773899775616
0.07336501559834671
0.07254236517384834
0.07228010507399882
0.07165071164382125
0.07192721065811301
0.06935919528250534
0.0693591952825104
0.06876445877855229
0.06751166393325533
0.06784976482261086
0.06784976482261285
0.06801452379478337
0.06662825405801028
0.066318852030116
0.06552236159644823
0.06552236159645088
0.06552236159645658
0.06552236159645171
0.06552236159644537
0.06552236159645457
0.06271941358227573
0.06271941358227573
0.06201824472864203
0.06201824472864203
0.06201824472864203
0.061467092287521986
0.061467092287521986
0.061467092287521986
0.06142610441767059
0.06142610441767059
0.060921965897693074
0.060921965897693074
0.060921965897693074
0.060221999999999935
0.060221999999999935
0.060221999999999935
0.060221999999999935
0.060221999999999935
0.060221999999999935
0.060221999999999935
0.060221999999999935
0.060221999999999935
0.060221999999999935
0.060221999999999935
0.060221999999999935
0.060221999999999935
0.060221999999999935
0.060221999999999935
0.060221999999999935
0.060221999999999935
0.060221999999999935
0.060221999999999935
0.060221999999999935
0.060221999999999935
0.060221999999999935
0.060221999999999935
0.060221999999999935
0.060221999999999935
0.060221999999999935
0.060221999999999935
0.060221999999999935
0.060221999999999935
0.060221999999999935
0.060221999999999935
0.060221999999999935
0.060221999999999935
0.060221999999999935
0.060221999999999935
0.060221999999999935
0.060221999999999935
0.060221999999999935
