0.04342382875791228
0.043423828757928516
0.04342382875791121
0.043423828757909705
0.043423828757940076
0.043423828757921515
0.043423828757924915
0.04365045024326646
0.045209437968783066
0.050105105778630185
0.06594260371474053
0.06594260371475755
0.06594260371473937
0.14429564605374565
0.14862289659846378
0.14825332516296855
0.15247178142914045
0.17814017393225212
0.1765234854051146
0.17553082226999636
0.17250790468095267
0.16867645369370218
0.16822393005505204
0.16414875700820922
0.16204122947716676
0.07049521408403436
0.0685011092944692
0.0626112642350281
0.06261126423509637
0.062611264235026
0.06094049196680248
0.060940491966741214
0.05864103209291817
0.055264557260620344
0.052442727911412405
0.05159747249647856
0.05159747249647856
0.051434785129556446
0.05026042807753334
0.0502604280774746
0.050634141483031164
0.05063414148310077
0.047501279593295906
0.04750127959329858
0.0475012795932878
0.04760183510534956
0.04760183510540685
0.047601835105401676
0.047558118557648736
0.04755811855771246
0.04540664969188528
0.045406649691811664
0.045406649691889185
0.04540664969188277
0.04540664969189496
0.04452450178712448
0.04452450178720174
0.04388732480010135
0.04247359696611221
0.04234482845559288
0.04188616430650321
0.04188616430650321
0.04188616430650321
0.04122472447937218
0.04122472447937218
0.04122472447937218
0.04122472447937218
0.04079366181681753
0.04079366181681753
0.04079366181681753
0.04079366181681753
0.04079366181681753
0.04079366181681753
0.03998600000000003
0.03998600000000003
0.03998600000000003
0.03998600000000003
0.03998600000000003
0.03998600000000003
0.03998600000000003
0.03998600000000003
0.03998600000000003
0.03998600000000003
0.03998600000000003
0.03998600000000003
0.03998600000000003
0.03998600000000003
0.03998600000000003
0.03998600000000003
0.03998600000000003
0.03998600000000003
0.03998600000000003
0.03998600000000003
0.03998600000000003
0.03998600000000003
0.03998600000000003
0.03998600000000003
0.03998600000000003
0.03998600000000003
0.03998600000000003
0.03998600000000003
