0.0686103152208078
0.06861031522080648
0.06861031522080202
0.06861031522080177
0.06861031522081018
0.06861031522083114
0.06861031522080872
0.0783060583351275
0.10424969703333346
0.1637850872845732
0.19478437646579072
0.19478437646579022
0.19478437646579358
0.16975086510169746
0.16884666566929804
0.16855697340719905
0.16628114825006776
0.058371786074762955
0.05683203010802478
0.054707391705811216
0.05470739170579599
0.052479047317001724
0.05247904731699357
0.051740032663699025
0.05118205501705058
0.041909353309148425
0.041909353309146136
0.04153648568594867
0.04153648568593966
0.041536485685950704
0.040727613155323895
0.040727613155323895
0.040727613155323895
0.040727613155323895
0.040727613155323895
0.040727613155323895
0.04041400000000001
0.04041400000000001
0.04041400000000001
0.04041400000000001
0.04041400000000001
0.04041400000000001
0.04041400000000001
0.04041400000000001
0.04041400000000001
0.04041400000000001
0.04041400000000001
0.04041400000000001
0.04041400000000001
0.04041400000000001
0.04041400000000001
0.04041400000000001
0.04041400000000001
0.04041400000000001
0.04041400000000001
0.04041400000000001
0.04041400000000001
0.04041400000000001
0.04041400000000001
0.04041400000000001
0.04041400000000001
0.04041400000000001
0.04041400000000001
0.04041400000000001
0.04041400000000001
0.04041400000000001
0.04041400000000001
0.04041400000000001
0.04041400000000001
0.04041400000000001
0.04041400000000001
0.04041400000000001
0.04041400000000001
0.04041400000000001
0.04041400000000001
0.04041400000000001
0.04041400000000001
0.04041400000000001
0.04041400000000001
0.04041400000000001
0.04041400000000001
0.04041400000000001
0.04041400000000001
0.04041400000000001
0.04041400000000001
0.04041400000000001
0.04041400000000001
0.04041400000000001
0.04041400000000001
0.04041400000000001
0.04041400000000001
0.04041400000000001
0.04041400000000001
0.04041400000000001
0.04041400000000001
0.04041400000000001
0.04041400000000001
0.04041400000000001
0.04041400000000001
0.04041400000000001
0.04041400000000001
