0.09720616686249256
0.09720616686251389
0.09720616686248752
0.09720616686251404
0.09720616686252075
0.09720616686251093
0.09720616686248942
0.11429219835426649
0.14556201112195494
0.19970467156433558
0.2041157478635945
0.20411574786359798
0.20411574786360015
0.16140162373403807
0.16096758803977582
0.15735638025903187
0.15716184389900484
0.06586825237199949
0.06489866307100794
0.06193685801984013
0.060049399123112954
0.059993970242206505
0.05999397024216451
0.05888389935696499
0.05888389935696901
0.056971106756017464
0.056971106756017464
0.056971106756017464
0.05726873840445268
0.05726873840445268
0.05769042434394194
0.05769042434394194
0.05769042434394194
0.05769042434394194
0.05769042434394194
0.05704599999999991
0.05704599999999991
0.05704599999999991
0.05704599999999991
0.05704599999999991
0.05704599999999991
0.05704599999999991
0.05704599999999991
0.05704599999999991
0.05704599999999991
0.05704599999999991
0.05704599999999991
0.05704599999999991
0.05704599999999991
0.05704599999999991
0.05704599999999991
0.05704599999999991
0.05704599999999991
0.05704599999999991
0.05704599999999991
0.05704599999999991
0.05704599999999991
0.05704599999999991
0.05704599999999991
0.05704599999999991
0.05704599999999991
0.05704599999999991
0.05704599999999991
0.05704599999999991
0.05704599999999991
0.05704599999999991
0.05704599999999991
0.05704599999999991
0.05704599999999991
0.05704599999999991
0.05704599999999991
0.05704599999999991
0.05704599999999991
0.05704599999999991
0.05704599999999991
0.05704599999999991
0.05704599999999991
0.05704599999999991
0.05704599999999991
0.05704599999999991
0.05704599999999991
0.05704599999999991
0.05704599999999991
0.05704599999999991
0.05704599999999991
0.05704599999999991
0.05704599999999991
0.05704599999999991
0.05704599999999991
0.05704599999999991
0.05704599999999991
0.05704599999999991
0.05704599999999991
0.05704599999999991
0.05704599999999991
0.05704599999999991
0.05704599999999991
0.05704599999999991
0.05704599999999991
0.05704599999999991
0.05704599999999991
