0.0904614788678533
0.09046147886785241
0.09046147886786086
0.09046147886786002
0.0904614788678575
0.09046147886785451
0.09046147886784217
0.09476599946403111
0.12428330787887497
0.18712025288743434
0.19461545894709245
0.19461545894708893
0.19461545894709037
0.17478012156503236
0.17398158079276607
0.1728898003222476
0.17234039190182854
0.07911030743356207
0.07406263624843241
0.07112758577245697
0.06871339799758434
0.06563750059611585
0.06563750059612815
0.06176056876380021
0.06162127093659441
0.051149569759661416
0.051149569759661416
0.048956235351078625
0.0488683046683046
0.0488683046683046
0.049293327532763935
0.049293327532763935
0.049293327532763935
0.049293327532763935
0.049293327532763935
0.049293327532763935
0.049293327532763935
0.049293327532763935
0.04920215999131652
0.049366
0.049366
0.049366
0.049366
0.049366
0.049366
0.049366
0.049366
0.049366
0.049366
0.049366
0.049366
0.049366
0.049366
0.049366
0.049366
0.049366
0.049366
0.049366
0.049366
0.049366
0.049366
0.049366
0.049366
0.049366
0.049366
0.049366
0.049366
0.049366
0.049366
0.049366
0.049366
0.049366
0.049366
0.049366
0.049366
0.049366
0.049366
0.049366
0.049366
0.049366
0.049366
0.049366
0.049366
0.049366
0.049366
0.049366
0.049366
0.049366
0.049366
0.049366
0.049366
0.049366
0.049366
0.049366
0.049366
0.049366
0.049366
0.049366
0.049366
0.049366
0.049366
