0.08313867253525585
0.08313867253525888
0.0831386725352475
0.08313867253524079
0.08313867253524825
0.0831386725352445
0.08313867253524768
0.09024217601984422
0.12314349572806332
0.17304222628519203
0.1985713248005307
0.19857132480052786
0.19857132480053322
0.17589331439026476
0.17574176495196764
0.17266429731086977
0.17114033526256492
0.06317125360858408
0.06308896270305518
0.0599141903188062
0.059914190318792956
0.05932961083960771
0.05932961083955931
0.058824096108778805
0.058661735219788444
0.04871328202460857
0.04871328202460857
0.046499094359151144
0.046499094359151144
0.046499094359151144
0.046499094359151144
0.046499094359151144
0.046499094359151144
0.044751999999999965
0.044751999999999965
0.044751999999999965
0.044751999999999965
0.044751999999999965
0.044751999999999965
0.044751999999999965
0.044751999999999965
0.044751999999999965
0.044751999999999965
0.044751999999999965
0.044751999999999965
0.044751999999999965
0.044751999999999965
0.044751999999999965
0.044751999999999965
0.044751999999999965
0.044751999999999965
0.044751999999999965
0.044751999999999965
0.044751999999999965
0.044751999999999965
0.044751999999999965
0.044751999999999965
0.044751999999999965
0.044751999999999965
0.044751999999999965
0.044751999999999965
0.044751999999999965
0.044751999999999965
0.044751999999999965
0.044751999999999965
0.044751999999999965
0.044751999999999965
0.044751999999999965
0.044751999999999965
0.044751999999999965
0.044751999999999965
0.044751999999999965
0.044751999999999965
0.044751999999999965
0.044751999999999965
0.044751999999999965
0.044751999999999965
0.044751999999999965
0.044751999999999965
0.044751999999999965
0.044751999999999965
0.044751999999999965
0.044751999999999965
0.044751999999999965
0.044751999999999965
0.044751999999999965
0.044751999999999965
0.044751999999999965
0.044751999999999965
0.044751999999999965
0.044751999999999965
0.044751999999999965
0.044751999999999965
0.044751999999999965
0.044751999999999965
0.044751999999999965
0.044751999999999965
0.044751999999999965
0.044751999999999965
0.044751999999999965
0.044751999999999965
