0.08002245164727588
0.08002245164723142
0.0800224516472368
0.080022451647237
0.08002245164723229
0.08002245164723329
0.08002245164723226
0.08596272389076558
0.10909317360409458
0.15560060023758007
0.18526503081806767
0.18526503081806772
0.1852650308180719
0.1657102154776054
0.1657102154776057
0.1621999005952582
0.1619245452373213
0.07485373335818309
0.07408219604502696
0.07408219604508079
0.07230319342505494
0.07135641218687842
0.07135641218688091
0.07002838682950485
0.06993268033043948
0.06523362648902319
0.06523362648902319
0.06142610441767059
0.06142610441767059
0.06142610441767059
0.06142610441767059
0.06142610441767059
0.06142610441767059
0.06142610441767059
0.06142610441767059
0.06142610441767059
0.06142610441767059
0.06142610441767059
0.06142610441767059
0.06142610441767059
0.06142610441767059
0.06142610441767059
0.06142610441767059
0.06142610441767059
0.06142610441767059
0.06142610441767059
0.06142610441767059
0.060221999999999935
0.060221999999999935
0.060221999999999935
0.060221999999999935
0.060221999999999935
0.060221999999999935
0.060221999999999935
0.060221999999999935
0.060221999999999935
0.060221999999999935
0.060221999999999935
0.060221999999999935
0.060221999999999935
0.060221999999999935
0.060221999999999935
0.060221999999999935
0.060221999999999935
0.060221999999999935
0.060221999999999935
0.060221999999999935
0.060221999999999935
0.060221999999999935
0.060221999999999935
0.060221999999999935
0.060221999999999935
0.060221999999999935
0.060221999999999935
0.060221999999999935
0.060221999999999935
0.060221999999999935
0.060221999999999935
0.060221999999999935
0.060221999999999935
0.060221999999999935
0.060221999999999935
0.060221999999999935
0.060221999999999935
0.060221999999999935
0.060221999999999935
0.060221999999999935
0.060221999999999935
0.060221999999999935
0.060221999999999935
0.060221999999999935
0.060221999999999935
0.060221999999999935
0.060221999999999935
0.060221999999999935
0.060221999999999935
0.060221999999999935
0.060221999999999935
0.060221999999999935
0.060221999999999935
0.060221999999999935
