0.08907935533042982
0.08907935533044685
0.08907935533045182
0.089079355330451
0.0890793553304525
0.08907935533044876
0.08907935533044997
0.09908141003546624
0.12469315606335149
0.17554641403632223
0.20236704072852707
0.2023670407285262
0.20236704072852646
0.16992798302212975
0.1685601892768528
0.16849289264681216
0.16761561349574738
0.06407439606702882
0.06053940471066321
0.06053489974056369
0.059329530375472346
0.05835985831142355
0.058359858311396236
0.05534604299423086
0.05479790971670009
0.04772814955988477
0.04772814955988992
0.04772814955981508
0.04743068455490468
0.047430684554959746
0.04743068455491418
0.04743068455498077
0.047430684554987106
0.04743068455498914
0.04624170365673214
0.045353999999999985
0.045353999999999985
0.045353999999999985
0.045353999999999985
0.045353999999999985
0.045353999999999985
0.045353999999999985
0.045353999999999985
0.045353999999999985
0.045353999999999985
0.045353999999999985
0.045353999999999985
0.045353999999999985
0.045353999999999985
0.045353999999999985
0.045353999999999985
0.045353999999999985
0.045353999999999985
0.045353999999999985
0.045353999999999985
0.045353999999999985
0.045353999999999985
0.045353999999999985
0.045353999999999985
0.045353999999999985
0.045353999999999985
0.045353999999999985
0.045353999999999985
0.045353999999999985
0.045353999999999985
0.045353999999999985
0.045353999999999985
0.045353999999999985
0.045353999999999985
0.045353999999999985
0.045353999999999985
0.045353999999999985
0.045353999999999985
0.045353999999999985
0.045353999999999985
0.045353999999999985
0.045353999999999985
0.045353999999999985
0.045353999999999985
0.045353999999999985
0.045353999999999985
0.045353999999999985
0.045353999999999985
0.045353999999999985
0.045353999999999985
0.045353999999999985
0.045353999999999985
0.045353999999999985
0.045353999999999985
0.045353999999999985
0.045353999999999985
0.045353999999999985
0.045353999999999985
0.045353999999999985
0.045353999999999985
0.045353999999999985
0.045353999999999985
0.045353999999999985
0.045353999999999985
0.045353999999999985
0.045353999999999985
