0.0875055475419813
0.08750554754197751
0.08750554754198253
0.08750554754199012
0.08750554754198704
0.08750554754199434
0.08750554754198032
0.1044732854622523
0.1311078273704399
0.16147318527300775
0.19067289633356693
0.19067289633356335
0.1906728963335651
0.17630939611631868
0.17552462826472567
0.1717515410779276
0.1691938588193509
0.058709927584990766
0.05706782218670741
0.055672251938708325
0.053600833188687864
0.05311925012299086
0.05311925012298406
0.052195296503068804
0.04965075782778207
0.044655506603993034
0.044655506603993034
0.04389118346025064
0.04389118346025064
0.04389118346025064
0.04389118346025064
0.042903497658172654
0.042903497658172654
0.042903497658172654
0.042831929158760156
0.04303756201275678
0.04303756201275678
0.04303756201275678
0.04303756201275678
0.04303756201275678
0.04303756201275678
0.04303756201275678
0.04303756201275678
0.04303756201275678
0.04303756201275678
0.04303756201275678
0.04204799999999999
0.04204799999999999
0.04204799999999999
0.04204799999999999
0.04204799999999999
0.04204799999999999
0.04204799999999999
0.04204799999999999
0.04204799999999999
0.04204799999999999
0.04204799999999999
0.04204799999999999
0.04204799999999999
0.04204799999999999
0.04204799999999999
0.04204799999999999
0.04204799999999999
0.04204799999999999
0.04204799999999999
0.04204799999999999
0.04204799999999999
0.04204799999999999
0.04204799999999999
0.04204799999999999
0.04204799999999999
0.04204799999999999
0.04204799999999999
0.04204799999999999
0.04204799999999999
0.04204799999999999
0.04204799999999999
0.04204799999999999
0.04204799999999999
0.04204799999999999
0.04204799999999999
0.04204799999999999
0.04204799999999999
0.04204799999999999
0.04204799999999999
0.04204799999999999
0.04204799999999999
0.04204799999999999
0.04204799999999999
0.04204799999999999
0.04204799999999999
0.04204799999999999
0.04204799999999999
0.04204799999999999
0.04204799999999999
0.04204799999999999
0.04204799999999999
0.04204799999999999
0.04204799999999999
0.04204799999999999
0.04204799999999999
