0.0816082482196717
0.08160824821966937
0.08160824821968325
0.0816082482196736
0.08160824821966813
0.08160824821967068
0.08160824821967079
0.09261051335473425
0.13019932117276112
0.17377665078618776
0.1909097636894027
0.1909097636893961
0.19090976368939228
0.15651036742257177
0.15590144419939697
0.15397786911991165
0.15181367418210936
0.05379078735286079
0.05123438368875494
0.05073600602359512
0.050066919954396084
0.05006691995439984
0.05006691995438226
0.04933968981635094
0.04933968981635857
0.04249226658005055
0.04249226658005055
0.041723605950992344
0.041723605950992344
0.041723605950992344
0.041372664935301486
0.041372664935301486
0.04139959839357424
0.03998600000000003
0.03998600000000003
0.03998600000000003
0.03998600000000003
0.03998600000000003
0.03998600000000003
0.03998600000000003
0.03998600000000003
0.03998600000000003
0.03998600000000003
0.03998600000000003
0.03998600000000003
0.03998600000000003
0.03998600000000003
0.03998600000000003
0.03998600000000003
0.03998600000000003
0.03998600000000003
0.03998600000000003
0.03998600000000003
0.03998600000000003
0.03998600000000003
0.03998600000000003
0.03998600000000003
0.03998600000000003
0.03998600000000003
0.03998600000000003
0.03998600000000003
0.03998600000000003
0.03998600000000003
0.03998600000000003
0.03998600000000003
0.03998600000000003
0.03998600000000003
0.03998600000000003
0.03998600000000003
0.03998600000000003
0.03998600000000003
0.03998600000000003
0.03998600000000003
0.03998600000000003
0.03998600000000003
0.03998600000000003
0.03998600000000003
0.03998600000000003
0.03998600000000003
0.03998600000000003
0.03998600000000003
0.03998600000000003
0.03998600000000003
0.03998600000000003
0.03998600000000003
0.03998600000000003
0.03998600000000003
0.03998600000000003
0.03998600000000003
0.03998600000000003
0.03998600000000003
0.03998600000000003
0.03998600000000003
0.03998600000000003
0.03998600000000003
0.03998600000000003
0.03998600000000003
0.03998600000000003
0.03998600000000003
0.03998600000000003
0.03998600000000003
