0.07500388840480046
0.07500388840480476
0.0750038884048065
0.0750038884048063
0.07500388840480145
0.07500388840480186
0.07500388840480535
0.09388647931605597
0.12946338063137397
0.16221719810143942
0.19365728458436746
0.1936572845843707
0.19365728458436782
0.17887803029609683
0.17712905621019745
0.1769578380172418
0.1759481419052652
0.07104076439287738
0.07057826346153226
0.06695545248872065
0.0664868709113778
0.061790020770668155
0.061790020770664415
0.05767448591493915
0.05773730137572812
0.051242031231885025
0.051242031231885025
0.05133192622491303
0.05133192622491303
0.05133192622491303
0.05133192622491303
0.05133192622491303
0.05133192622491303
0.05133192622491303
0.05133192622491303
0.05133192622491303
0.05133192622491303
0.05133192622491303
0.04909852744310568
0.04909852744310568
0.04889199999999998
0.04889199999999998
0.04889199999999998
0.04889199999999998
0.04889199999999998
0.04889199999999998
0.04889199999999998
0.04889199999999998
0.04889199999999998
0.04889199999999998
0.04889199999999998
0.04889199999999998
0.04889199999999998
0.04889199999999998
0.04889199999999998
0.04889199999999998
0.04889199999999998
0.04889199999999998
0.04889199999999998
0.04889199999999998
0.04889199999999998
0.04889199999999998
0.04889199999999998
0.04889199999999998
0.04889199999999998
0.04889199999999998
0.04889199999999998
0.04889199999999998
0.04889199999999998
0.04889199999999998
0.04889199999999998
0.04889199999999998
0.04889199999999998
0.04889199999999998
0.04889199999999998
0.04889199999999998
0.04889199999999998
0.04889199999999998
0.04889199999999998
0.04889199999999998
0.04889199999999998
0.04889199999999998
0.04889199999999998
0.04889199999999998
0.04889199999999998
0.04889199999999998
0.04889199999999998
0.04889199999999998
0.04889199999999998
0.04889199999999998
0.04889199999999998
0.04889199999999998
0.04889199999999998
0.04889199999999998
0.04889199999999998
0.04889199999999998
0.04889199999999998
0.04889199999999998
0.04889199999999998
0.04889199999999998
0.04889199999999998
