0.06537406605027442
0.06537406605028642
0.06537406605026456
0.06537406605026864
0.06537406605027192
0.06537406605028659
0.06537406605027887
0.06905475766438973
0.0921453889346242
0.14645842194643463
0.1817388583382426
0.1817388583382368
0.1817388583382395
0.16488453643207937
0.16338038951738862
0.1626248858280561
0.16247249054842142
0.053514966234645314
0.0524348698045968
0.04586668080424127
0.04543929312970772
0.045268159728703364
0.045268159728703364
0.04378904085596813
0.04375744233357683
0.04157147114164805
0.04157147114164805
0.04132926719074714
0.04132926719074714
0.04132926719074714
0.04132926719074714
0.04132926719074714
0.04132926719074714
0.04132926719074714
0.04132926719074714
0.04132926719074714
0.04132926719074714
0.04132926719074714
0.040558941648948646
0.040558941648948646
0.040184
0.040184
0.040184
0.040184
0.040184
0.040184
0.040184
0.040184
0.040184
0.040184
0.040184
0.040184
0.040184
0.040184
0.040184
0.040184
0.040184
0.040184
0.040184
0.040184
0.040184
0.040184
0.040184
0.040184
0.040184
0.040184
0.040184
0.040184
0.040184
0.040184
0.040184
0.040184
0.040184
0.040184
0.040184
0.040184
0.040184
0.040184
0.040184
0.040184
0.040184
0.040184
0.040184
0.040184
0.040184
0.040184
0.040184
0.040184
0.040184
0.040184
0.040184
0.040184
0.040184
0.040184
0.040184
0.040184
0.040184
0.040184
0.040184
0.040184
0.040184
