0.15658993213496955
0.15658993213496877
0.15658993213497013
0.15658993213496858
0.15658993213497086
0.15658993213496844
0.1565899321349691
0.18231755637800934
0.1849829329281261
0.17869804965928796
0.13030945746704217
0.13030945746704217
0.13030945746704217
0.0642378277003104
0.06423782770038368
0.06341784854276858
0.06341784854275674
0.060698983288535714
0.060221999999999935
0.060221999999999935
0.060221999999999935
0.060221999999999935
0.060221999999999935
0.060221999999999935
0.060221999999999935
0.060221999999999935
0.060221999999999935
0.060221999999999935
0.060221999999999935
0.060221999999999935
0.060221999999999935
0.060221999999999935
0.060221999999999935
0.060221999999999935
0.060221999999999935
0.060221999999999935
0.060221999999999935
0.060221999999999935
0.060221999999999935
0.060221999999999935
0.060221999999999935
0.060221999999999935
0.060221999999999935
0.060221999999999935
0.060221999999999935
0.060221999999999935
0.060221999999999935
0.060221999999999935
0.060221999999999935
0.060221999999999935
0.060221999999999935
0.060221999999999935
0.060221999999999935
0.060221999999999935
0.060221999999999935
0.060221999999999935
0.060221999999999935
0.060221999999999935
0.060221999999999935
0.060221999999999935
0.060221999999999935
0.060221999999999935
0.060221999999999935
0.060221999999999935
0.060221999999999935
0.060221999999999935
0.060221999999999935
0.060221999999999935
0.060221999999999935
0.060221999999999935
0.060221999999999935
0.060221999999999935
0.060221999999999935
0.060221999999999935
0.060221999999999935
0.060221999999999935
0.060221999999999935
0.060221999999999935
0.060221999999999935
0.060221999999999935
0.060221999999999935
0.060221999999999935
0.060221999999999935
0.060221999999999935
0.060221999999999935
0.060221999999999935
0.060221999999999935
0.060221999999999935
0.060221999999999935
0.060221999999999935
0.060221999999999935
0.060221999999999935
0.060221999999999935
0.060221999999999935
0.060221999999999935
0.060221999999999935
0.060221999999999935
0.060221999999999935
0.060221999999999935
0.060221999999999935
0.060221999999999935
