0.1905060166113955
0.19050601661139926
0.19050601661139865
0.1905060166113987
0.19050601661139877
0.1905060166113981
0.19050601661139308
0.20662726220956443
0.2010635455685797
0.18708779447902463
0.1346374481860974
0.1346374481860974
0.1346374481860974
0.05894570554266082
0.05894570554266082
0.05894570554266082
0.05894570554266082
0.05797857991681516
0.05797857991681516
0.05797857991681516
0.05769042434394194
0.05769042434394194
0.05769042434394194
0.05769042434394194
0.05769042434394194
0.05769042434394194
0.05769042434394194
0.05769042434394194
0.05769042434394194
0.05769042434394194
0.05769042434394194
0.05769042434394194
0.05704599999999991
0.05704599999999991
0.05704599999999991
0.05704599999999991
0.05704599999999991
0.05704599999999991
0.05704599999999991
0.05704599999999991
0.05704599999999991
0.05704599999999991
0.05704599999999991
0.05704599999999991
0.05704599999999991
0.05704599999999991
0.05704599999999991
0.05704599999999991
0.05704599999999991
0.05704599999999991
0.05704599999999991
0.05704599999999991
0.05704599999999991
0.05704599999999991
0.05704599999999991
0.05704599999999991
0.05704599999999991
0.05704599999999991
0.05704599999999991
0.05704599999999991
0.05704599999999991
0.05704599999999991
0.05704599999999991
0.05704599999999991
0.05704599999999991
0.05704599999999991
0.05704599999999991
0.05704599999999991
0.05704599999999991
0.05704599999999991
0.05704599999999991
0.05704599999999991
0.05704599999999991
0.05704599999999991
0.05704599999999991
0.05704599999999991
0.05704599999999991
0.05704599999999991
0.05704599999999991
0.05704599999999991
0.05704599999999991
0.05704599999999991
0.05704599999999991
0.05704599999999991
0.05704599999999991
0.05704599999999991
0.05704599999999991
0.05704599999999991
0.05704599999999991
0.05704599999999991
0.05704599999999991
0.05704599999999991
0.05704599999999991
0.05704599999999991
0.05704599999999991
0.05704599999999991
0.05704599999999991
0.05704599999999991
0.05704599999999991
0.05704599999999991
0.05704599999999991
