0.1585924717949327
0.15859247179493316
0.15859247179492897
0.15859247179493102
0.15859247179493258
0.1585924717949328
0.15859247179493188
0.17667328715567618
0.1837445051249266
0.178962603996489
0.1350056583251767
0.1350056583251767
0.1350056583251767
0.044789051440918666
0.04427504521043965
0.04407108669026699
0.04390468490336673
0.04124153163050431
0.04124153163050431
0.04124153163050431
0.04124153163050431
0.04124153163050431
0.04124153163050431
0.04124153163050431
0.04124153163050431
0.04041400000000001
0.04041400000000001
0.04041400000000001
0.04041400000000001
0.04041400000000001
0.04041400000000001
0.04041400000000001
0.04041400000000001
0.04041400000000001
0.04041400000000001
0.04041400000000001
0.04041400000000001
0.04041400000000001
0.04041400000000001
0.04041400000000001
0.04041400000000001
0.04041400000000001
0.04041400000000001
0.04041400000000001
0.04041400000000001
0.04041400000000001
0.04041400000000001
0.04041400000000001
0.04041400000000001
0.04041400000000001
0.04041400000000001
0.04041400000000001
0.04041400000000001
0.04041400000000001
0.04041400000000001
0.04041400000000001
0.04041400000000001
0.04041400000000001
0.04041400000000001
0.04041400000000001
0.04041400000000001
0.04041400000000001
0.04041400000000001
0.04041400000000001
0.04041400000000001
0.04041400000000001
0.04041400000000001
0.04041400000000001
0.04041400000000001
0.04041400000000001
0.04041400000000001
0.04041400000000001
0.04041400000000001
0.04041400000000001
0.04041400000000001
0.04041400000000001
0.04041400000000001
0.04041400000000001
0.04041400000000001
0.04041400000000001
0.04041400000000001
0.04041400000000001
0.04041400000000001
0.04041400000000001
0.04041400000000001
0.04041400000000001
0.04041400000000001
0.04041400000000001
0.04041400000000001
0.04041400000000001
0.04041400000000001
0.04041400000000001
0.04041400000000001
0.04041400000000001
0.04041400000000001
0.04041400000000001
0.04041400000000001
0.04041400000000001
0.04041400000000001
0.04041400000000001
0.04041400000000001
