0.1740604000733345
0.1740604000733345
0.1740604000733348
0.17406040007333626
0.17406040007333276
0.17406040007333046
0.17406040007333665
0.18363224985782686
0.19212397645284154
0.18881492727702368
0.1422486743959418
0.1422486743959418
0.1422486743959418
0.056090111248421094
0.05609011124842551
0.056090111248420525
0.05510378187082328
0.05156185046245875
0.04964656230397898
0.04964656230397898
0.0496465623043291
0.04964656230435425
0.04964656230440197
0.04949994551047715
0.04949994551046392
0.049366
0.049366
0.049366
0.049366
0.049366
0.049366
0.049366
0.049366
0.049366
0.049366
0.049366
0.049366
0.049366
0.049366
0.049366
0.049366
0.049366
0.049366
0.049366
0.049366
0.049366
0.049366
0.049366
0.049366
0.049366
0.049366
0.049366
0.049366
0.049366
0.049366
0.049366
0.049366
0.049366
0.049366
0.049366
0.049366
0.049366
0.049366
0.049366
0.049366
0.049366
0.049366
0.049366
0.049366
0.049366
0.049366
0.049366
0.049366
0.049366
0.049366
0.049366
0.049366
0.049366
0.049366
0.049366
0.049366
0.049366
0.049366
0.049366
0.049366
0.049366
0.049366
0.049366
0.049366
0.049366
0.049366
0.049366
0.049366
0.049366
0.049366
0.049366
0.049366
0.049366
0.049366
0.049366
0.049366
