0.992
0.992
0.992
0.992
0.992
0.992
0.992
0.987
0.971
0.937
0.848
0.848
0.848
0.484
0.481
0.475
0.462
0.031
0.031
0.031
0.031
0.03
0.03
0.03
0.023
0.012
0.012
0.01
0.01
0.01
0.01
0.01
0.01
0.009
0.006
0.006
0.006
0.006
0.006
0.006
0.006
0.006
0.006
0.006
0.006
0.006
0.006
0.006
0.006
0.006
0.004
0.004
0.004
0.004
0.004
0.004
0.004
0.004
0.003
0.003
0.003
0.003
0.003
0.003
0.003
0.003
0.003
0.003
0.003
0.003
0.003
0.003
0.003
0.003
0.003
0.003
0.003
0.003
0.0
0.0
0.0
0.0
0.0
0.0
0.0
0.0
0.0
0.0
0.0
0.0
0.0
0.0
0.0
0.0
0.0
0.0
0.0
0.0
0.0
0.0
0
