0.997
0.997
0.997
0.997
0.997
0.997
0.997
0.992
0.978
0.926
0.864
0.864
0.864
0.415
0.413
0.401
0.395
0.023
0.023
0.019
0.019
0.019
0.019
0.018
0.018
0.008
0.008
0.008
0.008
0.008
0.007
0.007
0.006
0.006
0.005
0.005
0.005
0.005
0.004
0.004
0.004
0.004
0.004
0.004
0.004
0.004
0.004
0.004
0.004
0.004
0.003
0.003
0.003
0.003
0.003
0.003
0.003
0.003
0.003
0.003
0.003
0.003
0.003
0.003
0.003
0.003
0.003
0.003
0.003
0.003
0.003
0.003
0.003
0.003
0.003
0.003
0.003
0.003
0.003
0.003
0.003
0.003
0.003
0.003
0.003
0.0
0.0
0.0
0.0
0.0
0.0
0.0
0.0
0.0
0.0
0.0
0.0
0.0
0.0
0.0
0
