0.996
0.996
0.996
0.996
0.996
0.996
0.996
0.992
0.982
0.948
0.848
0.848
0.848
0.378
0.376
0.351
0.349
0.027
0.027
0.026
0.023
0.022
0.022
0.02
0.02
0.009
0.009
0.009
0.009
0.009
0.009
0.009
0.009
0.009
0.007
0.006
0.006
0.006
0.006
0.006
0.006
0.006
0.006
0.006
0.006
0.006
0.006
0.006
0.006
0.006
0.004
0.004
0.004
0.004
0.004
0.004
0.004
0.004
0.004
0.004
0.003
0.003
0.003
0.003
0.003
0.003
0.003
0.003
0.003
0.003
0.003
0.003
0.003
0.003
0.003
0.0
0.0
0.0
0.0
0.0
0.0
0.0
0.0
0.0
0.0
0.0
0.0
0.0
0.0
0.0
0.0
0.0
0.0
0.0
0.0
0.0
0.0
0.0
0.0
0.0
0
