0.994
0.994
0.994
0.994
0.994
0.994
0.994
0.988
0.967
0.928
0.795
0.795
0.795
0.335
0.251
0.249
0.249
0.053
0.05
0.046
0.043
0.027
0.027
0.026
0.025
0.01
0.01
0.01
0.01
0.01
0.01
0.01
0.008
0.008
0.008
0.007
0.007
0.007
0.007
0.007
0.007
0.007
0.006
0.006
0.006
0.006
0.005
0.005
0.005
0.005
0.003
0.003
0.003
0.003
0.003
0.003
0.003
0.003
0.003
0.003
0.003
0.003
0.003
0.003
0.003
0.003
0.003
0.003
0.003
0.003
0.003
0.003
0.003
0.003
0.003
0.0
0.0
0.0
0.0
0.0
0.0
0.0
0.0
0.0
0.0
0.0
0.0
0.0
0.0
0.0
0.0
0.0
0.0
0.0
0.0
0.0
0.0
0.0
0.0
0.0
0
