0.993
0.993
0.993
0.993
0.993
0.993
0.993
0.988
0.984
0.939
0.812
0.812
0.812
0.247
0.247
0.246
0.178
0.027
0.027
0.026
0.026
0.026
0.025
0.024
0.024
0.011
0.011
0.011
0.011
0.011
0.011
0.011
0.01
0.01
0.01
0.01
0.01
0.01
0.006
0.006
0.006
0.006
0.004
0.004
0.004
0.004
0.004
0.004
0.004
0.004
0.004
0.004
0.004
0.004
0.004
0.004
0.004
0.004
0.004
0.004
0.004
0.004
0.004
0.003
0.003
0.003
0.003
0.003
0.003
0.003
0.003
0.003
0.003
0.0
0.0
0.0
0.0
0.0
0.0
0.0
0.0
0.0
0.0
0.0
0.0
0.0
0.0
0.0
0.0
0.0
0.0
0.0
0.0
0.0
0.0
0.0
0.0
0.0
0.0
0.0
0
