0.993
0.993
0.993
0.993
0.993
0.993
0.993
0.984
0.973
0.946
0.825
0.825
0.825
0.465
0.462
0.459
0.459
0.039
0.038
0.035
0.033
0.032
0.032
0.03
0.03
0.013
0.013
0.013
0.012
0.012
0.012
0.012
0.012
0.012
0.01
0.01
0.01
0.01
0.01
0.01
0.01
0.01
0.009
0.009
0.009
0.008
0.008
0.008
0.008
0.008
0.005
0.005
0.005
0.005
0.005
0.005
0.005
0.005
0.005
0.005
0.004
0.004
0.004
0.003
0.003
0.003
0.003
0.003
0.003
0.003
0.003
0.003
0.003
0.003
0.003
0.003
0.003
0.003
0.003
0.003
0.003
0.003
0.003
0.003
0.003
0.003
0.003
0.003
0.003
0.003
0.003
0.003
0.003
0.003
0.003
0.003
0.003
0.003
0.003
0.003
0
