0.997
0.997
0.997
0.997
0.997
0.997
0.997
0.992
0.972
0.933
0.818
0.818
0.818
0.278
0.278
0.277
0.273
0.029
0.028
0.027
0.025
0.025
0.025
0.024
0.024
0.011
0.011
0.011
0.011
0.011
0.01
0.006
0.005
0.005
0.005
0.005
0.005
0.005
0.005
0.005
0.005
0.005
0.005
0.005
0.004
0.004
0.004
0.004
0.004
0.004
0.004
0.004
0.004
0.004
0.004
0.004
0.004
0.004
0.004
0.004
0.003
0.003
0.003
0.0
0.0
0.0
0.0
0.0
0.0
0.0
0.0
0.0
0.0
0.0
0.0
0.0
0.0
0.0
0.0
0.0
0.0
0.0
0.0
0.0
0.0
0.0
0.0
0.0
0.0
0.0
0.0
0.0
0.0
0.0
0.0
0.0
0.0
0.0
0.0
0.0
0
