0.984
0.984
0.984
0.984
0.984
0.984
0.984
0.98
0.97
0.927
0.802
0.802
0.802
0.204
0.203
0.193
0.179
0.051
0.049
0.026
0.026
0.026
0.026
0.024
0.024
0.011
0.011
0.009
0.009
0.009
0.009
0.009
0.009
0.009
0.009
0.009
0.007
0.005
0.004
0.004
0.004
0.004
0.004
0.004
0.004
0.004
0.004
0.004
0.004
0.004
0.003
0.003
0.003
0.003
0.003
0.003
0.003
0.003
0.003
0.003
0.003
0.003
0.003
0.003
0.003
0.003
0.003
0.0
0.0
0.0
0.0
0.0
0.0
0.0
0.0
0.0
0.0
0.0
0.0
0.0
0.0
0.0
0.0
0.0
0.0
0.0
0.0
0.0
0.0
0.0
0.0
0.0
0.0
0.0
0.0
0.0
0.0
0.0
0.0
0.0
0
