17 95 146 306 368 452 490 551
20 45 53 242 286 450 618 875
12 19 34 872
121 462 715
84 488 553 826
52 652
72 423
12 19 27
650 813 858
4 697
102 234 273 438 605 678 727 850
49 589
83 380 826
2 54 55 76
14 29 58 63
341 375 531 676 729 928
308 309
63 509 818
13 115 558
2 3 82 242 348 403 861 930 977
194 256
570 612
68 122 135 211
14 34 295 866
690 800
103 334 368
54 215 496 724 851 935
140 243
9 72
67 165 491
42 50
549 963
48 73 169
42 694 701 816 854
121 712
44 167 232 322
18 157
11 33 58 177 494
42 81 116 196 344 399 516 734 769 912
96 252
142 404
10 174 228 657
2 44 297 649 828 837
1 631
14 29 256 512 841
153 174 244 318
8 26 326 992
5 20 254 312 352 552 621
6 315 441 859 891
153 632
30 43 64 70 190 477 755 915
26 56 111 181 442 500 505 563 696 925
4 79 162 658
85 87 104
6 57 730
47 454
30 179 688 915
24 37 50 502 558 709 784
270 771
45 192 491 842
195 281 298 387
7 349 358 361 367
81 259 338 585
59 180 190 257 299 662
102 181 350
48 73 105 523
11 75 438 638 711
40 65 126 528 962 970
13 184 223 266 944
7 193
20 45 96 228 332 373 450 527 587 660
1 73 116 498 667 680 720
112 143
302 742
7 16 49 111 183 487 806 830
20 192 291 359 397 531 907
42 240 243 280 344 585 601 728 955
248 484 647 765
30 179 218 419 453
52 934 998
4 16 35 59 199 351 416 498 717 871
7 894
47 460
31 520 732
22 434 536
268 742 902
62 128 621
15 23 86 881 887 969
32 566
21 94 592
55 226 392
80 590 754
69 582 978
31 167 246 292
61 91 343
153 168
61 73 79 135 403 476 577 667 713
275 821
23 105 786 945
27 402 553
188 246 930
52 139 652
91 360 964
105 205
8 13 40 46 52 53 75 495 744 836
45 186 818
15 563
1 40 116 145 186 401 447 550
19 34 77 99 172 456 504 716
161 239 854
121 219 393 749
482 611 638 718
10 16 69 257 337 429 487
213 360
239 976
67 75 89 216 358 757
10 20 52 829 941
216 331 488
530 865 990
8 290
12 25 117 189
214 981
179 216 755
98 506
198 739 761
13 24 99 395 417 557 906 910 953
47 60 255
337 420 544
352 781
7 68 178 948
207 548
626 752 773
52 239 342 511
402 669
110 125
205 271 302
25 71 101 144 145 210 386 401 858 935
35 955
3 41 85 259 458 994
500 827
181 284 764
1 53 145 219 305 414 468
15 28 56 135 171 231 985
2 21 64 283 375 818 904
39 110 250 490 502 879 911 977
71 127 162 385
255 282
16 574
235 659
281 318 984
120 872
13 95 208 723 943
45 49 58 68 111 131 296 322 650 830
20 116 119 629 926 953
9 17 23 179 367 674
59 332 569 853 974
97 100
47 108 193 455 459 576 750 978
6 57 133 324 863
166 386 630
34 76 192 253
7 68 111 183
237 770
16 55 221
14 139 237 298 302 350 408 647 675 997
8 490 933
1 25 169 277 362 463 965
316 807
33 117 158 249 300
516 899
285 422
16 49 142 578
14 128 132 259 270 462 830 869
40 936 941
13 15 23 332 345 432 583 917
109 143 151 423 526 613
484 535 894
10 251 328 491 515 721
22 158 186 187 702 756
141 276
27 28 74 208 505
2 21 292 293 402 600 865
17 93 224 885
30 356 421 812
3 99 336 564 654
42 314 699
17 21 94 377 669
68 69 161
26 211
10 20 50 269 299 606 609 614 867 954
74 181
16 86 782
46 179 542
102 312 898
38 108 598 804
131 216
8 106
5 151 224 609
9 93 205 319
8 17 262
20 201
35 989
51 828
25 79 119 182 294 366 517 790 974
29 54 89 90 99 138 225 458 847 968
10 37 45 172 226 760 956 958 993
31 73
50 474
3 136 279 478 851
93 109 139 163 272 317 353 435 736
924 960
12 143 275 736
23 105 345 969
9 23 86 245 339
44 72 78 91 215 260 417 683 736
421 574 931
67 131 199 248 757 891
38 193 207 341 418
6 38 57 191 193 198 258 555
4 30
216 481
275 398 754 816
22 146 860
138 142 530 1000
4 21 240 613 864
39 155 385 560
148 364 429
3 41 623
410 478 749
44 264
340 682
12 685
286 406 835
43 51 223 323 713 982
36 44 725
58 128 224 318 787 895
57 212
14 63 250 297 699 760 815
12 19 37 47 209
7 178
548 598
92 225
160 852
162 459
74 135
1 162 242
13 37 115 133 339 532 599 905
47 62
14 43 64 70 192 256 959
86 164 641
38 599 709
7 357 436 614 705
32 519 892 985
115 133 170 224 245 309 411 705 840
690 764
33 354 359 397
168 173 248 857
31 123 206 246 364 481 509 628
607 677
22 219 321 393 434 833
6 54 198 248 832
27 30 88 278 366 379 513
9 19 109 123 346 384 675 786 809
29 72 132 325 347 376 630 772 832 980
273 605
197 218
219 410
154 375 457 855 966
422 956
2 150 615
45 158 228
11 17 88 747
54 98 106 769
52 160 508
20 130 533 614 719
49 109 111 142 178 405
5 151
75 443 730
4 5 41 98 115 404 622
77 145 278 293 480 703 723 883
312 350
8 32 61 92 722 856 989
10 289
204 357 449 465 648 691
233 489 805
11 74 83 84 371 377 426 780
273 350
65 126 528 970
29 34 147 163 612
17 35 110 564 578
13 37
97 182
25 54 499 888
26 67 181 400 413 778 822 870
180 491
195 335
18 839
62 119 229 460 836
118 844
262 474
22 23 344 381 551 702 758 919
18 130 367 387 512 578
472 734
32 46 66 477
1 38 78 108 341 374 418 576 833
147 286 583 773
1 71 684
22 433
28 51 63 486 522 868
4 93 102 206 280 441 532
25 111 116 138 176 214
83 677
566 796
8 42 84
15 208 463 468
15 26 28 57 171 284 446 585
16 59 148 175 322 330 429 601 653 806
107 200
29 32 80 124 205 325 498 579 814
383 385 658
189 288 568
34 40 52 161 522 972 973
10 11 15 53 132 383 587
88 250
36 82 191 821
38 58 118 408 750 804
207 218
7 64 182
92 110 372 551
191 327 660
3 326 610
591 697
186 561 659
22 71 78 136 156 443 686
37 558
28 80 155 696 764 947
62 128 229 242 301 573 621
15 26 47 258 282 594
29 59 136 183 429 574 601 653 741
1 101 127 260 303 401 537 552
36 137
74 690
5 104 167 213 474
19 125 274 424 577
89 443
15 36 263 275 293 314 644
41 251 756
377 592
34 36 60 134 268 470 783
2 32 154 365
14 118 190 252 271 370 668 825
547 615
25 418
2 10 20 436 721 877
340 553 793
2 637
2 476 688
59 296 633 650 796 940 978
43 982
10 45 53 85 96 184
12 51
245 641
81 258 671
25 175 214 499 559 783 805 995
27 34 237
288 352 381 795
5 673
21 544
124 664 682 868
39 71 101 127 174
18 110 130 159
15 23 26 56 253 471 834
11 348
31 246
192 598
554 864
21 337 377 431 544 912
194 376 895
77 126
381 697
9 36 51 60 76 172 343
28 84 417 932
70 119 149 223 846
42 191 327
9 23 200
103 122 234 338 538 798
1 188 313 416 466
53 187 293 483
89 461
107 147 164 640
8 325 411 800 977 989
315 441
45 85 106 797 837
13 41 99 180 532 931
86 152 153 332 584 779 787
40 60 90 419 475 562 623
12 19 191
6 21
292 964
79 126 316 376 403 795
58 365 422
40 100 126 187 817
25 42 95 215 235 236 387 657 668
43 100 293 330
4 18 35 107 123 156 220 343 610 619
220 313 568
36 266
218 451
210 268
25 864
12 27 117 279 482 632 718 851 983
16 26 56 74 413 425 513 737 942 947
30 285 465
19 123 242
1 16 92 193 255 595 622 811
43 136 334 335
9 108 245 423
47 168 173 245 273 622 874
20 587
10 66 231 776
7 8 14 19 229 276 730 995
19 30 179 356 419 965
52 138
199 390 529
31 44 290 508 565
17 946
15 28 561
95 247 608
30 102 438 525
64 70 513 745
10 20 45 269
36 182 266 309 346 347 462 467 645 661
3 41 259 279
21 43 64 152 182 221 687 856 867
47 335 557 874
83 98 110 115 339 459 666 988
149 173 378 384
655 870
25 272
2 21 52 56 237 766 910 998
198 305 437 781 863
177 309 318 382 427 648 751
3 987
18 43 310
48 79 240 265 534 795 893
3 993
91 109 112 147 323 332
6 67 240 307 562 840 850
4 169 265 440 523 761
229 460
390 695
280 882
54 379
2 18
52 139 161 233 522 819
47 165 874
566 700
2 91 379 474 547 831 990
28 129 140 277 855
5 8 50 58 317 340 396 426 666 921
134 420
10 520 569 687
70 202 792
104 427
51 373
115 290
29 192 220 292 752
92 285 290 310
53 132 950
18 599 953
258 555
3 51
1 82 581
114 238 313 329 524
6 212 324 761
16 311
65 141 788 962 973
8 582 896
1 560
23 195 200 425 917
87 184
80 446
221 964
20 908
70 157
28 96 129 727
26 70 351 355 500
183 848 992
5 24 81 262 299
268 291
42 516
7 49 68 799 948
13 23 143 205 233
32 293 702
272 588 639 888
202 341 661
35 48 69 73 79 92 224 257 876
30 281 565 722
120 226 597 986
13 61 106 167 184 355 545 903
11 40 55 869 909 920 963 1000
1 238 267 354 461 581 867 880
57 138
692 880
18 19 76 197 367 371 922
4 378
285 642
23 294 952
69 112 593 789 897 913
46 918
14 236 428 521
26 56 75 83 248 284 446 448 610 875
13 63 115 133 141 190 370 542
18 197
407 763
296 497
122 468
257 405
2 529 545
72 111 148 185 207 246 295 404 656 983
25 90 175 238 263 313 499
114 352 663
202 737
243 408 541
50 117
3 41 767
14 99 190 283
82 373
47 486 488 557 634 779
189 329
65 80 575 698 803 923 974
159 586 801
9 10 132 147 176 184 573 777
149 346
217 631
212 536
253 392 699
30 114
196 518
148 464
13 83 135 957
201 813
184 278 472 587
15 28 74 503 846
4 73 188 349 607
12 117 236 432 611 726
70 74 202 223 323 526
54 64 177 379 880
32 224
16 165 454 847
4 94 331
2 261
12 121 321 349 656
55 116 124 127 380 826 868
4 74 79 166 505 529
7 848
76 431 698 716 952
26 135
235 367 633
1 3 38 185 374 458 550 786
4 29 210 256
47 165 759 822
54 785 817
343 391 762
210 397
489 594 638
8 16 56 125 254 303 722 856 914
6 181 261 620 855
9 43 105 506 602 753
113 140 338 926
10 120 180 392 479
393 493 524
45 314 660 842
222 674
36 149 384 389 391 701 890
150 444 777 831
60 252 762
201 247 503
17 87 96 109 221 283 547 824 829
46 92 635 710 809 866 878
8 13 216 336
13 24 39 554
10 20 22 87 270 289 583 916 920
33 151 374
270 388 527
66 957
18 975
12 56 114 138 295 298
21 269 337 538
26 400
109 191 424 485
2 14 33 41 153 358 422 603
110 489
61 208 271
93 382 616 714
130 157 222 825
64 710 717
106 290
152 540
172 455 575
70 323
278 451
172 185 398 716 816 975
15 567 662 900
11 209
33 210 318 387
124 233
32 69 297
84 123 169 260 626
53 150
119 284 294 306
2 54
6 35 114 224 247 294 372 892
3 45 149
62 287
10 573 831
18 34 578
49 148 203 244 330 405 619
17 130 131 328 414 440 442
22 78 104 478 543 677
155 746
11 58 61 91 143 187 303 529 544
10 62 222 229 274 728 794 798
427 495
6 470
11 17 117 147 164 249 300 596 733
15 134 208 284 327 561
767 828 987
676 707
22 156
163 312 525 579 898
13 24 37 48 617
617 820
5 16 50 941
140 344
39 145 217
13 159 173 269 514 986
31 49 62 205 510 540
13 24
189 220
54 78 98 221 333 530 559 600 643 889
82 260 329 501 586 694 887
15 26 241 620
21 43 97 351 496
4 39 173
30 356 419 755 991
9 125 228
40 100 267 726
93 107
75 153 632
6 102 204 283 359
24 55 654 797 927
46 236 295 428 704 918
20 96 316 629 907 908 950
53 85 96 100 186 480
27 233 593 628
16 142
507 700
1 447
121 519
67 73 265 338 500
30 294
689 881
10 51 143 182 362 554
256 439
7 619
480 936
18 78 217 469 636 877
1 101 127 466 684 935 949
23 86 177 205 320 372 493 693 753 915
157 794
33 229 317 406 492 627 945
87 96 920
5 111 316 606 859
38 326
100 164
14 59 97 202 643 745 792
81 364
25 588
6 27 36 222 243 344 681 798 948
16 84 129 151 277 301 497 775 870 961
220 579
450 849
220 264 319 898
20 83 99 122 168 175
134 241
7 31 101 198 256 287 339 391 861
55 221
294 389
65 528
1 5 41 80 104 251 571 680
67 75 997
159 274
334 815
197 453 812
67 158 255
108 326 394
185 227 279 810
12 16 38 49 120 484 762
62 227
56 231
7 18 59
72 363 435 492
4 73 331 542 658 695
36 60 137 378 636 735
26 131 411 715
5 141 213 223 744
51 70 97 202 792
5 35
137 228 542 957
9 22
494 996
14 29
4 79 390 476 651
111 165 176 349 580
24 37 98 133 336 685
48 403
381 780
41 267
83 793
66 189 588
15 152 776
102 465
1 155 791
353 487 635
14 33 118 141 215 362 427 772 984
14 144 608 946
9 34 60 137 149 345 626
23 70 103 679
264 897 995
226 370 451 918
525 678
277 369 426 596 627 655 785
62 157 222 329 711
470 939
33 158 194 382 397
81 191 280 327 338
137 467
25 51 90 175 214 347 379 524 549 692
63 177 449
33 63 365 412 909
24 169 498 591
392 501
71 124 145 152 159 390 928 985
116 305
126 878
10 22 45 201 363 396 399 443 999
64 421 496 545 554 713 812
193 326 804
32 35 61 95 662 665 843 988
62 848
48 87
22 823
20 333 661
27 117
23 148 640 725 899
186 480 817
131 153 267
91 93 112 200 345 689 945 967
6 94 212
60 169 539 733
3 12 94 291 302 368 525
42 280 903
324 739
1 39 162 217 287 618 802
24 37 564
31 481
20 363 719 821
86 200
306 310 370 431 754
127 369 511 938
107 641
137 178 346 378 433
76 266 308 467 845
3 19 21 27 34 521 670 820 892
21 449
97 99 183 453 572 841
2 12 342 672 708
16 27 68 170 311
14 180 376 602 751 752 944
51 91 107 112 260 425 584
32 170 473 933
31 461
69 220 399 479
35 69 88 106 143 290 452 760
30 258 421
173 282 358 391
759 932
32 114 219 651
34 43 90 263 329 555 568 579
61 201 452
25 39
110 225 916
581 901
430 784
37 395
83 93 124 488 648
14 33 154 251 393 412 766 838 844
113 671 873 939
176 415 567
9 86 897
308 439
31 44 159 365 560 615
56 463 471
428 611 943 961
66 151 835
47 113 196 240 434 728 778 885
90 154 214 263 376 524
249 456 843
6 57
190 298 774
9 107 123 264 540
23 43 104 115 163 319 348 526 583 629
1 211 230 241 315
64 176 384 456 568 741 770 834
29 142 219 375 389 444 902 907
29 58 668 954
36 60 76 119 263 366 398 743
17 144 582
407 827 884
46 130 353
11 876
34 482
174 572
396 399
12 19 236 280 394 811
32 35 156 328 469
3 71 878
65 133 556
70 114 238 272 313 679 748
6 437 589 966
204 206
68 203 311 464 653 807
120 597
22 97 103 208 507
108 689
58 193 382 457
3 39 810 811 951 993
63 194 231 268 300 308 546 637 672
347 706 748
41 292 306
103 110 843
102 350 565
95 125 285 502
13 31 157 209 430 905
7 16 46 49 170 203 230 296
65 87 556 570
4 302 331
222 287 394 460 637 776 882
42 81 140 184 394 445
1 53 385 414 901
31 71 84 126 145 210 983
8 103 768
24 98 133 339 541 784 958
8 32 35 95 473 507 665
49 95 203 436 497
360 526
46 704
25 33 58 85 226 351 387 412 535
5 104
2 55 101 119 174 209 681 791 903
19 32 165 433 595
252 909 921
89 199 403 607 893
53 383
42 81 113 140
80 119 171 391 590 701 737 925
10 71 104 128 157 510 646
685 742
90 781
4 80
42 213 240 681 912
8 35 249 501 507
4 89 265 416 651 688 708 871
40 77 122 187 278 580
58 66 649
21 48 94 289 413 563 600 604 824
39 63 107 177 190 196 673
195 432
196 362 603 679
15 28 94 171 563 714 849 884 936
128 836
63 937
972 998
595 932
58 766
113 146 154 358 738 763 803 854
235 238 765
114 352
172 389 770
53 98 738
1 550 631 965
82 388
40 486
35 103 225 274 304 310 469 608 801
22 78 89 300 399
16 100 197
276 308 439 921
76 80
33 102 819
409 572
44 63 85 94 171 250 412 510
81 168 706
7 71 170 257 385 741
134 513
11 534
38 101 321 374
7 59 114 183 589 807
68 112 404 405
57 782
37 115
47 204 335 691 900
3 305 987
141 169 354
9 72 539
12 27 34 84 552
335 557
147 279 693
38 548
145 550
167 925
272 929
340 380 553
711 794 991
14 194 291 382 408 457 469 735 853 979
29 63 95 118 154 177 354 535 735
66 174 549 806
28 288 535 729 981
75 448
17 35 61 250 291
174 303 305 560 949
65 570
125 624
123 432
74 208 849
50 211 254 360
18 72 552 773
6 63 118 148 320 495 842 919
195 493 743 789 847 913
194 214 284
252 457 919
164 487
57 234
2 77 137 158 451 646 801
161 585 769
3 259
91 105 107 593 693 768 862
44 98 167
48 390 534 667 695 860 913
8 17 69 106 125 225 247 304 334 475
13 209
139 161
5 44 117 131 176 322
89 893
30 179
44 221 292 712 749 971 997
13 19 27 180 297
1 19 27 86 117
30 356
18 67 92 131 216 267 282 724
176 549 559 616 963
15 17 43 73 140 643 937 975
72 109 152
5 155 213
12 49 76 137 172 275 378 389 575 636
287 686
121 146 156 321 396 514 533 543
1 15 122 253 929
48 57 160 682
35 194 320 707
18 253 281 355 361 446 659 839
13 968
6 680 876
116 141 196 200 676 841
10 105 765
9 87 123 164 265 415 584 727 829
5 7 76 97 119 150 456 740 860
315 353
255 757
227 479
5 50 213 217 254 301 360 401 609 994
29 118
4 720
5 8 50 125 159 475
36 366
2 171 253 515
4 19 519
17 61 304 424 477 551 896
666 793
53 85 270
8 24 37 69 82 144 172 395 541 590
18 33
162 774
7 178 244
161 188 307 976
5 10 209 262 430
34 99 504 670 803
11 64 506 559
17 32 88 92 95 310
55 664
20 54 444 616
10 40 100 472 813
82 132 415 520 771
14 134 185 192 239 325 342
122 135 413 442 468 620
17 372 808
141 512 720 780
39 951
12 19 34 482 495 594 820 869
406 467
33 154 283 320 516
64 645 710 717
56 69 159 368 473 980
182 320 324 327 357 517 530 712
186 261 393 410 478 514
15 28 218 503
102 691
2 725 942
84 283
74 200 218 369 591
82 618
31 150 160 251 364 538 569 777 875 996
38 374 418 576 750 940
25 88 175 347
46 66 241 395 472 635 788
17 106 132 241 577 747 883
6 324 437 584 882 990
182 227 783
2 68
108 207
7 16 79 89 166 368 642 731
80 118 149 306 343 845
38 48 108 207 758
62 128 222 510
120 218
259 348
212 234
40 77 83 112 158 164 206 278 698
88 247 304 372 462 922
31 52 188 511 652
19 132 363
51 323 687
51 97 223
5 38 548 576
19 44 521 561 718 824
5 62 157
54 105 143 195 602 639 779 861
9 11 277 486
38 70 89 166 315 401 590
301 428
26 445
19 311 349 656
3 15 21 26 28 41 68 663
9 45
48 169 416 540 731
4 184 289
65 704
6 57 866 877
34 670
11 426 627 775 814 862
242 569
16 68 873
1 39 59 384 604 624
72 163
14 268 386 517 630 787
501 924
23 539
17 934
9 13 459 796
32 485 596
25 42 138 149 178 243 409 789 838 950
104 673 751
11 249 348
26 74 134 231 355 567 625 942 988
25 279 929
14 281 298
129 166 371 555
75 131 319 388 400 546
73 166
3 90 199 440 455 683 731 734 881
22 78 823
136 156 261 328
17 22 31 60 307 565 886 930 947
164 195 492
33 177
287 991
36 61
22 215
5 286 944
46 66 299 571
55 721 815 914 949 972
4 48 265 381
439 937
12 27 943
44 55 546 672
60 80
29 241
7 16 21 94 178 330 497
81 840
492 689 996
52 511
11 120 377 833
49 300 386 404 939
140 873
175 203
89 122 445
12 24
6 41 121 136 196 219 979
1 802
174 959
8 11 371
129 371 494
62 128
147 163 260 406 447
7 59 744
66 73 81 113 146 258 447 455 694
3 39 162 723 767
22 136 146 504 612
23 586
66 91 129 160 163 230 927 984
156 537
67 77 255 282 883
204 364
210 271 386
445 834
19 49 231 337 490 582 791 827 890
6 485 527
42 139 161 203 522
215 261
2 44
18 227
309 365 902 966
24 46 79 420 671 905
61 69 763
31 113 160 188 509 928
130 235
9 81 243 470
53 150 890
23 407 933 980
30 185 504
20 520
12 236 295 911 961
28 134 135 189 211 271 567
90 138 238 865 889
27 32 41 58 276 489 588
6 36 198 212 571
189 225 263 288 623 739
50 994
8 144 340 521 566
47 86 165 317 454 887
130 197 797
24 37
30 477
9 24 40 46 50 85 199 230 274 606
2 5 50 104 151 254 437 466 969
90 120 479 597 960
46 230
17 88 250 586
6 448
247 502
206 342 508
188 206 246 562 628
25 29 154 461 759 888 986
336 564 958
21 94 402 538
18 51 75 87 163 415 916
10 59 133 211 330 523 571 577 837
12 21 52 233 342 724 819 976
276 359 375 517 956 968
12 28 36 39 118 307 592 719 879 884
69 72 88 274 334 946
45 908
125 264 642
357 605
2 8 88 103 144 170 244 304 452 543
32 35 61 103
42 111 499
116 217 971
144 575
271 518
105 319
92 297
112 227 363
261 289 633
160 166 844 900
838 960
423 425
22 78 533 536 790
29 252 449 518 729
1 127 475
6 57 110 198 234 361 397 782 832
43 51
6 24 37 57 212 558 955
18 361
49 142 537
11 48
37 85 87 269 373 388 444 657 931
4 331 440 523 534 708 756 805 871 967
2 150 640
366 435 967
71 106 424 665 959
82 251 289 312 314 357 527 678
889 1000
3 170 353 589
417 753
835 886
44 48 55 167 282 483 574 686
185 458
383 705
26 50 400 463 471 613 646 859
56 505
65 67 77 96 483
41 185
44 55 388 546 547
127 228 273 465 624 706 904
34 38 65 181 311 351 509 543 709 845
21 333 336 663 669
106 130 361
39 127 155 414 539 572 684 802 858 951
8 124 703
36 237 266 398
101 204 234 904
60 237 275
732 954
126 286 454
38 108
9 112 181
29 33 63 291 899 979
45 85 132 180 201 269 436
13 24 133 506 733
113 394
75 168
53 96 270 314 321 383 396 433 740
173 248 267 484 857
52 139
4 24 370 481 604
150 153 173 400 430 450 617 647 894
14 137 362 738
105 152
160 206 307 562 814 852 886
15 28 79 420 591 696
65 580 962
5 11 50 129 151 213
166 171 183 254 380 405 438 625 654 896
197 839
27 139 788
93 109 152 634
328 410
214 748
29 33 46 66 392 471 872
146 232 536 644 740 746 823 857 992 999
262 299
2 201 346 515
3 26 33 39 41 101 774 863 926
36 60 76 80 136 156 232 266 398 743
64 97
407 700
54 77 180
62 128 674
129 277 938
4 24 532 853
5 466
71 187 879 934
90 155 162 175 303 746
43 134 790
341 940
11 249
18 235 655 778
39 43 61 94 202 485 581 715 747 914
40 77 186 800
3 120 226 395 911 924
65 99 528 556 885 970 973
27 808 927
40 187
100 158
9 23 31 91 93 108 286 409 683 825
124 239
21 72 257 333 359 435
276 285
508 580
7 76 77 273 476
55 136 232 244 296
30 288 981
5 301 573
7 142 178 203 262 316 464 982
78 121 232 317 448 533 644 999
37 66 77 239 402 441 649
87 92 204 217 272 512 515 531 906 952
726 809
67 168
354 531
23 40
1 67 103 380 409 971
3 758 810
494 603
37 799
22 121 146 514 891
2 59 167 281 288 518
79 199 519
26 28 135 355 503
71 101 155 901
8 9 17 88 109 144 264 325 411
57 850
28 56 171 333
9 123 230 768
68 244 799 923
11 84 129 369 775
78 215 223 434
64 496 645 745
165 483
60 82 772
148 345 464
86 245
46 93 112 442 493 634 714 732 862
15 107 556 639
11 84 124 785 917 938
6 113 207
3 27 56 75 122 211 675 707 808
98 232 369
31 168 895
625 822
78 545
176 692
209 541
7 170
8 664 922
138 852
126 570
373 771
11 35 431 473 846
83 703
179 356 453
20 59 100 183 322 537 906 910 923
