13 82 146 341 667 937
24 121 347
39 54 220 316
16 124 306 747
4 5 295 733 822 956
180 848
315 782
9 28 299
96 545 781
19 20 46 130
28 774
49 202
3 30 62 206 963 969
52 159 616 862
4 34
38 39 45 77 553
198 243 524 612 628 729 731 779
9 23 64
391 392 394 453 632 679
253 303 344
17 80 93 121 272 319 433 971 979
51 88 122 150 250 392 487 662
36 69 173 222 359 409 489 673 712 786
38 117 170 193 999
17 107 158 192 284 589 683
2 10 90 413 609
3 530 538 563 793 858
39 76 80 107 158 199 227 464
32 90 128 219 297 475 659
3 5 141 232 263 390 507 827 956
214 276 561 675 750
4 953
68 71 216 568 569 582 674
2 187 193 291
26 81 164 178 447 820 847
152 239
111 207 325 994
175 388
2 571
65 408 493 631
5 80 451
27 92 238 307 360 410 712 717 749
330 700
153 405 837 931
77 838
363 586 909 910
122 130 742
117 833
14 63 957
141 636
9 82 189 227 690 934
12 126 180 452 485 707
38 385 463 478 685
116 959
87 373
23 31 155 460
391 472
42 97 116 151 276 915 925
272 364 448 577 796
16 105 427 514 830 903
44 48 55 178 515 590
22 44 102 110 129 387 397 481 515 850
46 195 212 293 579
138 277
44 58 972
8 960
25 32 68 113 120 435
16 252 714
101 115 206 258 434
61 86 139 327 477 667 723 796
84 576
10 40
104 457 994
15 903
18 290 293 742
273 393 601 703
69 137 249
9 175 203 537 614 712
13 431
13 19 47 169 237 259 887
6 55 71 194 246 256 601 906
49 127 156 219 316 353 947
11 17 49 102 339 550
220 256 257 275 468 704
7 35 112 127 227 449 790
29 147 282 306 699 735
49 66
20 46 258 651 780
22 584
22 86
14 30 75 330 943
161 893
7 552
22 691 899
96 796
27 68 430
188 363 388 555 641
27 56 102 103 195 305 826 937
8 55 114 117 824 945 976
49 131 136 457 640 755
75 282 818
1 15 30 181 364
49 155 325 935
28 462
2 194 245 248 286 404
12 312 344
8 382
3 793
123 197
240 379 652
158 421
73 136 196 223 248 319 399 488 668 875
2 21 48 99 208 247 443 540
23 128 130 407 464 926
106 828
55 584 758
16 45 52 57 86 97 500 669
60 198 210 264 718 738
17 93 107 136 310 590
458 485
26 38 257 512 630 872 998
12 349 546
5 41 119 132 571
21 96 143 245 556 602
7 15 35 44 114 150 635 671
133 158 213
5 48 129 292 772
123 255 442 696 780 790 883
69 173 222 243
39 44 133 179 215 573 860
3 187 323
97 112
38 95
137 207 411 932
166 439 639
123 961
1 2 127 331 335 443 592 787 967 993
15 41 301 656
17 20 33 47 128 288
17 81 145 182 466
102 162
110 345 770 938
90 206
43 151 266 338 402
6 51 106 167 389 578 651 720
11 54 56 88 239 705 774
115 136 171 217 284 353
4 56 71 157 463 886
29 493 704
14 574
19 53 280 964
5 164 549
33 87 130 212 809 853
28 69 191 272 931
4 747
49 977
117 999
1 522
34 49 77 202 658 852 928
11 47 54 107 209 237 633 686 728
22 37 62
216 236 237
539 749
34 121 240 372 591 657 766 856 927
166 170 428
4 25 453
70 108 123 230 304 490
28 408 446
21 48 127 385 600 924
2 48 114 131 224 473 556 608
16 387 465
80 692
3 57 105 671
13 96 139
79 176 320 794 861
2 131 166 787
84 148 447 463 980
459 838
25 68 83
32 71 140 154 182 520 559 577
34 66 77 219 362
25 133 140 950
1 11 260 330 687 949 954
161 269 976
53 100 513 560 799
15 16 35 60 264 913
7 18 41 139 268 366
6 62 86 336
327 920
239 810
176 466
118 119 553
192 310 316 531 613 747 881 901
144 184 320 599
191 389
167 232 428 914 933
38 52 425
58 278 384 720 799 951
4 18 961
10 26 160 367 857
184 232
1 195 283
331 535
27 43 185 311 374 798 908
1 166 283
22 91 538 905
52 359 385 624
10 160 866
6 67 125 462 544 662
91 96 118 146
15 64 210 429 479
134 321 510
78 304
41 73 247 483
27 78 113 740
41 431
114 222 391 900
53 65 80 849
209 480 611 650 653
12 84 121 203 496 767 879
1 19 99 142 165 167 348 555 570
230 248 270
79 354
1 2 156 773
412 728 841 951
43 95 146 732
232 347
2 7 98 133 150 562 569 681 866
68 156 199
85 533
63 794
68 626 670
438 474 706 777
15 35 45 791
251 492
141 898
13 19 46 61 130 290 315 413
32 110 188 401 505 536
8 38 48 215 328 511 586 817 897
15 57 67 74 103 888
66 586 962
122 259 383 396 487 591 748 867 948
142 165 221 403
35 225
34 66 277 909
8 983
39 121
70 234 845
46 240 271
18 196 274 370 640
136 152 221
333 389 420 585 916
430 655
90 234 518 819
24 246 347 779 932
22 123 391 476 905 940
54 121 163 949
3 23 26 435 512 740
7 58 610
23 42 99 147 181 393 504 934
6 128 691
39 72 320 468
8 382 583
19 130 592 877 883
12 143 253 383
8 465
76 629
31 76 182 426 847
16 381 711
21 114 508 775
47 111 174 596
622 742
125 207 666 698
7 17 37 59 115 159 229 253 287 362
812 853
2 104 115 415 602 618 661 792 811 988
517 954
52 210 257 360 528 699
6 825 974
36 45 57 137 175 204 756
5 287 445 829
11 72 76 284 529 806
275 341 456
19 20 46 128 275 634 743
98 524
3 17 342 592 676 695 930
36 175 543 805
3 613
44 307 519
5 29 287 372 516 582 588
21 289 587
243 534
15 22 56 62 103 125 336 503 949 960
72 93 633 907
12 126 509 741
3 96 111 522
9 23 31
40 946
74 218
458 543
201 308 645
16 41 86 162 241 322 515 530 546 828
69 725 741
668 886
12 55 67 655 664
55 84 278 720 841
155 202 291 308 373
9 177
63 90 260 330 819
4 237 267 533 821 901
228 528 597
40 60 61 82 269 528 728 768 992
151 650
36 222
16 92 467 542 625
39 186 821
64 105 155 172 422 444 502
18 19 82 166 845
74 83 263 385 701 968
20 33 290 293 342 693 778 916
11 25 55 180 214 216 317 328 674
15 42 137 154 449 473 579
4 9 10 324 908
275 808
436 510
137 980
65 259 337 396 557 662
35 82 95 544
6 37 108 123 125 197 351 598 850
66 804 979 995
19 54 76 136 868
32 55 88 152 736
7 370 962
38 161 360 447 512 693 893
23 168 646
194 495 853 992
65 133
9 94 105 115 181 203 227 797
243 356 414
29 462
4 66 244 285 343
412 566 623 663
75 124 148
19 51 709 778 846 916 972
23 31 37 210 482
1 33 46 365 399 403
211 240 789
150 283 638 710 856
205 759
39 733
77 384 873 935 977
16 53 97 112 190 563 791 827 858
26 40 159 178 354 557 862
17 54 186 466 529 629 657 952
12 35 69 678
26 40 157 429
77 503 870 962
29 74 101 819
2 35 100 120 919
29 272
9 181 298 367
66 200
327 357 373 508 975
61 484 545 623 793
15 21 112 208 791
1 165 235 439
139 238 341 617
26 234 314
242 263 323 400 640 676
190 488
43 430
36 148
79 178 429 754 820
15 20 45 58 92 93 105 422 475 677
34 995
313 492
102 103 135 368 719
53 280 350 376 732 951
129 783 795 803
16 134 417 461
31 80 99 298 760 915 934
51 103 135 451 490 855
34 138 374 501 534 649 715
545 781
250 344 874
41 96 426
47 124 329 619 891 941
6 10 119 388
7 40 70 79 150 156 172 261 418
64 262 621
17 355 550
3 74 381 437 475 535 542 574 858 880
211 695
31 114 139 154 375 381 576 672
23 915
298 482 666
39 186 316
9 23 84 140 189 431 797
24 74 95 170 279 363 496 616
231 912
16 36 86 92 421 982
38 215 309 425 480 600 624 685 710
91 120 154 494 564
1 207 984
4 141 294 724
35 92 203 279 337 383 965
9 39 117 371 551 580 682 971
44 213
27 374 716
30 60 198 479
208 214 627
54 100 250 271 472 593 767 969 973
100 203 460
55 201 604
11 17 386 590 890
5 12 32 67 221 259 398 489 831
235 270 363 570 580 751
2 131 187 231 556
50 479
2 13 27 127 184 300 548 599 825 865
68 83 162 626
31 38 41 61 252 482 526 737 917
8 55 194
61 141 173 174 288 595 637 852 917
12 180 296 392 814
166 214 329
138 202 346
18 760
14 260 518
1 230
42 142 208 270 721 722
43 449
359 511
5 13 84 242 846
73 80 948
215 233 874
59 132
14 260
13 41 82 96 546 772 891
8 25 27 58 120 402 807 981
6 30 46 50 270 352 963
7 97 105 178 982
11 176 271 447 776
3 62 66 188 199 267 627
77 217 354 510 540 801
18 534
10 380
147 464 656 771
41 168 276 318 787 817 944
40 104 160 178 354 672
120 130 401 425 597 784
25 58 92 147 407 520 582 660 900
32 61 174 242 349 526 637 723
413 845
17 176 226 633
59 94
558 993
11 12 16 86 105 152 393 475 496
299 406 762
12 191 509 665 990
37 102 273 336 963
13 254
210 691
58 233 520
3 91 150 368 562 767 889 902
14 44 304 407 731 794
24 28 139 165 578
43 65 121 138 306 378 493 594
446 921
325 348 501 726
3 40 253
7 256 536 642
581 811
325 337 861
2 87 127 131 333 775 897
23 433 797
89 185
167 173 175 485 521 614 904
47 192 423
97 190 827
12 253 391 472
39 93 282 815 864
137 173 241 406 859
23 177 297 367 394 750 924
8 523 800 840 871
159 163
3 52
5 785
99 142 188 230 365 539
22 62 108 620 653 734 800
15 16 95
4 901
20 28 29 59 65 304
25 73 547 831
173 255 788 935
11 89 251 283 372 890
82 286
64 970
12 396
134 206
159 174 296 486 723
13 17 180 285 978
21 29 444 464 493 835
18 80 174
101 311 532 835 986
21 87 143 147 442 816
106 335
107 226 593 679
13 93 119 146 296 628
144 276 395 455 561
876 919
769 882
6 37 598
15 677
5 164
218 688
87 224 357 454 875
94 193 324
90 206 234 258 280 638 836
20 33 342 958
28 700 753 776 921
6 22 108 125 294 481 684 719
416 470
39 136 389
125 465
14 21 34 147 161 237 262 363 574
116 185 297
8 36 424
52 54 226 480 665
62 343 567
117 837
4 85 267
15 45
109 817
236 255 274 406 800
64 68 133 346 763 973
5 20 312 552 810 859
4 12 204 226 525 870 882
107 766
26 73 98 247 441 644
43 113 356 402 414 646
366 436
19 76 186 195 209 319 333 801
6 44
212 229 301 358 431 670 891
13 75 89 229 254 497 617
44 58 256 427
52 478
18 115 218 277 857
37 140 153 164 206 351 532 565
19 169 798
48 143 442 454 926
34 62 77 155 200 204 219 362 503 622
12 194 290 311 315 865
362 910
350 727
10 550
17 325 815 929
11 46 75
75 88 146 239 716 769
1 35 89 145 361 365 399 575 709
48 114 245
13 25 30 168 262 621 754 939 943
67 193 249 416 669
53 63 76 158 376 560 927
5 164 287 445
543 904
81 295 398 572
2 179 213 314 964
47 228 448 637
34 757 928
23 110 162 345 473 938
581 792
10 163 353 932 970
3 782 908
114 269
51 123 440
34 155 873
51 56 305 498 601
264 527
19 209 379 420 625
109 641
197 294 336 410 424 476
152 259 279
6 37 62 294
25 27 83 775 925
457 697 792
17 111 118 119 371 525 537 887
207 218 415
275 456 844
27 455
70 91
14 36 150 547 573 643 823
42 43 51 144 730 754 956
145 317
110 214 281 974
648 849
32 304
99 106 167 235 248 251 834
26 60 78 81 380
2 21 114 187 291 346 394
88 183 366 566
4 85 533 822
29 65 282
66 83 118 138 277 757
24 44 67 72 90 124 376 514 581
21 87 182 470 518 564
134 183 436 566 609
70 110 228 302 987
241 486 917
27 43 716
124 286
209 972
444 508 535 656
18 911
128 212 342 579 652 749
267 683
43 410 929
211 832
19 21 36 58 192 296 337 418
60 64 168 527
7 24 93 334 467 537 615
7 133
101 524 705
10 40 267 946
29 89 95 211 331 332 459 467 578 604
28 79
5 94 141 309 328 636
71 94 324 400 414 568 612 674
68 205 263 326 740
2 21 56 145 491 606 940
51 486
303 763 870
88 152 287 744
281 770
44 54 78 91 111 140 192 823
20 46 379
263 390 829
120 552 876
288 989
190 332 372 471 721
60 588
28 93 205 523 774
1 7 165 311 492 709
4 197 244 665
427 851
17 39 192 292 589
32 70 78 250 587
20 801
122 253 351 761 969
31 50 81 197 200 288
10 58 140 213 641
1 2 176 245 394 650
18 352 499 608 695 966
59 69 196 443 839 981
126 348
34 99 399 570
153 300 477
90 458
76 147 201 366 682 933 979
8 29 67 966
1 24 99 132 248 252 403 842
19 25 37 78 127 208 309 453 614 940
8 11 30 52 254 423 593 605 729 766
75 111 708 758
35 92 659
176 529
1 15 24 53 106 162 167 252 361 371
31 61 79 111 268 376 694 813
101 441
278 513 560
48 597
57 474 563
216 236 364 499
34 757 985
88 292
3 483 613
29 104 282 311 378 507 948
195 868
96 377 603
61 117 291 450
735 782
74 92 105 371 988
1 5 179 232 411 894 953
23 69
51 98 717
134 321
78 205 277 415 419 548 975 989
69 844
73 95 201 231 235 247 631 705 813 899
88 134 183 321 343 461 985
53 280 350 513
3 8 34 166 185
314 369
25 55 281 764
11 47 99 104 336 736 743 914 967
52 339
4 21 131 143 193
84 396 504
19 209 384 440 622 802
72 93 107 192 629 890
41 118 144
28 59 233 312 489 753 885
1 6 246 313 322 399 555
3 15 22 28 43 279 586 851
8 153
38 500
21 254 358 468
126 315 448
94 258 322 377 401 644
27 33 46 50 63 110 142 207 212 440
58 162 172 177 185 759
1 24 142 170 347 748 752 854
2 21 33 346 551 844
75 171 241 268 334 892
57 132 168 452 570
193 608
149 217
199 322 335 888
30 527 583 884
51 62 78 123 368 620
45 710 756
33 81 163 308 369 405 672 841
14 42 151 430 449 471 675 807 991
94 295 959
45 100 148
106 1000
321 417
115 418 684 697
8 19 20 67 130 186 290
64 84 87 194 495 583
70 146 154 587 755
22 78 113 154 450 536 573 755 902 906
326 587
47 680
190 542 830
242 400 895
205 591 743 856 920 936 950
177 185 696
7 91 353 573
82 596 670 680 694
22 102 113 220 289 352 739
17 72 142 386 605 920 996
37 273
28 95 326 381 422 544 714 996
73 213 532 846
8 153 356 477 840 983
1 25 44 120 487 851 983
49 155 219 239 884
46 384 648
5 23 70 94
141 400 689 1000
120 696 939
22 46
139 957
76 79
73 108 506
17 241 426
28 47 111 296 468 596 628 852
12 100 266 285 434 866 996
179 393
5 14 56 160 169 405 495 820 878
103 172 519 829
221 285
317 345
2 437 806 992
88 554 658
98 200 202 971
10 79 81 163 340 461 516 913 918
7 32 302 582
48 236 247 272 499 692
63 687
18 33 53 182 412
141 167 476 912
87 90 187 738
55 84 125 233 347 567 744 942
5 94 553 765
20 46 128 212
157 268
129 465 469 490 575 848 974
81 163 872
429 481
71 387 470
1 111 221 329 543 830 947
56 481
33 69 333 802
20 27 43 144 807 944
549 1000
7 83
79 143 279 395
9 189 559 619
15 20 33 169 195 212 379 419 958
283 565 913
16 35 66 86 888
18 143 184 269 292 390 785
102 108 264 584 589 688 842
7 356 564
27 42 395
198 264
41 82 157 296 327 377 486 546 649 758
17 223 237 319
9 23 217 911
9 189 433
14 63 65 98 426 483 645
71 77 162 276 577 642
34 74 97 112 138 340 724
26 104 516
57 170 313 372 530
63 100 487 867
22 196 211
471 836 928
24 682
10 24 26 74 227 268 462 519 667
84 305
193 826
8 27 43 220 397 825
10 161 307 550
52 360
129 445 719
7 559
214 228 281
65 98 266 441 499
13 96 119 124 146
647 836 859
9 54 59 72 88 98 472 907
29 73 201 231 266 448 771
14 60 168 198 261 375
15 530 860
118 238 541 595 694 768 978
3 10 20 98 175 189 823
14 29 63 102 506 606 702 923
135 191 223 353
24 99 188 251 332 722 762 871 967
79 92 159 355 434 990
24 106 230
6 451
31 149
1 24 106 313
2 116 470
14 103 151 153 300 511
268 288 349 603 997
3 299 334 484
22 368
80 532
8 47 112 220 278
357 548 970
50 583
11 316
30 42 144 198 375 561 835
21 405 584
24 89 580 660
91 97 150 250 772 923
85 183 187 417 688 953
45 57 107 200
1 165 188 492 555 660 751 762
576 736 824 889
57 95
339 389
36 43 97
27 984
6 109 545 575 734 745 952
20 634
245 300
7 39 45 48 145 238 876 905 937
41 61 146 286 525
30 49 60 138 527 673
11 54 76 205 223 683 729 922
36 255
152 690
18 56 69 175 249 274 795 980
41 118 603 617 779
386 535 590 936
145 571 869
36 249 521 627
22 257 549
4 68 166 213 261 270 293 332 378 469
30 50 168 293 621
495 504 576
134 183 366 566
423 686
7 107 393 416
42 991
50 60 65 261 262 295 378 706
7 83 118 265 562 906
163 228 275 281 301 515 808 909
26 64 148 355
45 170 289 361 497 565 898 997
18 651
4 302 533 569 881
7 25 78 83 140 427 494
64 116 177 338
31 181 227 367 911
38 215 257 624
2 99 224 750 788 914 926
35 982
45 57 86 419 615 990
23 202 245 283 292 899 995
6 102 221 239 285 343 810
49 66 200 362 724 977
69 884
14 35 53 85 321 860 895
31 418 639
27 32 58 116 395 402 559 964
40 186 345 479 725
9 31 137 365
15 16 512
21 48 136 975
56 98 103 105 387 410 589 764 986
90 647
40 96 334
7 251 271 417 676
13 288 329
328 370 502 857 879
20 379
16 57
37 56 361 526 850
223 284 864
255 421 786
196 370
6 154 156 210 256 518 558 902 919
37 56 108 351
72 109
30 198 210
59 132 320 348 607 661 715 988
2 21
9 115
26 40 81 152 878
47 61 619 978
32 280 384 412 513 560 648 727
20 30 50
137 148 485
14 133 162 435
65 364
4 45 267 460 474
117 693
277 838
13 124 329 377
309 385
139 334
14 105 645 923
727 732
13 47 75 157 708 887
58 302
12 164 292 324 445 558
9 23
59 89
169 364 408 735 958
18 47 146 294 341 752 892
3 11 34 53 92 344 722 945
11 49
111 174 229 341 773
22 24 41 129 135 898
23 115 189 217 223
5 10 148 243 251 274 409 432 537
246 248 346 497 752 834 997
48 145 404 454 725 826
90 114 234 258 615 647
74 257 998
194 214 318 456 540 664 784
20 342 477 539
664 824
44 51 135 352
60 500 649
14 344 383 707 883
116 177 185 706 764
63 297 338
338 671
11 53
373 551
83 165 179 289 635
68 78 113 156 289 536
127 184 444 551
35 677
5 12 26 287 930
18 502 896 918
98 122 201 216 231 266 517 594 761
4 5 100 180 303 632
7 568 618 626 635
10 26 142 314 616 777 855
45 176 190 428 837
29 80
2 48 87 224 291 442
45 422
102 224 692
13 47 48 82 229 327 343 358 541
131 291 394 473
72 315 390 441 507
40 178
319 776
16 74
10 26
4 244 531
15 50 101 147 238 569 644 659 756
103 108
5 606 930
302 397 950
463 702
50 64 168
10 13 26 31 68 130 159 839 946 968
9 59 433
3 15 92 112 131 522
87 269 388 404
53 436
456 753 924
110 317
59 149 234 721
201 434 594 816
43 83 179 701
9 115 367
29 183 510
80 101 378 585
457 491 581 811 994
76 423 605 877
24 894
117 160 161 232 638 643
8 104 109 153 163 310 382 893
55 135
53 191 278
280 403
61 73 139 680
19 91 350 771
33 802
67 109 207 541 602 904
383 460 509 679
6 24 62 218 220 454 490 575 855
12 13 28 50 100 116 123 177 806
18 135 406 896
561 654 959
121 466 554 713 759
314 354 862 931
5 164 324 400 785
147 816
28 59 765
269 404 548
285 567
16 144 351 408 484
9 18 121 149 191 281 306 922
22 241 260 356 620 815 907
8 10 21
305 869
36 273 409 432 714
86 225 654 711 790
132 523 681
6 36 148 173 197 421 458 805
323 925
13 39 595
28 69 271 306 563 805
9 298 630
517 965
6 51 273 498
18 50 64 211 370 896 966
54 85 108 135 259 310 369 414 848
36 446 718 987
36 85 119 204 243 274 455
4 71 85 244 279 531 822
522 558 863 880
2 21 143 684 715 777 818 955
439 514
19 357
38 52 215 328 425 478 630 646
16 478 480 500
40 61 141 746 895
12 14 701
521 593 744
11 36 88 171 199 339 713
103 352 368
122 250 739 814
30 42 57 151 374 652 944
37 498
70 71 86 110 225 568 634 741 843 933
276 675 929 991
1 117 161 482 833 976
37 132 556 612
30 60 128 135 211
13 595
104 307 369 557
101 580 854
51 106 125 745 795
57 340 542
14 700
1 89 235 335 388 565
6 22 42 179 760 786
13 157 254 553 685 941
6 100 424 745
23 149 189 217
1 170 270 831 834
309 702 918
140 265
142 514
19 32 91 172 265 773
109 382
11 37 171 226 411
24 30 106 313 854
161 945 968 999
228 317 345 494 562
72 138 301 308 381 419 663 770
25 32 33 494
24 42 43 67 109 153 360
77 89 607
2 25 187 300 508 571 611
666 939
41 126 137 148 333 392
19 539 780
14 138 335 380 832
299 469
293 432 491 591 863
374 718
557 599 955
4 77 219 244 301 407 459 572 661
38 215 704
10 261 746
26 519 746 839 847
14 256
17 32 49 158 179 271 686 703 730 733
17 72 230
19 318
33 65 113 118 538 769 942
16 45 225 322
320 861
25 172 233
25 182 467 505
61 229
110 453 540 610
8 483
18 122 196
52 68 113 144 184 892 987
55 84 655 812 889
119 174 286 678
8 195 698 840
112 952
73 119 252
26 171 183 240
13 349
28 59 396 446 547 681 885 954
23 149
10 35 95 97 985
126 158 172 180 203 337 452 632 711 843
38 81 108 274 476 538 803 809
112 880
3 247 263 461 523 639 663 781
160 299 469
126 874
93 310
9 10 26 81 180 872
27 144
155 202 501
94 689
14 70
11 17 567
71 156 182 435
578 828
54 349 531
3 46 116 437
4 66 85 459
6 31 51 197 305 424 734 803
440 849
1 89 350 618 871
20 46 167 209 262 290 420 505 549 579
73 101 216 272 282 524
70 79 169 303 497 572 748 751 882 961
863 869
9 101 789
252 411 894
126 188 428 813
12 100 122 203 763
30 64 264 375 610 673
53 181 376 726 799
85 126
6 62 397 498 717
204 222 249
59 62 81 178 307 355 516 574
22 960
7 120 326 450 943
1 3 11 361 592 843
31 72 149 181 240 298 339 511 669
6 56 125 294
20 128 169
1 60 95 225 397 438 439
27 47 124 488 737 941
338 668 886
789 832
191 386 554
262 588
371 488
5 33 377 526 636
71 133
40 104 783
71 78 91 265 340 552 697
10 318 401 784 808
5 6 33 159 208 585
12 42 151
4 85 881
34 49 77 554 690 804 842 922
13 205 821
8 29 42 76 129 358 413 678 998
8 67
58 70 254
5 94 124 164 242 598 765
9 149 503 726 804
25 32 55 71 154 266 416 564 731 900
93 657
65 80 699 986
67 199 278
31 66 131 231 244 340 541 609
8 129 658 778 936
12 57
204 222 255 489
11 104 160 213 242 520 768
11 226 332
56 249 788
303 452 507 517 631 867 912
134 140 172 387 450 642
398 798
101 165 170 359 390 420 812 965
525 833
261 355
4 330 474
37 51 75 369 451 809
16 190 654
87 184 208 224 611 738 897 993
218 415 491 984
35 42 246
3 129 273 331 398 437 653 689
157 358
357 438
14 48 63 109 284 323
122 509 739 814 973
132 312 885 921
132 312
116 174 295 398 572
238 365 455 496
284 504 864
24 29 380 506 585
10 40 63 79 380 783
9 31 177 260 295 297 955 981
200 308 348 534 873 910
18 127 196 323
145 173 265 375 604
49 83 134 236 326 607
151 175 737 957
12 289 392 643
44 113
318 528 938
50 60 588 625 903
42 395
30 50 286
52 74 359 471 501 502
11 25 32 44 156 171 703
16 97 544 818
171 199
15 75 82 438 989
50 107 331 443 865
89 246
707 761
3 113 233 265 547 623 730 942
169 868
21 32 160 708
82 157
67 70 109 382 698
54 158 713 927
39 54 112 136 171 176 186 877 878 947
33 204 216 386 432 505 577
529 879
14 63 206 225 258 687
2 143 373
52 235
2 37 145 236 484 506 594 875
409 521
38 75 600
