55 700 715
59 97
3 5 958
47 125 913
7 153 241 279 699
30 33 87 261 413 557 838 877 960
3 5 19 296 445
15 29 90 190 217 300 555 686 759 899
49 103 257 314
282 308
193 246
49 125 162
12 168 654
353 537 740
462 782 843
135 357 982
78 610 982
23 223
566 603 921
47 753 781 787
11 28 191 236 887
65 92 198 449 474 767 774 848 989
335 495
52 98 473
28 94 106 141 184 235 326 386 936
123 832
1 24 318 871
22 64 149 199 546 702
19 49 135 491
286 656
24 36
2 18 44 54 87 116 204 544
1 205 597
2 82
10 12 814 908
106 245 297 450
10 25 147 174 218 322 356
15 53 85 202 206 217 307 391 728
1 317
19 224 321
15 23 190 478 550 556 561
1 268 405 544 554 751 818
137 145 205 227 531 673 965
29 90 217 812
132 341 691 913 919
6 182 339
19 426
89 938
145 178 205 508 673
5 19 32 129 312 321 586 639 780 885
160 286
7 17 76 91 105 401 473 716 755 972
7 44 303 529 535
141 178 276 619 968
181 309
737 911
1 66 836 843
22 52 801
44 64 125 128 248 504 968
50 70
1 83 394
2 111 134 141 410 655 723
203 266
29 85 144 190 240 287 525 953
7 708
42 387
203 218 519 595
65 79 392 640 871
54 66 83 111 190 271 282 663
79 112 354
93 382 829
3 40 50 93 194 231 461 551 743
7 55 161 226 303 306 397 403 509 872
73 152 356
104 149 427
32 129 144 170 469 731 771
10 77 416 487 794 909
16 248 501
188 856 908
5 135
30 89 526
39 238
17 130 269 404 764
3 6 49 128 624
82 243 526
13 168
293 807
25 28 520 621
51 57 70 123 733 893 978
31 290
67 552
54 269 944 984
36 79 127 136 164 212 351 464 620 960
24 48 119 683 811
165 317 757
17 64 92 142 289 336
191 221 250 463 587 695 786
99 115 376
45 241 268 760 801 946
46 140 324 881 986
69 909
3 13 66 112 118 121 211 623 644
93 219 505 562 927 988 992
15 53
401 473
92 553 577
68 166 292 318 496 516 523 533 710
105 710
12 487 717
33 76 153 579 976
14 15 21 70 88 114 209 373
46 81 92 98
7 20 188 320 521 524 527 618
4 189 465 500
122 132 161 187 374 490 596
124 374 946 961
10 60 81 667
35 61 340
44 54 337
172 310
132 276
27 271 342
63 407
325 469
28 191 250 343 663
18 62 91 150 218 251 870 918 959
250 348 416 554 842
7 38 239 324 392 603 639
4 104 532
35 302
149 413
5 234 262
8 88
160 180 286 431
12 963
136 555 943
29 308 394 649
51 123 437 492
73 221 327 620 871
41 223 247 307 478 491 515 943
126 708
2 86 111 141 177 230 438 601 765
21 549 717 718 770
75 117 219 341 455 501 742
385 730 820 870
56 675
118 352 489 512 837 943
26 44 67 82 104 987
22 677
570 804 944
77 147 219 425
75 157 504
84 453
118 512
3 135 224 296 333 896
14 233
29 76 580 720
55 272 467 485
14 88 208 971
51 81 154 359 443 447 495 945
370 736
63 105 120
9 56 330 912
83 193 569
101 155
14 275 472
4 148
89 262 741
16 122
18 35 37 164 206 272 660 806 931 999
7 242 484 521 686
8 43 196 208 209 316 356
7 45 63 207 559 574 894
33 121 182 195 259 423 446 486 690
205 754
725 971
38 173 215 363 553 809 876
8 303 689 803
3 49 129 162 371 404 468 705 831
26 34 130 142 412 419 540 984
2 3 4 111 125 296 333 681
7 153 630 895
85 684
10 487
5 25 113 119 150 224 251 492 929 967
217 221
33 193
20 344
83 99 198
142 689
145 406 673
4 62 74 183
26 54 138 543
174 441 467 753 875
40 70 93
6 39 59 80 124 129 244 398 402 437
7 17 146 310
4 31 62 166 227
32 810
27 344
195 564
2 294
37 55 295
171 455 496 674 725 729
10 161 839
77 78 79 584 650
186 264 395 638 727
10 84 101 151 181 692
2 18 28 261
74 252 279 946
203 259 885
30 198 942
3 17 61
25 122 157 194 378 593 707 729
45 187 364 403 527 709
4 183 719
8 216 446 503 747 980
87 91 783
86 133 438 955
96 420 918
35 824
71 438
342 497 815 832 838 848
6 12 13 23 39 118 212 304
461 666
11 242 869
249 266 377 424
51 343 570
80 821
178 376 433 578
17 67 130 221 540
68 112 233 926
305 535 547
80 92
11 42 151 259 277 284 348 883
386 450 505
43 88
77 95 301 405
20 36 82 153 189 197 227 338 633 652
46 58 60 81 107 198 215 693 778 953
171 378 724
16 75
42 135 197 485 778 806 851
474 707
94 348 926
18 34 55 111 295 798
14 43 73 139 209 503 773
349 479 714 854
29 41 85 287 329 389 622 739 969
96 380 807
10 606
9 94
201 226 608 803 916
63 274 326 383
21 72 175 223 688 718 964
160 546 585 827
108 210
6 187 256 280 565 770 858
1 99 317 355 842
18 70 216 379 718
193 315 409 760 947
406 965
15 41 985
4 62 142 275 351 436 844
587 887
30 46 60 389 553 876
430 522
107 234
43 91 169 293 599 921
26 51 57 93 343 902 979
244 678
23 54 85 812 920
235 526 543
572 988
39 93 151 586
11 191
205 493
20 944
431 435 844
7 76 172 173 175 245 374 977 981
48 97 811 960
121 206
47 73 113 180 436 789
52 137 766 862
11 483 805
47 109 545 576 594 952
264 890
47 286
11 28 106 326 761
158 823
39 80 185 507 791
21 139 185 385
69 100 337 517
361 443
389 456
3 719
369 615
3 257 610
16 117 150 178 186 615 959
17 22 67 130 138 179 779 964
69 169
30 81 313 392
96 110 590 709
277 284 301 572 617 687
16 116 171 291 357
42 211 400 591 851
20 42 195 206
2 15 58 80 84 91 173 253 499 745
18 134 141 260 475 510
11 106 178 299 311 550
261 429
42 259 529 583 776 806
29 287
5 49 158 296
51 874
476 731
68 424
10 200 513
25 113 117 131 211
3 19 49 92 103 128
29 229 772
5 28 125 568
95 270
24 96 97 280 707
137 156 194 202 247 662 682 721 864
31 290 583
6 38 46 71 143 192 196 925 928
23 90 118 241 347
145 732 754
98 99
43 47
406 642
13 35 65 97 244 808
115 996
40 145 854
8 199 530
13 34
335 539
157 251 621
5 148 750
10 12 29 168 667 839 882 883 951
20 32 51 57 123 338 916 924
413 933
115 218
24 59 119 304
66 83 158
230 290
3 7 19 484 945 967
2 8 72 196 358 488 628
32 36 129 441 733 799 917
17 182 984
95 164 273
6 86 94 249 409 609 828
194 562 566 634 774 942 947
27 30 99 325 370 482 542 588 973
33 169 177 222 513 927 930
127 340
201 225 311 335 537 555
126 197 857
74 126 256 432 603 635
71 702
8 14 21 152 174 208 314 656 827 840
9 36 56 63 163 330 345 870
21 73 109 162 395 417 545 773 804 897
46 91
15 66 83 268 439 501 622 782
9 56 63 274 385 533
53 258 329 777 1000
10 40 84 114 129 177 304 452 648 979
184 600
387 400
44 182
5 125
609 625
4 59 105 189 605 820 829 840 902
100 422 457
939 956
12 22 158 199 722 963
202 306
31 100 167 584 592 706 775
276 617 859
5 58 214 498
78 581
92 361 505
27 45 74 418
31 853
7 187 364 401
4 26 63 74 150 820 961
1 9 344 394 461
39 216 278 437 486 560
314 850
37 42 164 204 564 591 873
11 319 367 687
32 50 93 459
19 101 648 845
57 114 174 466 570 651
104 130
32 108 231
579 905
112 375 377
308 462
23 229 837 886
5 20 29 478 515 618 722
4 299 430
16 48 117 132 178 218 501 643 865
36 59 110 119 449 606
9 56 70 120 528
19 22 49 128 214 225 468 719
144 766
22 38 88 124 160 182 336
20 494
57 536
459 779
225 604
19 333 430 896
11 28 77
301 319 444 692
34 52 178 207 285 749
4 22 183
4 10 12 62 350 487 676 966
21 703
13 247 306
14 140 196 713 941
3 349
38 92 98 107 130 234 323 566 626 942
112 255 690 873
10 84
36 110
167 208
58 82 101 582 604
41 53 90 136 670 835
172 401 834
672 786
56 265 295 393
383 614
21 73 488 552 802
25 115 133 248 425 930
185 328 914
159 177 222 568 696
44 67 138 182 336 337 964 972
47 72 175 208 358 369 388 417 434
327 892
152 158 195 358 545 727 816 932 957
9 330
11 863
76 565
13 137
28 127 538 579
43 190 254 373 382
222 344 364 410
40 358 636
77 106 520 554 563 653 990 994
22 124 668 677 949
17 22 67 114 122 123 179 231 543 901
82 311 696 738
38 215 809
10 226
1 158 252 267 394 432 478 509 782
36 119
3 104 179 194 361 646
26 28 44 179
418 785
109 850
21 43 417 549 607 748
390 880
17 546
13 34 144 156 346 693 862
3 810 958
6 42 176 238 398 664
146 256
13 247 295 464 631
357 697
137 165
65 68 166 337 405 811
439 462
46 233 372 481
461 785 911
4 34 137
161 187
366 699
435 748
6 192 281
247 280 307 380 527 571 624
15 41 102 300 331 685 826
1 282
149 283 458 477 593 988
9 533
232 454 502 650
30 252
2 723
34 265
64 277 337
29 126 153 292 535 739 938
37 112 400 658
82 85 575
6 39 60 173 176 391 398 451 520 986
2 31 100 177 246 315 392 396 752
27 45 188 652
29 347
53 90 329
12 27 62
120 385 825
197 858
7 20 45 52 246 868 895 977
1 28 51 237 470 652 801 842
122 276
117 251 282
20 241 355 490 527 630 841
90 102 144 283 728 836
103 320 321 445
5 115 426
189 227 403
58 270 332
217 298 525
90 292
1 66 328 370 371 989
55 867
20 87 126
534 634
4 127 264
33 159
8 55 72 352 435 549 907 939 991
36 40 48 57 193 712 762
37 204 266 448 600 711
2 33 42 152 362 528 530 756
215 361
104 360
87 100 136 173 230 479 480 541 693 906
5 74 262 705
771 784
267 268 463 970
2 72 180 877
290 299 460 655
221 444 695 735
21 328 352 417 429
35 54
203 204
328 949
8 14 991
94 106 357 484 786
22 45 64 69 124 232 360 402 540 915
71 249 877
27 45 231 237
13 864
20 197 256 271 654 841
35 54 130 172 336
113 421 788 791 894
79 409 601 641
62 142
18 50 349 365 875
169 460 933
88 139 263 467
447 551 815 861 893
14 209 288 314 395 597
21 27
6 44
96 97 151 163 422 563 824
556 872
117 481
87 568 922
53 67 140 189 325 368 389 391 456 744
55 170 699
47 254 664
42 272 423 999
134 222 403
13 32 393 509 613 669 923
111 676 737
41 217 307 750
5 162 174 210 286
2 78 264 351 440 457 460 903
74 146 355 613 746
200 390 845 924
108 232 271
5 7 56 63 125 155 162 224 226 420
19 93 137 214 509 647 834
9 385
752 778
89 253 604
117 593
41 102 158 228 268 298 772
45 146 161 207 217 226 284 425 872
33 69
90 886
180 369
2 26 159 199 360
147 157 273
249 396
10 43 358 706 773
25 131 133 219 251 378 517
11 24 33 48 68 164 294 474 910
30 215 821
7 366 506
25 822
23 29 127 240 258 571
7 197 511 598 869
50 466 497 758 796 846
2 87 222 228 472
32 40
23 35 65 110 303 347 525 622 865
46 323 363 542 818
56 63 677
409 581
96 119 631
25 43 101 122 184 258 345
48 61
76 153
79 212 704 723 906 955
16 334 345 711 934
87 775 833
768 845
46 132 224 239 592 617 626 657 736
2 16 18 765 847
58 89 101 200 251 730 990
11 77 124 151 213
1 38 371
28 77 672
108 130 586
263 694 770 998
155 440
18 212 249 472 480 781 891
8 50 129 560
562 572 659 992
315 937
16 578
24 43 73 139 154 209 213 454 769 941
27 161 241 256 279 305 511 602
38 91
24 414
32 936
35 612
20 32 41 85 148 370 561
6 154 335 935
45 310
50 312
16 132 150 171 211 481 496 849
299 934
79 138 418
41 898
4 77 250 465
38 60 80 91 102 391
9 56
95 236 294 357 554 614
201 207 574
68 94 107 997
22 111 159 169 212 260 552
75 132 133 147 252 822
99 313
63 139 726
14 116 175 254 275 607 706
83 270 317 444
31 745
23 148
14 254
5 310
52 55 107 247 393
6 453
671 854 917
8 72 148 361 434 597 713 793
340 381 408
94 907
65 359 865
6 26 64 176 340 466 855 866
283 292 847
316 434
24 97 280 489
47 109 576
4 103 142 477 532
2 22 141
7 27 559
103 106 245 483 587 866
92 107 399 588 661 767 797 807 995
71 116 159 538 660 661
8 827
20 364
3 50 123 128 445 704 742 757
58 200
60 809
25 131 147 248 621 919
21 47 159 185 436 585
252 635
13 160 204 272 328 628 688 923
7 355 618
141 265 721
11 51 77 846
145 734
19 103 428
15 53 193 955
605 829
214 484
12 488
31 78 100 377 419 513 568 760
421 539 883
68 166 516 991
611 889
8 59 72
216 665
227 500
255 350
13 670
57 787
143 281
9 78 120 440 902
14 21 47 180 213 879
47 139 288
2 67 134 193 293 901 966
6 39 67 106 176
13 19 170 346
39 46 107 243 507 784
34 102 118 165 327 347 508 800 961
448 589
41 53 108 144 240
636 714
88 203
171 211 255 387 591 644 860 980
138 180 402
36 65 81 173 367 368 890 917
95 367 735
140 157 276 425 768
273 616 747 1000
46 92 98 140
105 120
4 126 279
11 23 28 221 242 277 563 995
38 40 108 384 831
36 61 65 264 571
50 170 492 506 665 726 926
43 208
8 166
23 127 679
10 270
121 164 265 266 529 583
40 373 551 810 840
16 25 131 133 171 322 458 715 878 927
14 23 802
37 53 377 776 805
69 86 116 134 169 627 669 906 909 933
56 105 138 155 232 331 379 382 710 861
386 405
3 19 118 128 289 333 471 896
37 49 62 142
6 18 31 396 632
746 755
21 72 369
4 183
164 195 204 350 591
24 56 61 173 382 962
167 185
318 449 612 799 910 914
85 190 266 354 375 564 660
10 954
69 610
45 624
76 168 305 803
37 42 350 424 446 467 485 589 999
66 83 152 215 373 441 985
84 667
115 132 742 996
343 476 536 548 787 795
15 347
66 83 228 292 329 722
177 645
483 653
563 863
47 998
42 69 72 100 146 297 473 853 922
25 219
59 61 744
8 47 286
23 62 116
281 398
316 369 431
38 60 163 194 468 542 774 876 993
9 17 40 56 108 407 534 724 795
46 60
98 215
157 345 968
203 658
4 62 75 150
77 327
12 550 587 635 637
21 73 109 275 748 793 998
26 52 71 149 249 339 641 662
51 167 477 534 572 695
3 426 468
510 833 903
430 792
9 134
70 100 169 260 627 846
5 162 397 758
7 126
6 238 537
19 49 162 216 289 312 928
68 206 853 860
78 230
38 81 234 940
9 39 44 186 281 298 440 548
102 148
229 307 825
8 152 185 254 534 889
11 108 386 441 476
28 59 61 187 381 463 692 936 970
1 843
372 852
149 650
129 639
42 206
57 174 342 476 560 780
15 53 258 383 515
317 432
616 690
16 174 334 433 578 793
9 300
40 101 338 492 530 789
15 61 287
13 367 805
6 44 453 646
61 174 384 536 978
230 541 632
106 151 196
2 116 138 365 480 544 636 676 714
2 5 19 25 76 365 404 792 982
36 220 351 665
83 86 418 819
236 761
70 210 220 479
18 111 517 698 800 937
81 99 140 293 542 553 881 925
13 34 226 285 306 923
6 176 192 507
109 210 263 267 352 530 574 974
7 27 161 651
1 83 216 643 823 875 969
10 12 168 680
6 7 238 365 406 507 625 791
112 150
433 455
28 735
6 81 143 281 625
54 64 269 901
24 65 126 163 201 596 950
65 318 439 590 892
1 9 57 105 384 570 813
116 159 396 475 817
331 826 992
187 241
82 200 223 262 311 573 750 754
52 78 108 315 429
59 68 163 427 681
4 63 920
144 148 518 898
38 456
332 575
41 53 228 240 777
66 114 291 551 663 897 948
2 31 33 69 246 412 541 762
362 454 888 932
2 50 172 240 242 614 654 751 970 994
25 113 150 184 218 291 378 481 996
23 71 119 571 646 798
280 414
205 531 900
12 84 168 176 645 794 839
4 28 34 62
33 86 134 412 480 817
32 57 731 804
27 74 91 566
3 135 214
121 387
16 822
1 399
12 500 856 951
164 195 204 259 350 354 446 486 528 529
39 50 78 828
154 335
29 107 229 524 898 953
7 114 146
157 186 504 523 628 715
75 442 913
175 884
16 711
34 137 647
93 407
518 575 740
59 61 147 163 424 449 528 590
185 594
145 508 734 900
23 35 68 89 90 165 229 301 691 759
11 101 242 284 319 887 974
196 573
64 104 138 179 459 764
58 82 89 332 420
14 175 209 974
107 143 191 526 541
24 414 631
33 460 670 838 903
40 66 250 284 298 550 763
19 103
52 647
17 26 27 67 122 138 182 703 915
5 54 125 257 437 558 679 815 830 958
20 40 76 108 114 206 279 349 521 701
11 58 89 181 253 338 419 741 768
258 783 878
49 133 141 179 408
33 79 87 290 538 592 683 737 891 976
135 156 225 945 976
38 391 450
171 934
95 383 741
48 96 474
14 72 109 139 152 503 717 732 957
14 47 388 653 688
40 50 304
68 516
179 859
1 34 237 371
490 511 755
35 48 95 127 172 360 637 890 966
13 156 285 588
22 26 43 44 54 109
106 131 181 277 326 341 386 416 470 595
23 102 136 374
13 346
10 58 220 366 379 384 548 747 749 882
9 63 93 108 120 123 395 452
372 983
154 278 353 788
35 48 96 237 299 302 380 414 930
37 121 157 626 993
4 103 121 128 339 500 885
9 155
18 86 114 212 410 548
20 379
17 46 64 80 368 547 940
255 583 644
105 346 411 588
39 192 238 634
6 39
167 170 192 935 971
146 188 355
8 72 86 203 434 671 713 879 884
42 89 112 255 375
641 642
40 140 443 482 666 736 767
365 911 937
45 81 278 451 469
12 954
13 55 423 519 589 687 776 808
63 155 738
342 379
46 91 120 370 567 666 797 905
109 431
37 272 519
94 769 847
33 510
115 133
102 118 720
42 177 412 452 745 765
189 465
82 309 332 498 585 880
1 268 790 867
13 26 55 127 202 285 415 694 808 987
44 269 738
20 27 188 494 689 981
103 321 705 758 830
99 153 239 324 818
2 18 40 69 87 100 127 304 497 538
31 69 661 702
145 633 734 900
2 5 46 123 132 322 442 577 600 674
12 680
15 102 287 761
4 62
2 24 429 569 819 860
6 39 448
23 41 53 85 90 240 283 561 835
71 246
41 228
30 66 91 323 743 989
48 52 59 61 110 156 163 259 302 799
569 888 952
70 605 893
2 261 655 716
210 874
78 179 261 408 457 517 905 922
85 515 886
505 539
1 256
470 483
113 131
10 12
342 343 536
31 116 683 891
16 276 442 578
170 233 255 313
88 466 638
8 11 14 152 275 388 638 816
71 159 419
194 743
88 608 656 757
3 231 270 282 720 985
232 502 564 915
74 305 493 494
225 404
58 151 200 236
75 442 619
30 253 309 456
110 327
244 464
104 546
18 31 78 775
60 208 239 451 947
24 73 380 916
84 224 289 522
31 86 111 169 817
366 372
18 29 56 78 79 109 136 297 510
142 183
74 153
9 113 166 334 362 397 504
2 134 579
16 115 319 458 577 691 852 983
139 175
5 111 162 214 444 455 836
15 37 211 518
62 142 172 227 465
7 514
13 37 616 732
22 124 339 972
57 70 832
362 573
25 36 59 64 119 682 950
4 101 189
17 55 65
90 914 975
330 813
59 620
35 36 191 489
69 135
556 716
120 155 330 506
33 177
97 248
22 67
71 225 246 623 640 819
75 229 263 283 969
34 55 214 393
1 823
8 14 143 196 288 632 888
72 263 884
15 165 190 223 258 300 512 800
18 470
130 167 372 852
9 675 730 912
20 41 136 475 525 557 580 630 726 759
694 721
212 297
145 205 493 508 531 965
45 74 126 413 556 565
33 116
10 12 17 84 323 821
359 598
176 192 973
10 12 168
15 23 102 686
1 266 608
25 37 75 186 219
64 198 594
36 41 267 308 432
297 856
8 21 28 43 180 545 879 904
12 24
30 184 233 447 506 567
310 565 857
46 98 140 173 324 392 547 848
30 60 112 121 313 363 462 868
4 33 76 197 873
48 892
66 267 270 308 790
37 213 260 314 756
5 49 103 131 135 279 320 967
15 701
4 62 85 183 532
30 80 107 363 368 547
27 207 490 494 559 606
23 136 223 287 777 878
387 443 451 602 657
30 80 99 198 199 234 339
38 60 140 323
35 359
18 315 544 796
7 26 28 95 161 245 360 535 987 993
160 166 235
3 48 49 79 119 128 213 422 581 986
524 574 602
17 26 51 52 54 93 199 220 516 897
18 35 36 48 94 235 354 697 780
16 351 364 489 612 950
8 14 73 254 346 356 388 725 789 904
3 5 49 320 522 611
95 450 700
243 389
34 52 156 202 411
17 64 67
167 170
17 26 104 124 332 764 855
16 25 75 117 122 341 458 523 643 929
29 491 740
54 149
595 850 931
334 598 619
5 48 74 90 146 201 234 236 242 977
96 97
60 433 599
134 674 798
9 31 274 410 499 584 785 833
88 213
9 61 105 110 264 910
44 54
1 66 83 236 237 282 609 649 790 975
8 14
31 97 244 331 464 514 596 659 858
802 904 957
74 188
17 30 65 245 250 284 348 402 531
104 220 925
30 107
5 49 125 128 181 224 611
31 71 86 222
123 452
50 231
79 457 557
98 180 322 488 576 585 629 727 816
172 207 230 303 469 524 729 857
21 272 485 503
68 94
15 23 102 144 491 580 739
121 423 426
89 110 181 200 232 338 498 814
13 35 126 137 156 265 295 306
16 60 73 113 122 577 724 959
95 191 348 627 863 866 869
10 34 119 285 381 411 415 682 980
29 86 302 329 712 862
38 243 486 513 623 756
124 182
24 35 110 381 471 590
21 60 72 88 288 302 495 629 844 994
32 114 271 301 349
88 113 184
35 36 65 97 125 273 744
68 294 427 567 599 697 855 939
81 921
80 92 447 752 940
98 154 288 482 589 826 907
1 158
61 163
9 38 262 275 924 990
2 18 41 96 228 296 475 557 569 698
21 73 160 209
11 42 77 463
186 378
16 122 523 751
143 238 281 868
6 558
10 12 84 794 908 941 951 963
18 408 645
3 257
37 851
86 696
12 679
131 186
3 19 188 260 397 830
2 78 141 438 581 592 704
32 51 128 147 257 445 874 889
245 520
87 261 584 796
20 187 981
3 453
111 642
454 629 668
165 684
51 129
26 64 67 543
1 53 76 82 101 181 498 685 835
30 243 325 368 567 881
189 633
16 34 202
11 763
22 104 149 269 502
3 4 17 54 130
105 274 912
8 316 549 668 932
6 16 39 45 70 75 178 345 920 948
17 22 26 34 52 71 393 427 459 867
24 36 61 127 143 192 280 678
29 118 136 148 153 165 283 300 518 701
5 257 428 522
5 52 156 244 265 380 415 428 766 975
40 45 51 70 93 479 558 781
218 496
44 269 502 540 978
154 788 894
4 14 183 227 289 336 532 828 861
57 305 586 708
32 75 271 322 560 779 795 956
79 112 121 273 354 377 415 519 658 983
681 997
11 216 367 558
15 512 555 728 837
233 366 935
113 117 133 150 184 186 376 918
9 17 26 56 155 482 675 962
190 561
37 375
6 70 96 185 359
170 171 291
235 294 997
31 69 100 422 698
8 24 73 110 318 352 499 576 678 824
772 899
278 353 539
85 165 298 333
94 382
131 133 334 376
167 552
340 471 514
98 168 680 882 954
16 131 184
11 106 672
120 407
8 43 436 664 769
10 12 98 657 771
1 50 267 363 371 649
76 493
15 58 814 931
15 41 53 87 685
22 33 94 235 956
6 143
278 353 421 537
42 195 211 260 448 849 1000
9 19 80 105 120 213 274 813 962
3 19 309 320
13 411 864
278 353
27 139 201 834 899
1 27 76 220 511 514 659 671 746
6 12 39 421 613 841 973
53 223 948
11 77 95 112 151 277 319 326 383 763
311 390 499 582 640 648 880
416 601
32 331 477 562 859
21 43 175 316 573
59 471 709
154 495
43 109 312
25 147 248
32 39 143 176
92 293 995
18 71
91 321 399 662 669
428 792
89 115 147 376 582 919
607 703
1 30 99 237 291 324 439
26 55 399 497
50 312 733
20 146 166 207 226 521 651 895
3 19 49 113 124 222 225 341 420
1 75 84
15 684
210 749
1 14 20 81 84 97 201 221 637
243 325 472
252 313 784
24 48 58 100 115 288 949
52 700
101 239 285 390 938
25 45 344
51 103 753 831
80 99 148 202 239 783
32 57 123 210 220 384 559 762 928
181 219 253 575 582
110 381 400 712
118 580 812
356 952
57 58 82 253 390 979
274 929
11 34
144 825
37 273 849
27 89 151 188 262 309 374
14 22 149 263
114 117 373 375
43 47 152 160 362 388 435 615
44 48 63 129 183 198 199 533 797
