0.00014726666666666668
0.00014726666666666668
0.00014726666666666668
0.00014726666666666668
0.00014726666666666668
0.00014726666666666668
0.00024456521739130437
0.0005134222222222222
0.0008454225352112676
0.0018416065573770492
0.0030161308900523557
0.0030161308900523557
0.0030162552083333335
0.004545424
0.0053315921568627455
0.005267410646387832
0.005301731343283582
0.0028932237442922375
0.002789327188940092
0.002695
0.0026361486486486487
0.002601801801801802
0.002586135746606335
0.0024911116071428575
0.0024711428571428575
0.00034848148148148146
0.00032553846153846153
0.0002852608695652174
0.0002695
0.00024004761904761903
0.00021125
0.00017422222222222223
0.00014726666666666668
0.00014726666666666668
9.9e-05
9e-05
9e-05
7.2e-05
4.5e-05
3.6e-05
2.7e-05
2.7e-05
1.8e-05
1.8e-05
1.8e-05
1.8e-05
1.8e-05
1.8e-05
1.8e-05
1.8e-05
0.0
0.0
0.0
0.0
0.0
0.0
0.0
0.0
0.0
0.0
0.0
0.0
0.0
0.0
0.0
0.0
0.0
0.0
0.0
0.0
0.0
0.0
0.0
0.0
0.0
0.0
0.0
0.0
0.0
0.0
0.0
0.0
0.0
0.0
0.0
0.0
0.0
0.0
0.0
0.0
0.0
0.0
0.0
0.0
0.0
0.0
0.0
0.0
0.0
0.0
0.0
