0.00023103999999999998
0.00023103999999999998
0.00023103999999999998
0.00023103999999999998
0.00023103999999999998
0.00023103999999999998
0.0003125
0.0004891304347826087
0.0008523380281690141
0.0013507669902912622
0.0025280251572327044
0.0025280251572327044
0.0025762195121951216
0.006162393665158371
0.005976111607142857
0.005918737777777777
0.005780039130434783
0.0028833225806451615
0.002868760368663594
0.0027425799086757993
0.0026292612612612612
0.0025697264573991034
0.0025697264573991034
0.0024755560538116594
0.0024492743362831857
0.000208
0.00019236363636363637
0.0001764
0.0001521111111111111
0.0001444
0.0001369
0.00011377777777777778
0.000105125
9.657142857142857e-05
5.7799999999999995e-05
5.7799999999999995e-05
5.7799999999999995e-05
5.7799999999999995e-05
5.7799999999999995e-05
5.7799999999999995e-05
5.7799999999999995e-05
5.7799999999999995e-05
4.9e-05
4.9e-05
4.225e-05
3.3333333333333335e-05
3.3333333333333335e-05
3.3333333333333335e-05
3.3333333333333335e-05
3.3333333333333335e-05
1.8e-05
1.8e-05
1.8e-05
1.8e-05
1.8e-05
1.8e-05
1.8e-05
1.8e-05
1.8e-05
9e-06
9e-06
9e-06
9e-06
9e-06
9e-06
9e-06
9e-06
9e-06
9e-06
9e-06
9e-06
9e-06
9e-06
0.0
0.0
0.0
0.0
0.0
0.0
0.0
0.0
0.0
0.0
0.0
0.0
0.0
0.0
0.0
0.0
0.0
0.0
0.0
0.0
0.0
0.0
0.0
0.0
0.0
0.0
0.0
0.0
