0.00013207142857142858
0.00013207142857142858
0.00013207142857142858
0.00013207142857142858
0.00013207142857142858
0.00013207142857142858
0.00021018181818181818
0.0004689302325581396
0.0007249032258064516
0.001303809523809524
0.0023473481012658225
0.0023473481012658225
0.002520304347826087
0.0035366697674418606
0.004322571428571428
0.0047207130434782614
0.005057327800829876
0.002641382775119617
0.0026059521531100476
0.00254457619047619
0.002532516587677725
0.0024881877934272304
0.0024582744186046513
0.0023644528301886795
0.002360004694835681
0.0002568888888888889
0.0002568888888888889
0.0002485294117647059
0.00024094117647058822
0.0002325625
0.00022426666666666668
0.00020007692307692307
0.00017723076923076923
0.0001369
9.8e-05
8.228571428571429e-05
8.228571428571429e-05
7.8125e-05
6.016666666666666e-05
6.016666666666666e-05
5.4e-05
5.4e-05
5.4e-05
4.5e-05
3.6e-05
3.6e-05
3.6e-05
3.6e-05
2.7e-05
2.7e-05
0.0
0.0
0.0
0.0
0.0
0.0
0.0
0.0
0.0
0.0
0.0
0.0
0.0
0.0
0.0
0.0
0.0
0.0
0.0
0.0
0.0
0.0
0.0
0.0
0.0
0.0
0.0
0.0
0.0
0.0
0.0
0.0
0.0
0.0
0.0
0.0
0.0
0.0
0.0
0.0
0.0
0.0
0.0
0.0
0.0
0.0
0.0
0.0
0.0
0.0
0.0
