0.00022913636363636362
0.00022913636363636362
0.00022913636363636362
0.00022913636363636362
0.00022913636363636362
0.00022913636363636362
0.00033409090909090905
0.0005828775510204082
0.0008768356164383562
0.0017672
0.0036643617021276595
0.0036643617021276595
0.0037276875
0.00541645564516129
0.005252066929133858
0.00519753488372093
0.005081492248062015
0.002528846889952153
0.0025029761904761904
0.002366785714285714
0.002313352657004831
0.002306671497584541
0.002306671497584541
0.002257883495145631
0.002240391304347826
0.0001625625
0.0001625625
0.00014464285714285713
0.00014464285714285713
0.00014464285714285713
0.00013569230769230767
0.00012033333333333332
9.344444444444444e-05
8.711111111111112e-05
7.2e-05
5.4e-05
5.4e-05
5.4e-05
3.6e-05
3.6e-05
3.6e-05
3.6e-05
9e-06
9e-06
0.0
0.0
0.0
0.0
0.0
0.0
0.0
0.0
0.0
0.0
0.0
0.0
0.0
0.0
0.0
0.0
0.0
0.0
0.0
0.0
0.0
0.0
0.0
0.0
0.0
0.0
0.0
0.0
0.0
0.0
0.0
0.0
0.0
0.0
0.0
0.0
0.0
0.0
0.0
0.0
0.0
0.0
0.0
0.0
0.0
0.0
0.0
0.0
0.0
0.0
0.0
0.0
0.0
0.0
0.0
0.0
0.0
