0.00016523529411764708
0.00016523529411764708
0.00016523529411764708
0.00016523529411764708
0.00016523529411764708
0.00016523529411764708
0.00028033333333333333
0.0005403137254901962
0.0008649864864864865
0.0016536666666666668
0.002817071038251366
0.002817071038251366
0.0028263582887700536
0.005665157205240174
0.005955037974683545
0.005793938524590164
0.00570254693877551
0.002825294930875576
0.002786768181818182
0.00264196
0.0026194464285714284
0.0025921607142857144
0.0025921607142857144
0.00250446875
0.002493337777777778
0.00030465384615384615
0.0002645217391304348
0.0002556818181818182
0.0002556818181818182
0.00023333333333333333
0.00021557894736842103
0.00020672222222222224
0.00017794117647058823
0.00012675
0.00012675
8.711111111111112e-05
8.711111111111112e-05
8.711111111111112e-05
8.1e-05
7.2e-05
7.2e-05
7.2e-05
4.5e-05
4.5e-05
3.6e-05
3.6e-05
3.6e-05
3.6e-05
3.6e-05
3.6e-05
0.0
0.0
0.0
0.0
0.0
0.0
0.0
0.0
0.0
0.0
0.0
0.0
0.0
0.0
0.0
0.0
0.0
0.0
0.0
0.0
0.0
0.0
0.0
0.0
0.0
0.0
0.0
0.0
0.0
0.0
0.0
0.0
0.0
0.0
0.0
0.0
0.0
0.0
0.0
0.0
0.0
0.0
0.0
0.0
0.0
0.0
0.0
0.0
0.0
0.0
0.0
