0.00021304347826086957
0.00021304347826086957
0.00021304347826086957
0.00021304347826086957
0.00021304347826086957
0.00021304347826086957
0.0003367352941176471
0.00046604255319148937
0.0007361285714285714
0.0011913846153846154
0.002017506944444444
0.002017506944444444
0.0020578231292517008
0.005547290043290043
0.005422252100840337
0.005355634453781513
0.005342020661157024
0.0030069473684210526
0.002960725663716814
0.002865065502183406
0.0027774935064935067
0.002741026086956522
0.0027253275109170305
0.002627526315789474
0.002611413043478261
0.00032033333333333333
0.00032033333333333333
0.00024456521739130437
0.00023563636363636362
0.00022272727272727272
0.00012930769230769232
0.00012930769230769232
0.00012033333333333332
0.00011136363636363636
0.00010240000000000001
7.557142857142857e-05
7.557142857142857e-05
7.557142857142857e-05
6.016666666666666e-05
6.016666666666666e-05
4.5e-05
4.5e-05
3.6e-05
3.6e-05
3.6e-05
3.6e-05
3.6e-05
3.6e-05
3.6e-05
3.6e-05
1.8e-05
1.8e-05
1.8e-05
1.8e-05
1.8e-05
1.8e-05
1.8e-05
9e-06
9e-06
0.0
0.0
0.0
0.0
0.0
0.0
0.0
0.0
0.0
0.0
0.0
0.0
0.0
0.0
0.0
0.0
0.0
0.0
0.0
0.0
0.0
0.0
0.0
0.0
0.0
0.0
0.0
0.0
0.0
0.0
0.0
0.0
0.0
0.0
0.0
0.0
0.0
0.0
0.0
0.0
0.0
0.0
