0.004605562874251497
0.004605562874251497
0.004605562874251497
0.004605562874251497
0.004605562874251497
0.004605562874251497
0.006198816831683168
0.011573581395348838
0.014111119873817034
0.009954620689655172
0.00657253024911032
0.00657253024911032
0.006514622775800711
0.0031660165745856354
0.0031090279329608938
0.0030764044943820228
0.002962285714285714
0.00012014285714285714
9.6e-05
4.8e-05
3.2e-05
1.6e-05
1.6e-05
0.0
0.0
0.0
0.0
0.0
0.0
0.0
0.0
0.0
0.0
0.0
0.0
0.0
0.0
0.0
0.0
0.0
0.0
0.0
0.0
0.0
0.0
0.0
0.0
0.0
0.0
0.0
0.0
0.0
0.0
0.0
0.0
0.0
0.0
0.0
0.0
0.0
0.0
0.0
0.0
0.0
0.0
0.0
0.0
0.0
0.0
0.0
0.0
0.0
0.0
0.0
0.0
0.0
0.0
0.0
0.0
0.0
0.0
0.0
0.0
0.0
0.0
0.0
0.0
0.0
0.0
0.0
0.0
0.0
0.0
0.0
0.0
0.0
0.0
0.0
0.0
0.0
0.0
