0.0036210285714285717
0.0036210285714285717
0.0036210285714285717
0.0036210285714285717
0.0036210285714285717
0.0036210285714285717
0.004752822857142857
0.008856595041322314
0.014455164983164983
0.010393471698113207
0.006376882978723405
0.006376882978723405
0.00644219298245614
0.003330945945945946
0.0031736263736263735
0.003133338888888889
0.0031166722222222224
0.00020945454545454547
0.0001936
0.000169
0.00012014285714285714
8.82e-05
8.82e-05
1.6e-05
1.6e-05
0.0
0.0
0.0
0.0
0.0
0.0
0.0
0.0
0.0
0.0
0.0
0.0
0.0
0.0
0.0
0.0
0.0
0.0
0.0
0.0
0.0
0.0
0.0
0.0
0.0
0.0
0.0
0.0
0.0
0.0
0.0
0.0
0.0
0.0
0.0
0.0
0.0
0.0
0.0
0.0
0.0
0.0
0.0
0.0
0.0
0.0
0.0
0.0
0.0
0.0
0.0
0.0
0.0
0.0
0.0
0.0
0.0
0.0
0.0
0.0
0.0
0.0
0.0
0.0
0.0
0.0
0.0
0.0
0.0
0.0
0.0
0.0
0.0
0.0
0.0
0.0
