0.0036266187050359713
0.0036266187050359713
0.0036266187050359713
0.0036266187050359713
0.0036266187050359713
0.0036266187050359713
0.004657122093023255
0.006619762790697674
0.011612826568265682
0.010484444805194806
0.007031668965517241
0.007031668965517241
0.006962899999999999
0.003441580310880829
0.0033515999999999997
0.0032847368421052635
0.003244473404255319
0.00016044444444444445
0.00010416666666666667
4.8e-05
4.8e-05
3.2e-05
3.2e-05
1.6e-05
1.6e-05
0.0
0.0
0.0
0.0
0.0
0.0
0.0
0.0
0.0
0.0
0.0
0.0
0.0
0.0
0.0
0.0
0.0
0.0
0.0
0.0
0.0
0.0
0.0
0.0
0.0
0.0
0.0
0.0
0.0
0.0
0.0
0.0
0.0
0.0
0.0
0.0
0.0
0.0
0.0
0.0
0.0
0.0
0.0
0.0
0.0
0.0
0.0
0.0
0.0
0.0
0.0
0.0
0.0
0.0
0.0
0.0
0.0
0.0
0.0
0.0
0.0
0.0
0.0
0.0
0.0
0.0
0.0
0.0
0.0
0.0
0.0
0.0
0.0
0.0
0.0
0.0
