0.003701584507042253
0.003701584507042253
0.003701584507042253
0.003701584507042253
0.003701584507042253
0.003701584507042253
0.005822543147208122
0.009216312741312743
0.010668054237288135
0.009549632716049382
0.006307053003533568
0.006307053003533568
0.006288183745583039
0.002986039548022599
0.0029696327683615817
0.0029536420454545453
0.0028811329479768786
0.000112
0.000112
6.4e-05
6.4e-05
6.4e-05
6.4e-05
4.8e-05
4.8e-05
0.0
0.0
0.0
0.0
0.0
0.0
0.0
0.0
0.0
0.0
0.0
0.0
0.0
0.0
0.0
0.0
0.0
0.0
0.0
0.0
0.0
0.0
0.0
0.0
0.0
0.0
0.0
0.0
0.0
0.0
0.0
0.0
0.0
0.0
0.0
0.0
0.0
0.0
0.0
0.0
0.0
0.0
0.0
0.0
0.0
0.0
0.0
0.0
0.0
0.0
0.0
0.0
0.0
0.0
0.0
0.0
0.0
0.0
0.0
0.0
0.0
0.0
0.0
0.0
0.0
0.0
0.0
0.0
0.0
0.0
0.0
0.0
0.0
0.0
0.0
0.0
