0.003790233766233766
0.003790233766233766
0.003790233766233766
0.003790233766233766
0.003790233766233766
0.003790233766233766
0.0053104723618090455
0.0085886968503937
0.013995386503067484
0.010543914110429448
0.0066683951048951045
0.0066683951048951045
0.00653958865248227
0.0032831263736263737
0.0032323571428571427
0.0031819835164835163
0.003125
0.00010416666666666667
8.82e-05
6.4e-05
6.4e-05
6.4e-05
6.4e-05
4.8e-05
4.8e-05
0.0
0.0
0.0
0.0
0.0
0.0
0.0
0.0
0.0
0.0
0.0
0.0
0.0
0.0
0.0
0.0
0.0
0.0
0.0
0.0
0.0
0.0
0.0
0.0
0.0
0.0
0.0
0.0
0.0
0.0
0.0
0.0
0.0
0.0
0.0
0.0
0.0
0.0
0.0
0.0
0.0
0.0
0.0
0.0
0.0
0.0
0.0
0.0
0.0
0.0
0.0
0.0
0.0
0.0
0.0
0.0
0.0
0.0
0.0
0.0
0.0
0.0
0.0
0.0
0.0
0.0
0.0
0.0
0.0
0.0
0.0
0.0
0.0
0.0
0.0
0.0
