0.002544009090909091
0.002544009090909091
0.002544009090909091
0.002544009090909091
0.002544009090909091
0.002544009090909091
0.004253832258064516
0.006606172897196262
0.011498631386861314
0.010087783783783784
0.006339329588014982
0.006339329588014982
0.006249633333333333
0.0029965317919075146
0.002923093567251462
0.0029148304093567254
0.0028417100591715976
6.533333333333333e-05
4.8e-05
3.2e-05
3.2e-05
3.2e-05
3.2e-05
1.6e-05
1.6e-05
0.0
0.0
0.0
0.0
0.0
0.0
0.0
0.0
0.0
0.0
0.0
0.0
0.0
0.0
0.0
0.0
0.0
0.0
0.0
0.0
0.0
0.0
0.0
0.0
0.0
0.0
0.0
0.0
0.0
0.0
0.0
0.0
0.0
0.0
0.0
0.0
0.0
0.0
0.0
0.0
0.0
0.0
0.0
0.0
0.0
0.0
0.0
0.0
0.0
0.0
0.0
0.0
0.0
0.0
0.0
0.0
0.0
0.0
0.0
0.0
0.0
0.0
0.0
0.0
0.0
0.0
0.0
0.0
0.0
0.0
0.0
0.0
0.0
0.0
0.0
0.0
