0.003998205298013245
0.003998205298013245
0.003998205298013245
0.003998205298013245
0.003998205298013245
0.003998205298013245
0.005882261538461538
0.007460919678714859
0.010212171328671329
0.00986988255033557
0.0064936057347670245
0.0064936057347670245
0.006470414285714286
0.0031508435754189945
0.003093056179775281
0.0030680955056179775
0.0030030056818181818
0.00018677777777777776
0.000162
0.0001058
0.0001058
9.68e-05
9.68e-05
4.05e-05
4.05e-05
2.5e-05
1.6e-05
0.0
0.0
0.0
0.0
0.0
0.0
0.0
0.0
0.0
0.0
0.0
0.0
0.0
0.0
0.0
0.0
0.0
0.0
0.0
0.0
0.0
0.0
0.0
0.0
0.0
0.0
0.0
0.0
0.0
0.0
0.0
0.0
0.0
0.0
0.0
0.0
0.0
0.0
0.0
0.0
0.0
0.0
0.0
0.0
0.0
0.0
0.0
0.0
0.0
0.0
0.0
0.0
0.0
0.0
0.0
0.0
0.0
0.0
0.0
0.0
0.0
0.0
0.0
0.0
0.0
0.0
0.0
0.0
0.0
0.0
0.0
0.0
0.0
0.0
