0.021201613333333334
0.021201613333333334
0.021201613333333334
0.021201613333333334
0.021201613333333334
0.021201613333333334
0.019537308157099698
0.015713463126843658
0.011619282051282051
0.007205152542372882
0.0033852706766917297
0.0033852706766917297
0.0033251908396946563
5e-05
5e-05
5e-05
5e-05
5e-05
5e-05
5e-05
2.5e-05
0.0
0.0
0.0
0.0
0.0
0.0
0.0
0.0
0.0
0.0
0.0
0.0
0.0
0.0
0.0
0.0
0.0
0.0
0.0
0.0
0.0
0.0
0.0
0.0
0.0
0.0
0.0
0.0
0.0
0.0
0.0
0.0
0.0
0.0
0.0
0.0
0.0
0.0
0.0
0.0
0.0
0.0
0.0
0.0
0.0
0.0
0.0
0.0
0.0
0.0
0.0
0.0
0.0
0.0
0.0
0.0
0.0
0.0
0.0
0.0
0.0
0.0
0.0
0.0
0.0
0.0
0.0
0.0
0.0
0.0
0.0
0.0
0.0
0.0
0.0
0.0
0.0
0.0
0.0
0.0
