4
17
8
7
14
1
4
25
27
8
1
16
16
15
4
12
5
5
7
14
13
2
18
10
23
3
3
11
4
13
18
1
13
3
9
8
9
5
3
3
15
4
20
5
29
20
28
3
18
15
28
7
6
25
1
10
1
15
25
19
6
3
2
3
14
14
3
6
8
15
7
1
14
4
3
27
3
1
4
19
1
9
20
1
5
22
10
17
12
5
16
20
8
2
20
23
3
17
28
10
8
12
7
1
6
1
8
26
6
24
4
2
5
16
2
10
9
9
25
6
28
4
16
15
2
5
26
12
5
17
4
9
11
4
17
7
15
20
22
4
16
14
27
16
1
3
19
21
7
13
4
12
12
2
21
1
24
20
5
5
3
15
16
13
2
28
1
4
18
12
6
5
6
10
22
1
14
14
8
16
5
4
5
20
1
10
17
2
7
12
5
4
6
7
12
18
1
19
1
14
2
3
8
2
6
7
11
4
7
22
11
3
3
5
6
4
26
10
28
20
27
1
11
13
7
14
25
2
17
23
1
17
15
4
2
11
1
2
18
10
3
14
23
7
15
29
11
6
5
4
12
24
15
18
12
4
7
18
5
9
6
2
1
3
14
5
3
14
13
8
14
1
19
2
2
8
9
2
8
6
1
18
7
1
7
3
1
9
3
14
3
7
15
18
2
10
15
7
2
18
14
22
18
8
13
12
5
26
26
1
15
26
6
12
14
8
3
6
16
14
12
2
4
8
6
2
17
17
16
10
9
25
4
21
3
20
3
6
2
7
3
9
14
11
5
2
17
29
11
7
6
1
11
9
14
9
20
22
5
2
17
13
24
5
3
11
14
14
1
18
11
23
8
5
5
5
11
10
5
2
1
8
16
6
5
17
19
2
8
4
12
13
12
13
2
13
4
6
18
21
10
6
3
7
2
3
4
27
1
7
6
2
5
19
12
3
9
2
4
3
6
22
2
9
8
3
2
12
16
5
7
1
10
10
1
3
13
14
13
13
3
2
6
5
8
2
22
1
10
2
6
16
8
20
9
5
8
22
4
8
7
15
8
16
3
1
12
4
16
10
1
5
4
12
1
7
1
8
4
21
11
1
2
11
15
9
8
17
1
16
6
2
3
4
4
6
1
3
2
27
6
11
6
9
19
13
4
4
1
22
9
14
3
9
10
8
4
11
17
4
3
5
2
15
14
9
21
21
1
1
3
23
8
1
10
1
21
4
3
6
23
15
7
13
13
27
4
19
9
10
3
25
1
9
7
8
1
1
10
10
29
9
6
12
16
12
14
6
24
11
9
1
10
15
2
11
8
1
6
1
13
17
1
2
1
2
15
2
3
1
4
13
14
2
2
5
1
5
22
27
10
22
16
7
23
15
24
11
9
13
15
2
4
6
11
5
20
4
23
22
19
19
1
11
5
4
20
13
1
11
9
13
16
17
11
13
3
10
1
1
7
24
21
11
2
2
5
5
11
1
5
9
1
1
15
1
1
14
10
4
9
12
18
6
29
3
7
4
26
10
4
11
2
1
5
13
8
1
9
1
25
6
1
12
28
11
12
4
18
19
20
24
29
4
1
3
15
2
4
5
8
7
4
2
1
4
4
7
1
3
1
8
3
18
3
13
3
24
11
5
6
8
12
3
12
5
4
3
8
10
7
1
9
19
2
5
9
1
4
24
2
6
4
5
15
7
12
6
16
3
6
2
2
2
6
13
28
7
7
29
4
8
1
1
1
21
13
4
14
2
11
4
1
8
10
1
17
6
6
19
29
17
5
8
15
12
10
1
25
7
5
3
2
23
9
15
3
6
6
8
5
19
5
3
3
3
7
8
5
19
11
26
3
25
2
17
1
23
13
7
1
12
27
12
6
9
21
11
20
1
6
12
11
5
10
17
12
18
13
27
21
1
9
5
15
11
7
1
1
20
2
2
19
7
1
11
6
9
17
3
16
6
2
12
12
24
8
3
9
9
3
24
6
14
1
3
4
4
25
2
4
2
4
4
5
9
29
21
1
13
10
28
7
19
22
2
5
3
3
9
5
7
18
3
7
15
1
12
22
7
6
25
5
10
16
4
18
2
10
10
10
20
2
11
6
2
26
10
9
10
28
19
12
5
18
6
11
7
5
14
8
7
5
3
8
26
7
13
22
4
20
5
5
23
8
26
5
20
11
21
13
13
19
1
15
4
4
21
18
5
15
9
11
3
4
17
8
4
2
16
3
2
7
19
21
2
19
7
21
29
16
17
3
6
5
10
12
14
18
5
