148 374
5 66 268 567
100 186
24 573 668
20 242 850
372 619
41 50 70 311 542 587
68 120 168 338
7 29 152
47 95 219
150 610 890
418 446
12 13 141 515 565
9 76 83 336 500
203 677
23 24 49 282 714 717
21 30 205 215 610
265 301 368
48 213
137 965
43 83 184 666 936 958
144 163 383 565
78 712 955
14 162
101 941
9 86 118 358 510
28 247
209 259 543 641
525 998
2 130 243
264 273 480 493
54 261
308 309
193 501
45 461 693
13 44 207 598 913
45 665
187 206 519 902
13 28 247
3 178 203
32 78 84 352 369 394 639 653 962
62 241
112 244 483 575 669 815 880
16 152 241 301 696 904
80 147 430
5 17 38 126 567 750
8 14 246 574 621 781 796
56 87 559
11 73
7 26 43 61 83
20 150 315 958 998
10 279
28 207 236 502 576 608 615
13 91 114 565
7 36 57 156 167
131 295 863
18 38 498
10 36 93 107 422 867 963
21 224
29 216 397 699
129 989
4 31 49 254 370 410 714 903
2 24 328 361
335 531 637
280 721
120 171 313 778 831
34 291
66 290
209 292
93 712
32 84 106 732
34 48 77 267 289
59 227
60 80 853
3 516
149 731
12 13
588 979
236 349
231 263
265 343
38 61 120 137 248 297 313 443 796
12 402 468
46 99 393 415 496 687 892
211 959
68 205 420 504 554 779 925
56 240
63 165 197 306 741 793
12 33 251 439 636 676
108 956
15 27 39 40 48 341
254 598
503 857
4 24 105
133 170 207 223 349 366 576 771
60 734 853 984
336 357
18 35 85 90
25 230 818
59 433
8 552
47 325
3 36 101 279 316 373 407 478 484
52 103
234 407
99 396 545
65 769
388 395 492 926 982
119 227 404 912
24 402
6 617
24 100 535 659
361 766 888
299 523
177 200
72 558 583
353 371 452 478 481 635
4 790
40 46 403
20 181 307
448 711
354 526
10 457
88 992
35 118 526 609 661 869 900
108 827
96 779
77 96 286 792
91 123 576 624
201 852
19 189
191 803
414 621
13 754
90 844
48 75 97 465 493
13 141
147 284 640
92 332 454
47 61 166 219
18 38 214 565 736 834 939
44 133 159
5 133 236 349 608 719
330 443 682
164 362 394
712 738
19 249 953
2 88 135 229 859 992
16 662
52 298 758
55 72 145 281 432 482 493 695 830
107 134 151 168 182 192 468 778
24 155 218 841 996
388 923
427 541
111 671 966
52 71 136 244 340
41 175 895
602 620
34 39 286 710
33 102 190 396 439 592
92 138 625
68 88 105 540 568
66 301
14 50 124
43 110 158 357 367 375 691 850
47 540
8 227 619 698 851
20 81 177 290
41 58
99 121
52 206 225 410 854 902
1 495 517 668
3 15
77 146 169 219 267 572 944
14 156 299 418 586 982
153 170
83 95 454
1 124 237 727
78 536 738
52 103 476 865 880
16 89 141 162 170 319
308 312
109 211 274 402 405 451 563 682
47 51
61 130 398 519
97 264
71 350
150 506
96 532 794 804
139 283
68 248
21 30 224 269
25 372
10 119 453 893
73 177 367
14 233
827 841
334 400 643
228 882 896
26 62 102 161 337 513 521
363 569 708
236 649
11 104 728 875
82 118 260 486 511 737
134 140 158 187 232
404 910
23 49
2 361 684 782 816
305 396
81 529 629
1 7 42 74 390 563 743
127 217 271 309 312
43 513
4 19 42 103 476 966
178 874
65 118 593
14 58
37 511 965
112 926
34 71 285 493 539 847
377 686
181 675
61 68 149 242 318 614
424 679
30 33
19 194
51 685
82 417 473 608
27 524
79 250 508 668
51 79
13 240
10 179
278 388
8 32 54 680 773
76 213 289 337
138 184
17 84 374 385 587
16 924
9 115 335 753
65 290 512
123 127 309
108 139 175 351 412
29 102 933
80 563 748 843
62 64 152 426 459
23 31 49 196 300 935
20 512
196 300 917 935
2 57 104 475 816
38 58 70 162 191
133 442 645 852
66 73 200 301 343 383
293 462 485
5 20 200 208 658
145 156
121 166 285 988
38 85 194 258 430 554 700
16 370 999
111 524 727
247 249 502
113 129 181 413 616 791
154 228
4 71 292 758
86 175 962
23 364
21 33 224
12 70 123 141 392 452 785 833
22 360
65 348 561
633 861
148 155 968
2 18 167 385 844
83 125 138 220
8 113 119 160
474 723 908
317 335
16 132 195 799
9 63
601 919
41 598
7 111 215 407 664
13 204 329 383 464
200 315
549 900
148 400 528 643
294 295 360 523 770
130 135
879 912
1 15 538 768 884
755 911
29 168 660
109 120 257 384
116 186 218 670
7 192
23 300 903
12 72 123
45 665 693 966
25 29 494 967
1 256 618
199 255 485 568 611
58 906
92 94
48 81 176 231 742 964
821 907
75 904
220 357 951
14 58 124 233 293 462 542
126 406 589 981
66 142
10 218 449 730
2 98 130 505
7 208 333
60 387
2 88 232
245 270 796
230 263 605
15 390
139 302 620
46 158 184 357
6 106 466 786
157 607
414 622 780 984
89 731 832
116 437 601
107 234 613
20 113 939
28 211 451
1 216
80 987
36 69 373 389
9 221
246 781
25 50 245 372 587
46 332 789
144 180
1 214 456 494 495
57 84 106 287 557 597 772 918
24 56 891
86 210 302 599
147 222 237 553 623 788
127 217
1 111 182 234 508 703 877
24 87 116 433 560 928
16 562 837 864
160 281 307 430 783
31 254
4 103 189 298 431 942
58 94 162 238 245 339 655 971
27 34 202 465
637 717 806 993
26 27 39 40 77 161 420 573
80 198
85 596
751 857
425 945
155 220
210 400 643
23 49 169 229 300 303 399
18 952 957
16 39 116 391 492 573 832
40 48 146 202 213 426
77 264 291 436
6 13 96 287 460 794
44 126 129 375 736
35 56 504
62 64
480 766
46 138 151 158 250
178 226 290
7 173 421 538 671
711 889
101 463
6 10 389 650 680
120 994
41 906
56 659
53 748 857 911
12 469 749
2 5 68 153 313 314 321 496
17 259 586
60 235 423 621 690 894
39 147 176 387 548 776 802
396 440
25 427
38 625
980 991
20 242
9 211
24 81 310 580
6 104 199 507 557 907 975
287 623
268 339 658
101 167 199 381 526 534 558
5 192 265 355
4 16 19 149 298 709 787 824
638 930
646 982
25 794
87 434
36 56 208 487 515 559 775 919
5 178
6 11 145 185 222 272
19 149 395 413
11 17 183 226 367 593
237 471 705 765
111 140 168
135 909 992
53 68
55 57 106 197 536 558 656 788 849
183 205 215
25 954
130 162 611 673
7 104 392 503 538 545 961
23 196 239
150 545
78 104 409 907
54 116 535 635
1 50
74 196 414 505 987
51 121 177
48 53 61 64 120 205 338 421 426
12 13 548 623 654 932
170 239
5 100 186 920 930
5 73
159 522 801
187 519 994
72 471 497
797 898
84 176
64 696
14 41 137 162 233 253 542 574
391 428
26 64 341 521 724
225 298 350
97 792
9 75 77 221
21 30 33 269 437 544 628
22 295 318 793
30 98 164 948 962
23 54 332
8 30 33 59 789
255 822
148 334 480 527
145 583 611
110 157 661
69 93 193 318 385 955 977
68 171
102 517
25 372 799
26 531 805
6 106
6 23 32 97 185 197 848
159 307
64 197 435 475 477 491
113 376
4 103 340
178 265
213 804
262 735
36 62 357 389 445 651 722 867
157 252 363 607
41 124
379 726 957
19 60 71 206 209 225 283 942
142 343
32 185 534 578 657
12 134 889
132 342 424 843
624 644
22 115 299 360 363 450 483 588 872
9 118
59 552 681
90 126 522 641 801 897
192 507
3 69 93
260 795
110 252 569 718 740
204 229
70 129
55 272 530 653
179 729
24 154 274 380 470 537 896
132 417
303 917
54 323 878
76 272 707
28 67 97
121 515
5 178 271 368
174 391 566 996
20 40 64 212 265 304 436
135 976
19 257
17 38 90 266
60 802 853
93 373 701 945
67 93 337
6 73
16 170 684
175 901
37 356
47 49 51
11 432
17 90 172 307 472
152 314 580 786 946
79 140
34 75
4 87 136 194 555
610 676
269 305 440
21 30 394 506
844 989
656 842
9 76 143 172 221 408 694
115 852
112 238 735
766 960
50 79 162 293 462 655 745
12 163 490 861
184 958
138 829 922 951
572 629 639
3 139 203 615 701 800
9 398 411 751
41 253 276 293
6 477 642 705
28 502 719
92 147 151 188 273 780 810 963
12 123
26 289
409 650
159 191
9 143
4 764
85 172 756
232 361 386
96 230 273 276 279 304 932
27 202 213 264 267 395 797 903
120 443
207 296 401 449
8 227
280 318 551
144 373 633
28 247 371 615
53 501 785
10 36 497 533 732
317 806
27 416 545
86 302 510
564 956
335 365 724
535 730
686 828
11 553
189 461 829
291 337
37 118 288
246 348
78 107
3 28 133 344 481
43 95
1 16 85 153 190 305 391
28 32 156 481 482 828
80 734
22 94 412 446 523 584
311 574
41 50
3 457 934
582 634
270 556
13 45
20 419
12 114 603 713
212 566 708 824
547 978
31 164 394
27 143
27 161 813 876
48 74 163 168 182 216 256 881 978
8 59 119
62 715
4 378
49 60 286 810
45 56 659
33 123 260 455 549
18 144 163 383 490 696
67 868
45 246
223 771
62 666
89 251 908
36 872
28 344
79 694
110 252
14 697
566 835
194 758
14 636 998
417 631 679
35 37 260
40 876
163 464 749
86 458
125 275 295 326 595 673 704 882
74 192
27 34 39 75 77 289 540 797 876
277 331 356
342 356
36 69 139 422 510 949 955
49 303
1 7
423 446 588 646
47 51 166
41 293
17 172
114 287 763
604 708
10 270 324
117 125 288 609 929
10 36 82 774
128 153
13 387 915
22 37 112 418 427 612 752
26 97 521
53 491 748
94 201 326 770
469 980
55 104
57 106 222 597 817
43 46 128 158
31 169 233 258 500
91 108 127 603
1 29
17 18 31 885
286 341 806
15 473 591
409 705
2 114 327 353 366
64 212
21 369 773
7 208 699 877
3 10 722
12 542 606
346 584 612
91 114
57 84
63 112 322 339 403 405 442 882 979
6 583
732 821
11 24 57 174 369 775
22 628 754
4 103 820 983
347 836
40 83 212 511 974
69 96 605 954 990
52 942
26 39 97
292 350
39 213
110 157
197 381
8 119 324 460
33 267
148 155 334 480 985
15 40 74 89 152 441
6 11 237 590 639 863 875
3 101 899
280 313
127 309
54 248 579
101 784 805
132 204 331
33 819
30 33 150 269 756 890
3 69 279 445
152 474
14 50 58 70 297 311
77 436
397 517 950
166 393
39 46 62 176 674
23 31 82 117 118 486 571 733
15 104 113 378
252 569
273 505
9 62 143 221 502 905
25 96
12 144 329 464
244 292
107 284 319 580 585
93 808
108 157 252 312 812 956
19 26
11 17 31 169 663 837 999
82 288
9 76 406
164 564 581 636
6 182 817
27 146 406 539 541 813 887
11 57 237 776
194 410
277 504 511 554 886
21 392 592 890
27 34 48 187 365 416
203 831
8 12
112 126 214 970
27 28 247 570 630
16 102 706 725 897
239 254 714
302 447
899 974
27 97 289 317 531 539 589 715 868
16 321 393 725 997
28 86 139 236 352 615
93 276 677 800
66 108 135 312 488 741 847
180 252 524
28 80 147 622 984
84 135 272 281 842
84 263
50 196 689
1 352
429 861
67 349 672 811
206 328 777
41 45
8 19 165 227
11 57 120 167 440 738 964 975
67 120 280 325
3 36 69 101 279 321 725
3 101 304 324 333
188 204 429
26 40 406
122 140 151 468
22 63 115 483 586
169 258 294
1 17 41 70 181 375 444 651 710
115 388
35 82 424 571
116 160 834
12 13 144 319 667 947
398 446
42 323
175 207 210 302 458 959
297 485
8 26 27 38 59 212 428
17 44 362 413 550 596 952
53 191 398 779 798 943 970
15 85 140 234 419 707 878 975
88 754
83 95 346 922
94 235
1 102 128 153 170 190 314 393 864
8 96 243 354 514 826
42 250 256 382 516 660
34 48 416 688 813
20 98 301
128 824
2 91 749 757 937
72 650 678 881
22 32 81 578
79 182 323 341 520
60 690 810 894
93 324 389
395 450
13 114 315 438 784
18 113
183 374 375
9 873
20 37 65 288 320 455 512 526 661
4 9 38 143 198 385 744 809
61 798 873
2 110 364
132 417 733 826
322 380
209 604
81 84 145 272 773
160 377 484 518 620 649 833 856 959
175 358 895 909
577 775 919
341 416 513
1 9 131 173 883
70 611
17 18 38 44 126 183 430 444
107 270 762
35 288
7 35 82 132 146 277 514
15 26 264
51 273 757
42 256
22 645 863
62 213
80 273
14 101 124 175
60 80 198
33 35 214 247 364 616
133 719 815
271 315 582 769
12 13 107 453 516
58 297
13 180
54 227
68 501
296 930
35 117
32 55 657
18 30 150 222 439 450 506 961
44 85 160 172 720
55 185
21 34 39 48 291 403 596 733
5 20 65 242 268 315
4 350
14 785
456 472
143 460 546 823
18 172 184 190 376 467 803
44 90 317 444
22 63 89 112 322 418 474 997
53 105 173 402 568 973
10 276
119 133 366 518 570 635 672
15 29 42 192
211 236
72 80 281 597 622
94 204 274 275
67 75 898
29 140 772
36 67 179 203 316 533 762
29 54 131 141 452 469 626 716 808
61 261 351 384 878
147 198
52 136 870
7 74
20 73 142 355 606
11 489 516
304 577
29 50 74 111 538 768
122 197 231
255 687
30 122 134 739
5 66 73 226 320 355 533
57 489 585 855
76 143 408 823
56 174 330
42 53 128 173 205 255 721 831
33 506
118 424
11 889
632 767
6 691
3 977
77 202 465
2 578 816 914
602 895
87 174 311
422 599
58 233 745
179 230
45 168 333
44 364 953
97 291
286 317 556
1 348
78 176 680 706
55 448
392 819
18 253
379 1000
106 578
1 10 180 425 774
37 886
65 368
11 448
29 323
518 630 856
83 850
148 559 913
3 363 575 607
117 342
28 223
62 109 146 365 403 509
594 815
14 53 58
10 36
25 372 619 671 818
17 90 115 266
100 102 573 835 928
16 109 306
173 193 215 398 421
167 176 482 489
8 387 734
304 382
246 561
46 220
2 232
16 195 662 687
28 223 377
96 193
88 110 157 740
195 428
376 934
228 235 405 586 923
345 1000
31 124 137 300 370 399 849 917 999
6 21 197 222 509 530 640 842
21 437
47 51 89 165 283 306 314 865
5 65 106 142 151 226 290
148 155 355 528 827 888 968
6 377 590
25 206 243 541
48 75 100 161 328 365 406 871 921
27 146
19 42 90 111 189 225 431 441 820
54 59 253 282 663
1 397 772
51 931
98 111
185 466
71 103 136 206 209 702 947
91 123 490
182 250 677 901
15 348
296 401
32 78 98 604 656
28 377 833
57 156 266 287 509
9 64
411 742
10 101
937 973
16 61 89 91 411 614 862 864
5 268 367
52 71 103 404 604 790 933
2 488
78 381
23 49 169 739
2 17
66 110 154 523 718 752
17 113 129
575 704
108 193
155 527 960
45 106 156 237 348 760
55 64 728
52 71 189 285 431 641 947
44 952
38 113 215 306 338 413 428
55 340 764
132 331 585 631
8 54 119 218 330 371 401 846 921
62 161 396 440 589 632 716
82 260 277
45 499 558 674
4 292 759
100 330 670
148 155 167 272 400 580
35 37 82 579 592 843 886 972
29 316 457 487 556
251 566
56 401
606 845
108 308 812
30 56 186 470
2 52 393 404 410 528
2 98 328
68 193 755
2 37 331 652
117 342 858
200 874
11 284 848
35 37
159 175
210 422
478 577
26 241 291 403 420
127 669
72 78 145 222 281 466 585
217 811 828
25 230 243
53 105 261 411
390 626
17 726 736
50 124 245 655 826 906
10 69
18 113 160 214 647 744 791
5 65 177 280 313
699 877
165 274
58 137 253 729
21 30 224 305 359 616 767 948 961
21 164
61 825
29 111 529
14 25 59 233
4 19 847
36 43 46 69 92 202 304 627 922
5 343 497
186 289 921
49 399
718 740 866
24 87
37 117 238
26 34 67 416 465 666 724 860
21 819
395 442 770
259 359
366 644
53 171 384 540 579 825
63 154
223 537 985
107 460
43 46 617
196 969
278 346 380
459 591 727
8 814
1 37 858
35 117 132 331 514 609
43 51 99 892
201 221
26 77 212 513 637 713 904
203 248
16 467
32 176 765
282 294
452 991
133 576
22 63 165 188 412 594
345 648
24 240 874
7 652
145 409
665 887
44 181 185 207 266 630 648 700
148 989
17 126 160 897
224 544
69 91 114 319 464 613
113 249 647
651 885 953 970
26 55 67 75 498
25 532 619 818
28 57 115 164 228 380 423 986
38 172 181 183 259 625
26 42 74 192
475 583
53 61 375 522
47 121 244 257 535 892 914
16 236 306 415
66 438
9 76 473
16 40 251 321 786
496 755
225 340
174 186 433
41 50 70 675
413 726
81 84 284 466 709
43 184 384 491 579 761 778
73 271 471 486 737
23 31 122 239 248
6 78 145 763
51 59 134 250 260 268 459 688 967
4 19 905
34 202 498
3 498 774
54 119 415
207 344 371 644 672
76 143
1 74 151 881
63 123 279 453
359 456
32 362 581 623
10 230 316 382
7 613
4 52
9 23 27 838 969
288 356
18 45 85 183 324 700 781 809 990
21 30 171 261
173 181 193 205 300
52 86 458
9 201 374
334 528
137 145 162 524 795 965
200 226 367 790
96 243
76 186
2 187 229 299 488 634
23 258
21 227 392 592
38 90 472 567 783
19 52 121 285 807 893 910 988
2 92 95 326 627 777
60 80 144 147
165 188 918
49 294
234 547
274 282 303 935
42 216 310
108 261 936
89 415
19 46
11 597
161 241 531 898
15 42 72 122 134 344 520
17 33 164
150 610 839
2 750
6 86 489
94 149 595 612
3 556 784 800
171 351 443
8 59
27 34
22 63 258 645 753 918 969
365 750 792 974 993
7 10 134 168 397 494 517
314 391
136 431 543 941
13 180 915
3 139 358 373 599
302 510
445 808
7 8 383 512
11 55 84 327 369 432 590 695 745
63 204 278 584
12 332 552 557 746 814 879 912
130 328 854
34 67 337 960
121 560
128 153 255 684 865
87 401
133 142 177 242 940
8 46
642 692
210 447 602 949
129 214 720
544 716
7 79
24 174 186 240
86 129 210 537 909
60 414
110 347 479 607 812
11 25 205
49 447 555
17 18 172 191 266 456
13 114 123 180 980
61 318 338 751 873
146 441 588
99 121 219 931
66 154 178 525 673
5 20 66 177
470 601
326 492
48 62 64 551
166 219
17 307 345 939
20 73
109 280
97 286 871
225 693
335 871
22 125 154 594
6 11 81 156 284
35 37 171 609
154 262
109 742
63 115 492
3 15 75 122 297 333 660 707
43 138 158 454 595 691 829
217 927
90 191
40 104 409
208 234
54 140 689
35 354 869
71 746 803
50 485 606
15 29 79 151 283 721 807 916
118 417 652 839
244 298 905 938
34 40 48 241 835
76 408
89 152 190 564 822
23 399
83 92
24 218
30 82 91
105 120 137
44 129 598
141 329
5 66 438
130 135 168 229 232 275 327 390 884
14 70 86 139 210 551
1 7 21 209 458 761
238 698
72 185 534 830
22 165 322 896
29 89 407 419
414 932
2 87 522
739 916
24 378 434 550 560 600 891
3 276
131 694
98 146 229 386 836
47 83 121 622 685
71 94 262 499 944
6 25 78 237 509 605 683
31 49 239 548 838
327 386
34 44 69 73 179 453 487 593
4 71 634 910 938
5 20 65 226 232 343 438 593
4 690 950
402 682
30 581 628
79 131 743
39 77
32 654
64 67 97
5 177
45 561 760
1 38
51 122 166
285 938
44 188 295
50 124 282 294 845
439 839
37 70 311
92 95
5 59
42 626
36 93
154 262 926
15 74 122 140 469 743 763
19 52 209 244 320 702
358 620
42 44 182 191 228 275 591 647
21 33 948
30 632
15 883
4 71 149 461
28 353
40 67 420 860
411 421 496 503 911 925
27 112 195 299 483 621 793
4 404
9 840
88 782
29 114 468 479
9 95 158 220 600
263 529 530 553
5 142 271 355
141 329 429
262 741
109 282 325 451 568 994
43 217 309 946
31 702
161 993
72 104 231
105 325 799
131 169 239 258 303
39 249 266 400 675 791
505 963
23 31 854
94 138
173 306 451 614 798 825 832
32 57 284 629 817 830
61 109
13 730
3 36
53 179 193 384
91 141 144 319 633
14 43
112 115 188 326 405
60 198
45 127 308 760 940 990
130 386
359 801
39 40
22 63 275 278 646 855
28 35 82 570
153 195 467 723 747 908
12 13 180 307
94 238
43 92 336
112 405
19 257 461
6 11 263 329 432 536 683 723
7 419
63 322 412
18 181 259 364 648
262 418 436
7 929
110 642
139 358
2 65 98
1 15 182 473 495 508
50 845
11 55
15 613
77 299 427
191 379
261 368 940
19 359 616 893
228 380 753
371 570 856
8 217 308 927
471 788
87 116 449 638 915 920 928
22 450
761 916
167 477
10 85 249
218 638 787
22 217 946
8 59 667
105 189 194 283 340
32 150 362 676 756
125 188
2 95 386 487 902
58 171 325 491
274 979
241 539
54 59 119
6 366
3 10 533
41 91
24 38 87 98 116 920
130 135 361 777
39 267 717 981
68 173
17 159 290 594 783 834 943 1000
9 370 408
11 39 67
238 360 388
248 338 351 503
37 562
31 196
4 109 614
200 467 564 822
11 84
74 201 275 421
47 166
31 49 399 663
15 100 296 550 670
155 189 527 841
36 179 270
2 46 83 92 146
15 25 53 174 520 618 768
75 710
256 508 547
93 107 276 382 445 722
382 463
297 971
32 72 81 199 310 529 534 557
281 497
71 820
6 32 997
4 136
206 731
10 316 389 463 762 941
100 116 550 559 914
476 543
127 229 293 312 582 669 983
44 596
140 703
26 51 99 240 543 767
7 16 42 54 195 789
5 31 254 294 689 838
184 374 859 885
1 131 216 250 479
1 111 626
33 224 269
221 546 600
26 161 246 561 887
47 219
22 117
433 434
12 105 351 422
345 901
201 698
455 549 562 870 972
46 83 92 95 138 220
292 350 555
277 486 858 900
577 945
43 454 931
31 49
157 866
125 228 612
188 499 752 986
18 90 190 686 809 934
14 70 137 697
8 54
46 184
115 555 851
56 73 100 378 560 964
12 163
59 356 769
24 104 515 787
6 81 231 263 381
72 176
48 805
45 86 135 187 447 521 859
47 99 166 544
45 991
14 82 132 354 678
34 40 64 254 441 653
537 888
17 79 216 495 547 978
14 70 504
223 344 345 840 924
152 747
74 192 208 333
70 253
136 298 527
102 153
484 624 649 771
4 52 103 136 149
100 218 264 378 470 891
1 53 78 151 234 703
640 678
39 435 944
2 187
45 836
60 198 251
3 203 214 347 476 478 582 591 977
22 201 499
19 194 283 780
257 759
230 532 541
29 390 459 507 967
80 225 334 968 985
2 57 199 683 849 943
23 29 151 507 706 884
6 310 352
94 575
50 61 183 336
1 7 131 208 479 618 883
22 125 235 412 562 923
5 66 73 142 178 368 525
12 603
267 426
156 425 821
47 99
407 688
16 149
9 76 160 353 625
664 925
88 976
68 119 681
75 109 551
147 387
321 474
88 232 347 519
20 268
1 3 31 42 257 259 807
455 929
95 627 951
420 520 589
40 48 75 713 715 728
211 223 518
11 81
27 868
15 494
408 500
211 353 484 937
88 347
25 96 243 532 605 954
20 271 342 972
481 924
187 462 488
32 435
18 44 55 88 167 352 782 899
692 862
20 567
23 860
137 697 949
125 233 346 442
5 136 142 163 301 320 444 525
56 179 296 434 913
149 170 667 759
204 295 309 339 584
363 866
25 617
95 617
98 134 327
4 19 410 746 983
21 99 121 128 581
7 15 131 397 802 851
51 99 757
6 106 222 590 654 764 765
5 242 320
1 122 277 674 950
18 376
18 126 249 472
85 183 720
4 19 69 103 189 285 811 872 995
21 33 354
157 569 692
14 15 41 58 79 124 574 587 971
134 618
3 10 107 143 323
42 216
599 602
2 98
47 51 99 142 685
546 823 840
85 379 385 744
199 435 477 855
12 163 603
81 105 171
30 394
89 128 195 423 837 933
332 681
68 105 215 255
536 995
23 37 129 549
3 138 270 425 927
231 501 936
37 117 118 369 679 795 869
41 58 144 245
32 231 287 381 553 657
13 56 429
6 310 848
212 804
35 776 870
87 100 330
30 346 437
530 572 711
159 190 251 662
55 448 475 709
3 47 729
563 664
122 419
14 65 867
56 116 174 240 296 449 601 996
102 190 199
221 600
3 4 981
158 235 336 339 360 735 880
18 957
33 305
33 117 224 269 305 362 376 875
39 202
150 164
43 46 60 198 548 987
5 20 226 265 514 554 631 737 862
10 13 69 101 180 463 490
14 245
8 457 552 814 846 879
76 500 546
8 165 235 278 595 704
169 303 370
572 695
220 278
35 571
16 102 415
65 114 141 215 256 658
128 170 747
7 29 79
219 988
10 701
34 123 349 608 624 846 894 973 976
38 379
125 235 571 986
185 482
126 159 995
108 127 308
