1 39 107 282
260 299
109 230
127 290 296 474
18 827
66 177 335 355 784 945
80 648 749
247 649
2 115 240 342 644
238 598 741
133 157 344 349 366 937
15 56 87 240 250 550 638
39 286
36 238
3 27 40
71 949
217 392
10 185
236 828
16 92
28 31 151 223 247 518 836
727 978
21 217 669 927
75 193
30 544 610 948
387 414
21 63 154
20 26
20 252 718
45 665
110 252 276 607
2 98 155 232 296 328 543 938
71 111 229 352
52 165 423
28 270
22 123 534 556 852 962
36 80 151 459
17 23 38 212 315 425
47 79
19 246 364 555 561
326 380 499 612 753 851
373 729
537 766
227 552 681
61 222 263 849
10 382 577
4 19 71 209 292 633
10 279
38 55 83 118 209 470 653 681
206 332
39 75
8 54 59 91 141
1 4 19 299 395 771 905 922
26 60 323 472
17 109
56 218
2 54 179 232 279 519
83 184 617 691
110 277
156 321 587
35 54 119 552
112 412
59 227
108 217 308
75 113 145
31 174 449 700
207 908
15 34 87 142 223 515 567 780 845
50 814
15 459 517 626 883 884
162 165 572
12 13
27 39 97
53 501 748 854
259 844
482 496 580 657
76 600
21 962
5 66
420 441 574
94 125
444 957
26 106 237 763
95 390
192 250
6 66 145 237 471 611 995
481 973
32 120
336 357
20 92 129 334 531 840 969
271 315
25 96 310 541
38 204 402 740
17 28 160 259 375 472 608
47 660
43 138
45 212 767
3 217 250 308
247 570
27 37 60 78 103 217 222 397
5 347 848
30 362
44 49 282 399
127 145 506
27 337
22 96 99 121 137 485 524 745
257 759 865
16 102 391 804 822 865
1 168
12 481
17 25 417 421 765
82 554
326 446 561 770
1 7 107 459 553
483 575 594 882
28 101
20 73 271 343
491 721
36 107 149 279 310 323 478 577 751
56 132 246 279 390 590
3 146 508 617
6 79 208
298 492 758
97 892
42 131 140 216 809 967
411 861
30 73
1 74 500 877 888
49 170
82 423
387 993
25 96 449 818
282 300 917
143 221
53 350 669 775
4 189 283 759 902
21 93 997
62 131
143 546
394 767
6 55 72 369 432 842
22 388
186 296 434 470
50 366
2 50 275 313 426 844
1 22 28 103 487 645
295 698 896
15 32 59 455 813
23 196
142 151 849
6 7 113 129 249 376 413 430
9 19 41 770
68 682
21 819 961
24 100 515
13 288
42 772
17 43 46 92 627
495 619 760
17 163
57 105 143 145 466 590 600 623 738
14 48 61 149 205 214 433 620
71 222 404
77 291 493 860
59 332
643 841
147 387 802
4 71 103 244 461 702 893
61 109 173 421 550 579 664 862
87 401 601 775
90 126 266 379 385 809 1000
153 564
134 208
14 574
233 570
11 122 394 756 815
15 48 369 370 514 979
5 97 173 203 955
605 794
7 148 365 480
133 686
302 415
61 167
16 37 139 163 175 245 404 609
34 40
66 178
173 230
20 139
23 49
324 377 905
32 45 246 572
4 12 114 565
2 21 32 77 164 358 480 919
79 333
5 65 242 265
39 335
14 58
63 125 370 639
115 926
35 255 354
72 405 667
1 169 207 242 671
29 600
33 232
30 33
234 674 848
156 197 237 557
6 55
51 773
101 268 317 672 764
8 54 380 912
10 107 179
84 185 475 553 629
400 576
61 384 501
16 321
114 143
102 908
259 330
26 40 157 406 811
7 10 12 76 88 135 256 797
138 184
15 112 203
4 149 201 412
414 810
96 124 293 418 593 619 906
47 52 244 292
237 475 558
39 64
9 76 221 600
401 787
4 19 543 910
117 277 486 526 549
117 118 132 562 661 795
227 331 416 486 554 972
22 278 442 446 447 588
3 161
86 210 302
420 743
5 39 509
280 862
203 276 279 463 556 729 800
57 72 106 115 435 733
112 295 411 540 825
22 31
150 396 440 636
59 565
40 48 212 724
108 127 307 312 374
132 424 526
812 927
42 127 309
85 179
41 50 293 524 574 697
6 9 10 840
96 109 611
240 670
34 899
25 243
210 523 591
136 257
22 360
214 345
360 388
17 181 744
267 360 588
2 98 386 488 921 925
148 155 334
99 931
188 238 304 324 405 463 533
14 29 437 581
101 276
17 313
18 112 351 364 914
228 575 645
210 909
39 915
78 173 222 272
146 241 436
484 608
272 287 381 478 590
27 34 62 64 291 317 493 551 805
211 429 518 988
5 20
172 957
35 486 631 858
61 105 614 831
16 255 263
17 44 47 51 106 166
8 54 136 204 305 395 756
106 261
479 671
95 139 158
350 938
9 76
25 424 440
69 445
67 306
40 48 170
7 216 599 694 706
25 178
66 271 427 563 812 970
83 95 384 480 527
10 502 985
9 65 546
22 112 125
225 859
303 663
8 29 108 144 444 554 713
60 94 197 408 542 971
13 138 184 330
10 23 46 84 113 504 853
71 103 283 807 820
157 718
208 419 668 778
201 204 220
19 57 142 226 343 687 888
63 117 154 584 646 713 932
10 57 72 134 289 630 747 795
48 50 70 233 485 587
89 128 152 251 391
53 377
9 221 339 408 500 731
50 58 473 611
586 794
116 174 218 240 560 891
73 142 265 368 438 525 874 963
402 501
34 213 666
355 413 647 834
165 275 412 450 880
57 72 156 448
23 169 903
9 546
59 256 390
66 998
29 89 105 190 255 566 853
5 320
578 683 848
39 48 289 981
33 386 392 522
5 73 879
16 170
20 73 769
14 15 100 244 638
437 493 948
15 74 111 114 366 494 761
6 654
54 214
32 639 678
267 498
38 44 364 616
345 496 579
42 297
70 914
63 235 460
24 52 67 147 316 706
36 270 316 784 955
599 961
66 811
55 310
139 620
110 307
42 122 168 407 950
8 789
7 42 134
77 190 211 570 630
133 207 223
7 15 79 285 289 507
7 134 318 323 956
56 389 601 835 914
7 381
16 414 725
653 907
16 117
332 814
214 307 934
84 106 534
151 419
292 604
21 396
76 464
25 532
82 132 356 870
130 488
8 30 51 126 150 219
39 91 125 699 781
20 177
583 680
92 96 98 131 160 165 763 803
52 149 746
245 814
8 54 206 618 912
100 242 535
32 875
117 147 535 548 574 709 936
236 344 576 856
52 902
25 200 243
85 181
93 457
5 178
286 339
50 309 684 758
3 14 42 73
172 379 979
31 303
48 80 168 817
28 133
2 274 327 992
18 22 154 183 395 423 698
44 159
30 224 592
275 322 427 454
169 605
59 203 533 577
180 452
1 46 79 517 953
12 13 163 991
77 139
10 48 75 337 468 498 650
126 651
111 116 377
4 44 188 343 829
23 689
33 67 150 676
386 782
41 253
192 517
2 88 89 406 503
29 87 116
115 228 388 492 770
4 85 153 183 539
29 357 602
4 947
13 35 132 139 909 980
82 356
325 411 421 503 703
505 984
25 274 419
37 117 869
107 199
52 149 410 555
275 339 823
31 36 69 93
47 89 118 381 664 744 990
63 566
134 883
108 159 266 473
226 723 824
37 40 826 869
223 236
55 360 383 625 705 911
4 23 171 172 369 858
32 181 489 678 707 877
68 652 918
7 29
139 182 216 458 495 941
261 318 351
1 43 789
119 389
53 61 267 384 537
28 211 269 615
13 22 79 255 302 457 792
82 99 348 471 826 857
31 838
16 153 306 747
180 228 646
29 144
17 37 344 774 939
134 145 352
18 90 172 868 983
65 73 271 368 512 567 593
198 505
102 152 314 712
26 30 33 581 632 756 962 966
54 390 655 977
148 395 622
466 628
432 656
136 523 732
36 487 621 774 852
36 452 665 693 850
55 78
16 170 190 251 314 393 725
40 48 64 403 420 792
90 364
5 130 399 519
3 86 173 264
41 971
100 434
46 367 399
187 582
35 331
67 289 317
15 52 285 318 476 825 854
10 382 445
111 187 278 431 514 550
420 539
33 78 178 545 776
48 61 126 686
44 85 214 364 456 596 820 899 994
89 824
64 286 407 409 585 755
8 119
27 39 71 103 194 209 404 541
76 500 973
41 58 70 124
22 208
50 70 785
53 105 248 451 568
15 121 291 538 598
103 225 799 983
49 663
67 235 251 526
86 372
9 61 112 145 485 821 983
334 480
5 20 242
2 18
19 209 431 746 759 792
33 266 608 634
152 422
113 375 430 791
105 301
186 920
82 118 422 886
109 292 572 808 856
13 80 168 880
510 537 819
416 426 750 805
249 456
189 262 502 833
4 604
17 38 90 648
133 644
8 44 58 124 658
59 612 654
132 252
10 148 155 226 527 989
319 383
37 41 83 84 94 198 237
215 445
75 77 157 200 315 929
48 99 219 341
43 95
22 588
46 84 104 138 161 286 317 346 832
43 83 220 627 958
147 593
6 18 76 109 114 457 871 922
101 332
467 684
452 469
217 682
530 678 896
3 650
363 569
57 410 527 766
284 716 817
45 781
244 431
121 757
194 206 555 754
53 210 568 936
25 40 521
14 34 55 90 597
192 228 611 921
105 825
23 51 282
62 715
6 529
363 816
3 69 99 129 209
45 246
4 176
521 797
201 239
33 140 441 692 999
128 134 559 663 675 788
158 836
3 10 36 179 722 977
87 100 659
16 255 321
137 199 245
47 99 656
155 400 453 867
121 271 658
34 535 930
88 135 160 305 582
93 155 674
172 626 932
30 231
293 971
56 433
3 10
261 300
5 16 148 256 273 310 822
24 218 378
18 42 430 472 970
182 262 347 579 589
7 192 312 423 543 721
304 369 513 710 750
72 84
111 383 626 671 861 956 991
73 117 265
946 956
467 662
7 739
128 153
22 77 754
35 50 237 937
14 30 33 164 269 890 895
2 4 34 206 438 771 978
28 349 570
6 27 96 122 150 947 986
238 346 979
144 269 609 944
1 32 81 172 218 238 839 951
21 38 67 128 195 314 564 592 684
15 151 520 547 668
78 263 475
1 29
1 41 70 306 394 397
18 24 43 45 228 924
197 585 764
188 863
284 557
90 98 582
59 179 304 460
23 62 146 783
142 236 856
164 290 301
3 10 101 516
105 338 398
8 332
1 250 473 602
7 127 183 615
21 46 94 184 454 483
25 215 372
197 578
307 868 987
24 77 559
30 394 439 506 592 890
219 263 500
238 793
12 15 53 123 180 469
118 455
37 182 823
146 551
8 429 552
64 80 622
19 52 257 988
141 242 934
7 344 672 719 828
5 200
127 309
99 383 749
21 79 102 465 498
37 54 132 652 679
81 225 284 317 623
174 494 541
103 206
55 294
361 640 642
509 536 907
20 65 66
230 954
496 742
5 226 268 300
11 230 491 742 782 926
181 476 525 596 625 744 897 934
175 510
68 120 280
130 805
11 18 249
85 359 374 385 456 598
31 114 156 163 169 976
268 438
14 70 245 378 433 965
421 748
81 205
33 38 52 79 352 835
5 166 892
25 77 212 403 513 531
35 384 443 568 778
6 11 448 985
6 558 683 709
19 71
210 599 949
14 41
3 69 82 87 93 762
369 409
159 665 990
228 427
82 288
12 62 107 484
26 403 868 878
11 36 162 197 269 380 605 662 810
137 233 311 542 587 606 655 697 906
88 642
14 124 874 887
297 311 606
38 700
218 835
24 91 262 513
170 243 842
40 76 309 577 688 778 886
146 436
90 675
45 693 760 887 990
16 195
46 958 965
118 331 417 562 571 929
34 478
62 104 176
28 133 353 481 608 615 959
109 173 614 811
250 456
130 229 232 386
32 198 900
57 165 299 395 590
49 63 201 239 282 295 752 793
12 60 387 621 810 932
15 755 798
4 209
37 288 342
477 585
5 65 226 268
41 162 794
17 726
110 363 569 692
16 128 152 190 428 864
36 506
11 231 381 738
26 690
67 77 724 876 974
135 229 999
35 260 301 737 947
174 996
42 140 151 234 261 349 580 613 980
161 264 441 547
143 253
137 297
10 69 137
43 621
113 897
420 436
349 359 502
74 122 883 916
139 447
164 545
43 297 829
52 340 641 843
186 218 296 390 715
62 943
26 27 122
11 167
97 342 679 843
11 53 182 432 471 580 689 830
528 643
131 136 428 701 870
9 19 37 76 750
635 714
6 18 32 281 466 830
733 737
99 734 984
6 7 333 361 406 437 594 992 995
6 19 85 631
22 586
4 27 63 461 543
33 150
275 982
44 85 172 181 783
28 366
9 60 78 80 273 622 963
202 784
1 182 256
12 123 144 163 254 329
37 117
194 910
23 31
32 51
44 122 225 308 737
24 105 120 321 824 911
115 418
100 143 353 625 716
17 90
54 119
185 762
12 114 270
142 177 200 355 769
133 635
183 885
53 171 799 857 986 994
49 174 224 296
115 299 380 586
68 84 116 186 451 560 573
120 121 196 272 551
3 729
28 385 913
63 199 583
58 297
504 609
6 11 272 489 597 788
31 169 239 254 294
123 162 694 809
2 68 132 275 281 349 801
28 42 371
34 854
28 58 211 371 518 628 833 845
52 378 563
47 230
115 412 450 660
3 107
93 203
29 57 229 295 351
153 461 875 931
102 335 337
13 163
31 100 116 342 378 515 730 775
9 207 846
63 136 702 882
8 84 106 176
201 299 752 863
11 47 51 121 745 757
78 661 680 777
19 189 348 760
25 56 68 83 230 258
86 175 210 358 777
6 150 446
89 190
110 204
14 34 62 161 492 507 589 717 813
22 70 196 204 235 278
50 78 81 185 231 277 409 619 656
45 348 693
1 256 259 881
71 189
2 135 327 816
62 97 241 804
164 278 396
17 181 216 596 668 838 884
175 197 358 958
60 622
115 660 739
418 957
40 231 286 291 351 416 666 993
534 680
23 98 130
179 945
306 393
108 812
20 82 753
135 519 634
160 376
17 223 266 400 647 943
112 295 405
69 107 316
43 972
22 188 923
128 152
167 319
565 980
185 650
62 813
71 322
60 359 375
75 103 202 241 717 831
21 33
123 319 915
36 260 900
6 482 580
41 124 462
516 659
24 191 330
160 571
291 860
11 148 528 827
76 143 221 408 840
254 258
562 929
125 741
4 206 790
262 588 673
64 75
1 111 192 397 662 706 772 975
2 88 976
8 119 324 632
107 701
54 73 94 171 262 376 584 841 866
15 29 74 79 88 134 538
32 736
57 104 629
17 159 307
65 80
129 584
26 34
27 56 119 156 233 586 698
185 773 795
68 497
579 755
56 93 98 119 765
45 469
5 301 320
4 47 106 305 373 385 670 787 909
21 437
39 276 482 489 828
2 38 129 952
1 13 163 180 468 547 705 872
32 81 84 176 231 284 711
93 928 941
80 95 863
30 102 331 903 953
30 65 178 224 539 628 636 808 940
130 361
52 57 114 562
14 149 418 900
95 187 338 443 721 742 901
120 261
4 189 285 708
1 397
117 514
86 447
8 119 467
193 318
32 222 529 558 858
244 285 942
23 258 300 439 569 866 874
81 84 788
50 162 233
5 157 521 585 806
116 280 433
6 72 135 187 199 407 763
47 51 137 219 685
110 157 252 298 637 872
104 855
44 154 405
9 45 508
269 440 819
49 99 121 931
13 114
74 160 524 642 768 960
13 624
442 616
204 259 327 673 691 704 735 815 851
94 162
26 93 267 498
548 780
81 569
196 294 303 370 935
14 322 796
366 484 973
31 239 258 370
45 60 84 781
27 62 67 212 289 416 521 531
3 5 61 218 231 285 368 383 981
9 166 211
5 19 20 66 178
46 138
14 16 65 417
154 450 499 852 918
3 10 27 382
92 922 951
20 575
11 191 220 250 287 696 913
126 129 281
49 838 970
15 164 542 703 741 933
45 561 887
21 127 309 610 705
27 871
310 709
171 193
200 658
14 70 124 137 233 253 311
12 91 144 633
400 408 952
124 259 305 497
38 44 90 160 181 379 736 803 844
243 954
12 13 91 114 329 524 603
473 495 761
180 292
168 699 878
25 243 398 503 532 751
262 584
51 99 219
26 260 417 455 504 571 710
26 465
114 129 294 412
284 435
3 273
31 128
37 277
236 353 630
6 695 716
140 766 968
131 239 336 881
232 327
60 695
21 30
17 18 720 726
10 69
29 613
23 96
220 314 695
234 260 333
24 251 346 391 529
5 302 969
2 98 187
35 82 288 514 886
6 432 530 711
71 302 949
96 372
73 191 235 374 376 379 647
42 49 254 714
56 559
36 101 179 188 312 460
3 16 26 101 226 385 435 540
60 963
35 37 424 587
24 87
260 549
45 243 271 411 603 627 711 847
447 975
43 46 83 92 158 829
23 341 912
626 768
123 603
505 619
39 539
108 382
326 583 876
51 237
44 106 159 191 376 413 803
607 740 866
96 281
196 969
287 546
18 38 129 616 952
89 391
701 846 867
108 312
176 211 486 538
118 549
334 471 964
223 371 686 937
83 336 454 951
108 127 309 522
2 88
14 70 669
20 315 998
50 785
2 328 582 859 992
138 158
15 131 208 494 861
28 615
1 58 74
9 304 657
523 575 735
18 23 49 60 175 178 294 722
648 885 901
176 199
1 7 15 967
123 499 719
77 974
377 576
43 58 186 253 845
225 340
150 164 392 439 839
53 141 492 540 816
67 98 172 291 328 531 806
450 896
8 12 64 105 146 159 348 712 793
1 29 591 743
283 340
110 232 236 864 998
34 94 224 637 728
29 117 870
183 801
89 566 832 933
33 56 183 185 440
34 72 202 267
9 194
9 301
156 683
119 190
133 272
9 100 807
46 193 203 230
234 419
46 439 789
170 908
33 38 150 224 362 676
13 81 141 603
24 223 371 976
25 178 290
13 464 607
68 96 154 215 372 540 818 873
43 46 125 188 339 388 434
817 821
38 159 191 764
165 201
141 235 353 610 641 769 796 894
128 403
100 930
102 933
8 21 147
9 293 823
43 276 487 941
527 968
40 89 109 130 151 303 327 428 520
341 860
191 207 771 959
140 193 707 743
4 512 581
32 75 281 735
23 311 796
41 58 297 815
25 161 268
32 167 352 530
389 800
120 160 183 374 923
12 13 123 329 915
8 59
138 143
43 92 916
11 197
8 27 88 581
80 147 548 734
20 379
24 920
94 926
212 898
324 712
286 378 601 919
19 194 905
27 49 576 831 966
10 137 145 171 389 453 516 697
363 740
109 215
53 72 115 188 205 544 851 869
91 490
103 126 739
88 187 320
298 431
116 130 659
804 981
30 198 394 780
59 247 413
298 318 443
5 33 200 224 290 305 392
8 839
8 13 19 208 359 597
19 69 345
46 95 220 617
507 884
857 876 993
109 171 205 614
188 293 358 613 923 925
18 1000
29 79 192 494
102 321 393
23 553
45 70
55 104 263 529 536 657 733
40 89 128 153
17 365 685
274 405
74 451
72 104 167 435 506 557 583 664
113 791 995
37 277 354
29 168 234
20 73
144 429
39 282 316 533 556 677 808
1 122 727
7 141 469
22 44 126 129 442
15 74 140
9 68
7 74 168 495
21 52 84 125 530 565 629
80 853
280 451 873
12 507 607
639 640
186 248 350 393 604 715
157 363
9 468
3 790
10 54 152 194 219 325 930
39 69 375 557
296 762
9 388
83 158
20 65 367 368
16 33 415
139 175 274 564
224 380
1 15 134 140 397 419 520 772
19 195 257 292 474 604 645
55 572 674 776 821
30 305
40 167 355 916 968
12 13 91 180 319 429
175 253 752
110 879
2 130
94 594
69 93 101 487
111 508
11 425
24 56 161 174 288 341
97 200 342 354
606 727
81 578
138 357
56 58 240 921
35 118 511
11 24 55 167 287 340
248 313 325 748
404 807
148 841 960
313 798
13 464 749
7 786
13 70 215
26 213
528 985
10 33 36
100 186 401
343 512
76 143 221
14 22 278 299 324 373 425 556
5 142 161 290 311 368 512 525 872
79 158 220
2 59 98 236 284
30 443 928
34 64 75
50 542
133 798
306 566 837 997
85 110 113 199 598
55 57 398 448 509 855
5 82 195 677
3 677
101 179 425
221 623 738
142 177
416 637
126 214 472 596
91 207 353 624 635 649
17 89 170 255 428
16 723 747 837 898
34 60 414 987
24 26 47 87 140 155 362 873
148 537
108 227 308 758
156 352 640 773 842
4 36 53 329 636
72 467
283 298 790
18 85 700
11 477
334 643
26 146 241 264 267 589 704 728
12 144
532 541 612
2 5
47 121 503 791 943
171 193 779
331 661
47 51 121 484
12 254 726
68 213 301 404
155 408 459 827 888
786 832 880
51 116 154 313 335 427 731 878
45 245
67 426 509 713 728 871
410 578
2 94 246 375 392 510
3 36
162 462
42 168
153 687
38 522
39 40
18 359
77 174
26 34 37 944 997
386 836
1 184 222 280
295 338
7 15 42 45 122 216 348 407 479
49 58 65 401 718 746
80 147 558 802
68 491
8 118 320 477
326 704
79 256 688
53 936
3 445 453
48 202 356 441 589
60 198 621 690 894
573 972
32 765
142 165 210 279 552 666 940
287 676 732
785 879
61 371 377 924
8 26 30 110 631 696
247 719
244 497 893
75 365 696 855
19 209 820
249 345 692
11 55
196 355
229 319 525 982
51 66 340 545
35 234
120 942
97 341 904
99 614 955
48 62 97
3 101
323 479 508 520
18 66 214
2 287
9 26 146 213 797 859
356 448 483
215 261
48 62 144 202 406
112 346
31 123
12 75 337 618 904
44 720
27 202 264 365 806
251 474 723
25 268 322 564 732
111 122
2 20 384
6 158 167 347
215 402 491 751
56 174 322 730 927
36 90 135 536 904
4 283
47 166
7 881
337 964
15 694
29 83 92 95 147 158 184 220
13 55 213 273 474 475 974
31 54
2 195 415
464 632 897
83 357
195 273 415 499 687 725 786 865
4 136
35 39 132 207 346 511 612 613 939
323 591 966
23 148 549 561 724 989
113 257 361 601 633 745 837 996
64 65 593
9 11
502 833
144 249 402 519 651
35 227
232 777
74 270 478
7 251 950
147 505 644 690 987
83 720
69 708
66 367 413 782 913 920 944
1 52 136 382 490 595 846 847 988
193 205 779 925
75 78 156 381 978
24 550
34 212 264
8 28 32 78 106 241 623 654
14 16 58 76 124
17 673
3 19 86
119 164 203 396 544
41 70
59 273 894
102 116 370 421 882 890 899
194 253 293 330 891
257 410
86 204 422 458 510 620 895
24 330 470 573
20 66 177 367 463 547
60 548
18 191
1 90 192 234 618
47 86 166 175
12 43 46 95 336 850
18 48 53 85 120 171 248 411 911
6 145
92 138 336
6 47 88 248 399
38 159 675 885
149 189
19 136 350
18 266 834
14 63 169 181
67 247 595 710 717
112 235
249 266 444 522 616 953
41 602 862
95 104 258
24 515 935
102 153 822
400 960
46 92 131 850
401 736
17 184 345
77 465
38 113 183 463
31 300 903
9 14 308
115 442
3 124 201 649 830 1000
13 59 233 490
4 52 667
44 57 409
16 221
5 6 7 28 270 496 532 533 984
199 241 783
58 145
65 320
187 265 354 396 430
122 672
356 455 511
29 42 481
12 91 141 329 892
57 553
67 289
42 488
11 81 185 534 597
7 591
8 108 127 217 308 681
1 42 68 118 152 182 192
161 227 757
1 33 702
3 20 312 328 734
3 80 198
41 63 94 418 982
51 219 685
605 714
27 959
25 58 82
11 222 446
74 246 679 779 818 946
95 351 398 563
170 303 864
81 497
302 422 620
25 131
70 891
155 989
27 48 64 97 513 551 898
86 422
135 776
69 189
44 801
30 54 67 92 157 166 189 372 946
20 567
177 343
21 545
1 216 452 461 655
51 64 560
4 5 242 265 367 567
50 107 121 202 264 285 339
468 618 774
35 169 399
2 87 88 98 328 347 488
436 610 624 877
103 731
41 162 485
489 889
169 198 518 799
53 205
191 227 316 517 967
17 307 625 939
173 193
38 85 444
22 274 426
476 595 708 847 942
86 358
46 462
559 996
27 40 64 97 176 213 826
35 504
87 280 415 482 560 994
63 523 646 918
43 357
2 361
10 454 617
78 104
64 146 406 465
28 69 211 344 924
65 226 265 290 634
599 602
105 136 314
350 910
2 141 190 254 294 300 414 458
49 125 528
37 571
354 424 609
21 63
41 91 276 365 460 477 535 568 906
104 462 511 722
4 113 208 466 691 889
16 195 306 391 393
78 409 490 889
403 595
16 152
21 150 544
22 37 235 360 483 594
12 23 31 49 258 999
555 689
13 49 111 303 917
57 176 263 902 964
72 231 653
730 954
24 87 449 670 787
373 387 457 516 867
269 362 767 948
4 149 206 225 410 501
304 389
73 205 216 315 438
51 166
13 190
106 163 177 288 362 434 938
18 28 213
61 86 184 283 651 834
125 165 274 278 326 754 961 986
3 93 304
2 347
40 252 493
61 116 120
29 182 252 538 688 975
112 154 228 753 875
453 945
10 126 149 180 479 592 901 935 977
6 11 21 54 71 950 991
74 229 333 407 703 761 768 849
14 245
277 895
31 123 917
12 335 398 476
104 173 248 338 374 563 652
2 135 229
35 417 526 536 554 843 940
120 166 325
14 50 137 606
131 151 333 458
15 151 699
7 111 140 182 707
1 11 71 225 641 667
10 36 101 270 800
11 100 186 449 470 573 638 919 928
98 187
272 281
56 97 373 624 907
31 196 239
4 81 298
61 68 141 180 402 682
19 338 893
11 28 91 177 240 325 802 965
