24 142
839 872
4 244
19 101 266 315 399
320 867
201 247 490 759
30 50 60 198 264 429 527 588 673
11 81 386
1 24 170 230 813
747 771
180 848
641 752
593 890
7 113
22 37 108 620
532 705
15 16 625 786
93 171 386 927
15 45 381 659 791
88 432
19 25 36 87 222 243 652 802
25 197 745
55 495 576 604 812
39 76 353
12 106 166 396 870
126 767 969
47 128 821
25 91 186 950
305 684
2 79 160 924
148 278 350 440 513
49 66 928
83 150 154 592 642
53 280
10 121 550
106 641
3 522 956
42 43 716 884
43 650 675 775
61 194 504 576 664 824
104 314 783
214 456 859
15 82 88 146 152 961
49 301 586
41 119 241 288 619 723 737 891
100 364 448 469 692 795 835
53 278
10 79
18 370
30 72 111 176 198 375 943
13 89 139 157 165 327 525 937 989
175 222
16 119 139 852 858
23 367
238 377
20 209 921
7 72 120 414 505 860 940
38 257 447
53 134 376 384 461 720 799
74 419
22 102
21 29 65 231 434 441 493 971
348 501 503 586 715
14 63 957
10 26 40 81 160 354 640 746
95 98 216
13 82 377 708
778 801
95 130 195 208 209 420
1 581
7 79 104 574
32 144
2 21 269 394 508 535 551
2 9 31 114 127 224 245 738 975
205 592
174 617 648 891
30 50
22 29 51 62 98 777
6 22 37 51 397 424 960 987
154 740
110 215 281 317 528 784 938
116 959
78 207 688
7 58 302
77 499 661 995
11 339
1 428 967
23 85
2 87 131 135 291 556 606 855
138 277
128 195
76 590 629
46 169
18 175 222 409 640
84 576
32 562
214 471
12 126
8 48
114 145 926 955
42 128 379 430 652 778
173 788
484 558
933 948
145 187 404 508 556
108 135 451
35 232 796 882
72 192 237 344 353
8 18 343
2 114
21 128 608
30 47
83 155 163
163 354
5 94 263 323 445
28 132 152 462 523
215 301 308 600 607 624 661 962
4 70 78 113 126 233 559 587 642
161 893
28 59 681
12 460 496 739 848 969
11 147 299
12 126 253
315 464
8 794 883
493 532 705 933
22 68
5 400
3 622
139 280
86 340
36 122 204
93 186 462 885
3 28 262 340 446 472 715
48 300 357 492 530 924 968
65 73 469 483 499 846 933
3 20 98 545 558 585 613
604 889
3 793
38 52 197
41 57 82 118 241 288 341 526
24 99 252 497 578
56 102 129
184 656
250 253 259 279 344 517 545 882
169 972
164 172 242 263 287 324 829 898
84 853
55 110 938
248 555
28 724
19 33 130 209 293 342 474 598
79 163
12 122 250 707
645 794 957
36 60 69 102 249
41 139 296
532 644
55 194 736
183 321 832
7 25 35 395 494 953
331 611
20 46 130 209 634
5 109 663
4 33
9 219
31 149 433 911
80 83 408 469 979 986
179 730 831 851
548 926
36 69 204 489
60 64 198 264 621
90 206
10 26 39 65 80 380 872
417 461
5 292
41 174 541 866 876
167 270
64 588
37 69 432 850 921
17 54 119 389 553
168 262
176 316
117 172 292 300
903 990
57 380 422 873 996
88 152 221
909 977
384 560
84 185 295 297 398 703 886
45 488
117 999
238 358 595
16 74 340 671 880
7 58 140
70 91 453
6 22
39 226
38 360
485 521
3 104
6 135 623
101 306
80 692
39 271
44 177 373 696 939
637 670
173 222
21 331
176 239 555
100 250 253 954 969
285 365
179 876
497 514 722
6 116 177 334 706 939
29 80 299 315
40 160 878
364 483 507 771
21 87 193 775
19 20 293
200 362 534 539
748 763
3 271 285 484 613 970
82 329 341 349 358 466 563
27 43
236 299 506 644 696 994
308 910
571 844
77 348
200 202 219 757 838
11 223 271 310 316 591 633
342 539
11 176 273 274 284 536 859 904
218 297
114 606 897
49 928
12 100 122 250 679 748
85 367
38 52 215
21 87 548 556 826
120 133 773
17 84 249
191 843
19 37 410 778
105 379 714
32 44 45 133 326 660 950
3 545
54 72 80 188 192 272
10 104 355
5 43 120 323 518 609 862
116 502 669
37 49 481 726 779 804 962
10 79 516 746 820 847
3 20 46 749 802 883 916
16 57 74 86 105 112 190 530 990
14 923
8 109 382 450
309 328
15 92 252 477
457 688
24 332
158 423
22 161 976
18 326
17 72
95 228 275 345 444 597
79 516
53 318 720
22 51 424 902
1 89
171 186 821 827
51 56 123 397 429 443 612
280 560
8 35 78 191
25 78 809
12 116 180 303 337 391
296 892
185 338
43 124
43 675
50 60 479
2 21 331 551
100 122 639
22 123 893 999
81 136 159 365 982
11 39 107 158 205 353 384 591 856
552 582
29 34 80 138 362 437 459
133 214 540 784
88 561
7 70 372 562 587 617 730 731
66 909
162 172 823
101 119 699 986
412 732
2 48 131 371 750
32 120 258 356
7 387
55 61 143 157 576 812 978
60 210 729
28 842
21 738
38 480
71 113 213
5 115 236
64 405
136 221 658 847
58 68 450 624
5 636
114 357
53 404 513
13 17 54 596 899
132 495
145 897
116 185 572
59 312 681
7 154 582 610
1 142 230 246 388 555 578 721 894
102 305
244 474
97 381 711
60 673
40 768
1 146 170 188 580 937
47 82 124 139 288 553
48 87 193 418 433 442 787 934
44 435
68 136
6 410
18 211
82 678 929
360 998
27 42
20 33 212 267 749
5 765
258 836
158 525 541 637
29 34 100 219 320 757
71 162
10 159 693 945
20 38
72 76 192 728 870
337 665 874
7 83 182 435
25 68 140 387 407 505 520 573
299 306 605
11 39 76 466 702
417 436
114 615
66 77 138 308
243 255 458
11 31 69 161 833 837
73 101 631 692
272 306 499 940
73 216 816
4 64 881
13 41 61 82 118 124 146 628 649
117 976
150 153
144 200 325 929
9 23 31
2 26 404 557 834
4 9 31 244
24 252
390 930
90 234 281
2 175
99 165
5 141 242 930
8 20 67 610 651 666
24 35 54 92 100 251 279
42 47 140 151 157
2 611
63 182
19 97 201 210 408 868
13 21 202
268 286 801
80 311 979
88 152
3 605 613
75 680
125 424
3 207 457 956
44 791
10 16 45 57 92 229 345 467 516
3 437 558 965
49 277
1 167 411
10 405 839
28 446 462 753
25 443 548
39 88 192 223
57 645
208 471 580
733 776
62 108
181 227 482
185 338 939 959
50 757
280 648
37 163 369
84 345
16 26 86
161 805
24 208 347 372 564 639
225 467
2 15 45 52 257 359 360 500
7 64 71 179 213
47 111
6 62 102 352 719 753 905
20 59
855 905
134 202 251 399
134 461
26 159 500 946
87 750
53 108 350 384
30 142 232 514
8 840
3 545 594 623 956
142 325 534 873
2 21 346 535 661 826
15 17 25 176 466 766 843
1 34
27 685
8 176 602 983
11 589 629
13 61 157 603
15 97 827
9 115 189 298
65 231
49 362
23 941
365 580
310 907
4 36 128 274 579 677 754
73 282 524 585 816
125 410
160 178
1 106
24 335 399 722
19 20 33 46 212 265 456 634 780
243 591
53 997
29 585 835
6 48 76 117 129 357 368 717 837
213 443 527
378 507
52 215
44 950
59 268 724
67 90 234 376
33 293
344 748
14 36 63
109 324 414 572 864 895 1000
273 602 963
134 188
162 304
103 294
1 496 662
223 466
76 836 927
32 68 78 156 304 942
80 465 498 653
13 152 221 438 525
190 214
38 52 502 511 600 630 646
35 710 913
51 197
121 284
20 130 539 606
374 402 925
3 558
416 755
84 504 889
53 77 280 804 935
102 360 465 734
693 945
78 505 626
20 33 130 972
84 194 736
19 819
204 537 980
2 245
30 50 674
131 184
13 75 119
193 291 551 787 844
178 557
297 668
25 156 919
8 30
206 638
90 258 638
178 355 369 519 574
52 257 669
174 329
10 12 126 180 388 460 517 739 761
15 86 120 156 191 375 552 975
13 137 243 478 788
263 895
5 164 445
27 762
319 389 903 952
30 96
487 509
259 391
94 549 636
31 227
128 195 246
792 811 984
14 156 683
33 195
45 118 254 654 880
50 168
216 464 912
30 228 318 515
124 286 334
254 532
45 97 419 488
33 290 342
34 607
167 208
7 53 150 412 560 849
18 643
31 228 275 456 528
32 256 549 851
486 595
106 246 283 428 439 641
60 943
34 873
8 236 421 477
1 43 170 388 403 580 682 788 932
279 452
40 178 284 314 352 492 557 894
7 44 113 182 289 536 701
239 285 343 567
234 845
52 154 981
52 309
12 337 398
94 164 829
14 260
80 147 216 378 483 631 971
15 858
137 222
5 323 751 959
4 156 901
7 265 289 568
1 997
102 135 273
109 153
8 109
73 247 511 699 918
554 790 982 988
1 230 235 388 422 504 914 967
28 60 921
13 107 158 180 952
47 75 85 244 267 358 881
6 108 115 451 719
781 842
232 235 276 290 399 565 818
15 86
259 707 848
95 111 852
224 865
183 510
287 324 390 800 961
35 45 190 711 830
67 109
79 81 354 405
51 220
487 973
3 11 17 623
540 902
29 98
29 101 912
69 485 543
123 316 864
11 205 815 821 879
2 102 157 220 341 575
5 287
19 780
234 258
2 508
59 149
68 564 987
176 503 605 657 936
527 583
22 309 476 478
134 528
195 651
9 760
4 42 151 925
103 368 866
227 487 723 814 954
25 141 156 292 427
96 140 832
445 727
38 275 669
340 654
14 260 682 687 700 932
28 383
116 177
2 113 131 143
97 475
19 169
9 41 75 99 486 637
270 272 514 608 871
27 991
17 39 93 237 729
65 141 147 424 434
215 360 512 614 704 998
12 396
84 203 337 392 460 496 767 781
278 799
18 64 161 370 857 896
68 387
47 486
281 318
2 114 454 535
131 614
51 93 205 271 454 463 480 511 927
187 346
262 479
252 282 283 347
6 410 717 803 899 974
9 23 460 472 482 797
243 770
121 501 592 733 792
8 621
123 201 216 236 385 408 585 699 916
411 762
361 828
114 131 145 473
73 434
420 883
11 26 81 160 519 872
31 125 181 393 418 934
401 784
234 252 518 647
11 658 936 947
59 523
795 974
96 146 282 286 320 364 469
72 890
17 93 121 205 271 313 496 529 554
44 740
90 240
9 149 926
4 29 533 747
96 241
88 178 192 221 285 879 908
453 559
163 369
352 481
170 361 363 894
14 63 136 529
20 33 93 169 209
5 359
23 115
175 255 627 744 859
59 187 193 269 675 993
12 100 264 392
5 101 242 400 631
61 203 215 268 377 733
46 333 622
1 37 99 142 372 752
172 635 703 866
54 129 176 273 294 498
75 603
27 43 944
65 104 272
465 584
13 82 111
37 47 48 145 336 377 451 575 598
130 958
305 336
48 245 571
229 329
165 565 570
4 10 562
196 789
47 174
43 144
15 95 105
85 259 531 822
32 569 964
104 261 307 768
16 57 92 131 475 858
325 534
54 171 776
16 112
266 750 817
69 137 147 204 265 712
33 92 153 290 494
260 923
27 43 136 151 295 402 430 447 650
68 258 647
85 463 600 822 918
90 121 186 237
75 329 523
2 48 269
526 595
71 113
9 202
36 110 214 228 317 441
239 257 744 810
56 382 490 538
38 54 158 177 310 423 463 672 713
134 540
1 4
19 123 342 780 809 963
13 119
154 179
9 16 149 181 185 227 915
161 824 853
97 105
1 11
601 755
40 51 809
18 173 334 617 758
37 598
33 98 212
359 512
406 980
12 118 344 383 665
4 531
28 59 357 462
175 255
183 436
90 110 502 518
12 259 298 383 487
16 105 371
491 994
203 396 452 509 632 707 965
28 164 282 311 448
27 29 43 315 649
2 317
22 125 211 451 476
73 231 306 364 378
6 294 307 714 839 905
47 96 139 334 670 708
9 181
681 885
50 64 210
50 144 376
85 244
14 806
72 229 887
126 882
45 232 467 818
667 941
2 224 312
10 51 355
281 609
66 155 277 935
239 285
17 66 118 277 501 804
69 173
58 499 948
203 279
19 80 212 579
9 46 189
63 949
32 199 233 265
29 80 247 594
2 131
129 187 863
143 394
41 42 455
8 72
36 69 741
58 134 450
190 677
207 491 581 811
38 309 368
24 99 169
56 123 490 930
140 304 731
94 829
453 773
161 378 594
55 84 604 734
74 791
151 444 608
67 382 428 949
16 45
28 59
74 92 97 112
25 63 68 113 150 289 414
17 42 115 171 284 758 907
27 42 374
2 127 193 224 269 442 948
32 59 875
44 58 71 162
4 61 680
416 421 427
57 260
116 177 764
198 262 403 583 971
321 566
34 910
3 55 655
20 235 492
86 95
153 524 771 979
131 143 145 357 373 599 817 865 869
135 620 691
4 151 230 395 474 533 747
3 255 261 738
14 63 73 289
108 220
307 422
15 36 249 255
33 169
36 86 91 225 249 406 488 996
183 444 571 611 725
1 105 165 166 228
376 513
391 652
18 72 208 828
93 890
179 387
160 163
14 122 250
141 401
21 187 725 919
13 670
24 248 495 853
180 396
13 174 254 649
65 231 266 846
32 356
26 81
241 737
14 782
528 597 808
137 183 347 366 421 566
192 339
249 458 694 805
36 274 409 458 805
263 806 898
643 833
20 28 61 206 622 625 845 958
53 619
39 240 713
489 614
12 117 807
142 236 252 335 464
13 96
75 124 139 546 553
94 263
81 163 783
382 477
23 217 367 433 601
3 522
15 26 34 65 98 111 201 493 782
108 135
253 396
93 226
218 457
45 57
18 335
34 40 516 768
6 103 273 800 960
22 99 103 142 220 498 777
22 37 247 273
76 136 237 319 589
127 269
321 327 417
46 293 505
44 302
28 398 706
12 29 155 299 483 782
2 87 993
1 16 35 95 234 488
34 219 301 715
141 164 165 238 898
4 85 569 983
11 17 32 39 76 316
36 69 137 175 243 409 458
8 153
137 274 543 786
370 640 702
24 61 117 157 833
21 270
13 82
7 254 407
205 743
58 83 103
89 166 363 828
11 686
437 793
59 145 454
207 581 653 697
26 697
668 798
34 319 386
15 740
14 68 330 687
23 25 29 62 127 298 336
103 961
20 34 348 651 962
275 345 515
10 355 616 847
3 380
158 271
40 65 102 336 351 719
8 288 521 786
160 549 931
152 544
333 916
64 754
168 583 754 970
30 64 168 198 256 673
18 370 789 922 966
110 638
30 694
231 254
15 35
44 470 800
166 332 834 854
23 165 372 947
91 113 302 407 536 562 564 618 731
180 509
226 843 920
96 426 755
15 35 105 818
27 206 276 402 716 929
49 138 202 362 861 935
1 295
22 63 330 687 700
8 52 164 502 646 684 689
9 48 184 217 367 433 529
672 820 862 931 946 968
57 381 756
106 347 372 660
31 115 181
72 774
4 15 16 35 74 267 563
12 61 75 119 431 917
41 165 189 446 885 911
8 244 533
193 317
56 305 368 850
709 932 997
122 183 510 679
16 92 145 475
133 547 906
221 285
386 423
10 141 380 895 931
280 951
4 189 267
6 397
172 832 857
479 583 654 659
107 171 191
14 29 272 796
256 414
351 575
87 143 291 826
1 48 89 106 188 363 722
41 94 107 229 296
29 147 986
62 241 490 538 790
270 283 428 439
42 276 449 807 884
75 118 268 349
25 70 78
16 888
15 16 35 190 225 563
7 25 130 213 520 615 626 776 955
19 169 209
50 527
227 760
215 229 918
67 602
23 31 189 398
32 626
147 408
6 321 566 985
224 924
193 841 975
14 98
18 211 287 1000
196 966
67 700
159 459
12 259
5 14 63 90 413 845
65 236
187 302 427 635 964
385 624
6 484 914
32 38 91 167 170 235 427
10 148 180 322 421
277 909
5 40 42 206 354 718
110 175 401 770
14 104 314 550
92 120 225 888
50 73 155
62 397
189 934
28 60 210
32 44 68 701 919
21 145 154 331
15 24 45 74 92 105 167
148 627
38 52
89 237 578
67 90 477
24 99 167 332 565 570 813
76 389 922
30 60 264 375 526 588
365 570
23 26 40 81 178 261 519 616 672
2 114 122 383 391 662 665
6 149 181
230 251 382 840
95 371
51 56 538
150 703
65 705
29 201 247
152 438 586
202 348 459 838
13 41 118 288 296 325 354 400 506
148 173
62 125 197 415 457 581
149 153 676 1000
102 248 584 684
8 221
66 77 208
7 99 497
148 204
16 36 122 452 632 954
13 129 769
77 138
1 37 188 251
82 139 297 537 891
125 179 481
373 869
55 498 575
85 213
7 70
10 314
17 30 93 136 192 226 324 628
49 81 671 711 990
94 390 400 679
11 36 137 226 589 735
1 24 102 166 167 232 411 834
599 761 814 973
133 618
10 26 261
105 422 982
184 875
10 12 26 597
166 363
4 174 267 691 953
7 70 71 256
578 779
15 16
32 154 162 170 538 569 911
37 220 717
47 124 343 603
3 522 697
54 127 394 404 551
40 81
39 84 655 664 736
127 143 245 346 444
5 323
222 712
26 530
4 85
27 151
116 706
3 163 178 405 616 878 900
432 521 741 904
61 772
6 51 170 335 476 481 734 863
114 224 865
146 541
5 11 18
1 850
96 111 229 634
17 28
58 78 209 289 569 577
374 807
146 238
32 156 182 371 765 831
412 440 822
3 34 160 194 459 856 860
76 328 572
37 125
23 482 570
4 881
134 366 510
5 338 886
32 91 113 140 356 759 900 902
656 993
58 68 91
124 200 449
54 97 158 319 677 877
18 34 49 138 219 320 419 910
8 211
228 275
200 503
52 480
16 57
14 957
96 349 468 852
87 346
5 31 824
89 246 313
694 978
14 70 140 403 914
55 99 106 639 721 806
11 54
181 328 447 511 630
6 16 135 144
79 177 185
39 907
142 180 188 306 315 796
395 430
293 333
26 159
13 39 72 157 223 389 431 554
23 298 418
168 486 937
45 74 830
9 115
10 820
46 171
63 330
164 242 785
24 307 369
37 51 56 62 220 305 468 831
152 567 989
14 313 610
67 109 698 840 991
18 789
14 66 794 923 945
147 507
50 150 240 557 896
58 86 304 582
13 431 541 667
11 589
3 73
73 101 147 266 282 493 594 940
48 300
58 101 213 393 435
89 871
8 44 109 169 217 379 983
2 127 442
19 20 212
55 664
13 39 174 199 241 887
358 378 553 772
67 107 554 743
24 709
13 41 61 680 758 917 941
44 162
335 871
6 95 100 112 123 728 888
46 310 550 633
41 47 124 254 296 349 678 992
149 238 596
67 109 153 698 779
104 314 519
1 510
376 389 440 595 732
11 284 590 947
25 71 179 233 742 987
18 196 211
28 59 132 194 774
64 262
7 71 154 520 577 730
295 297
139 218 491 984
88 159 343 744
31 217
43 944
81 862
10 407 547 632 874
41 47 103 296 327 328 426
366 417 461 985
35 86 89 190 268 530
17 55 76 107 186 284 743
644 735
7 24 138 165 313 854
242 390
19 212
34 66 77 202 320 607 861
48 373 548 775 787 955
35 45
116 295 666 696
29 31 73 98 441
26 307
42 161 239 464 561 944
40 178
10 26
116 398
27 276 374
25 587
109 283
117 976 999
3 60 842 943
9 143 184 300
118 119 596 619
9 22 189 406 915
27 105 313 561 682
266 908
17 590 593 686
27 89 251 751
5 263
49 101 201 266 311 506 769 912
218 792 984
44 120 173 332 473 759 942
65 101 216 441 506 735
98 434
9 21 535
1 166 361 440 967
46 379 742 749
216 295 338 666 875
17 54 69
88 769
4 46 330 531
45 61 112
14 63 270
197 294
21 571
5 41 287 676
66 534
159 261
59 260
205 278 412 727
6 835
45 322 339 471
76 171 186 191 223 592
42 43 767 925
110 275 515
3 282
2 7 143 184 442 494
560 951
17 39 82 199 240 591 633 964
39 54 85 199 223 301
144 151 341 455 716 978 991
5 53 141 287 720 765 785 904 951
194 504
44 356
134 436 899
46 128 539
25 70 561
10 574 584
25 48 83 172
53 278 732
366 985
26 40 70 120 574 823
475 542 714
33 48 87 454
49 77
206 518
6 9 22 62 88 289 712
14 19 44 128
196 695
54 952
46 379
22 612
67 508
148 876
55 812
4 474 531
278 384 799 841
60 198
339 683
218 415
484 522 793
19 836
52 70 78 182 328
20 998
240 856
248 283 709
138 995
57 467
9 31
31 90 358 413 647
29 98 448
34 861
58 71 140 233
91 113 133 326 470 573 844
5 9 55 323 426 713
22 70 91 431 547 573
8 658
38 112 425 480 512
9 35 57 97 225 322
36 52 137 148 286 432 627 741 810
88 438 567 678 973
35 322 849
374 455
272 364
50 168 210
43 500
6 51 62 63 123 351
124 288 413
11 75 240
1 53 99 106 439
140 156 292
7 172 179
177 668 764
9 19 20 23 33 420 476 482
533 901
79 355 445 485 783 878
75 96 329
162 470
71 150
718 884
30 33 46 130 375 567 869
7 71 91 246 573 813
12 17 100
40 586 838
53 549 648 727
11 136
9 23 31 311 524 728
129 825 913
249 409 489
42 449 893
3 101
13 47 157
683 877
208 439 762
10 40 261
12 472 517 867
59 132 523
207 688
207 491
10 12 26 79 380
19 126 290 333 430
33 64 78 83 171 386 621
49 77 103 367 620 825
48 331 473
55 84
3 83 437 568 781
66 155 552
265 906
253 653 795
30 168 264
35 86 214 340 356 411 900 906
321 366 463 478 612
79 117 151 650
38 381 988
94 292
50 588
1 248 347 361 399
27 246
14 21 63 346 542
210 429
350 513
334 546 946
52 447 702
1 5 164 188 292 636 689
28 312
23 686 846
83 552 601
126 509 965
183 203 517
343 438 810
127 197 897
544 710
110 214 456 540 808
8 698
4 257 267
11 17
468 676
9 227
18 132 199 211 446 695 766
36 112 173 371 537 756 830
10 104
19 20 579 868
352 855 963
121 310
91 450
93 191
75 327 341
40 159
20 195 579 915
56 77 503
6 125 245
103 584
12 126 392 452
100 392 662
111 286
12 870
4 415
20 868 972
304 326 393 547
253 265 383
23 149
106 166
148 543
2 21 187 394 556
100 279
147 448 746
198 247 375 429
94 400 663
18 196 370 896
385 425 685 704
2 30 38 86 291 391 659 817
89 106 270
12 279 303
350 841 849
21 55 655 992
107 136
94 689
4 13 43 66 111 112 146 286
37 803
196 211
3 219 816
34 148 326
41 525
110 770
56 62
359 385 704
56 123 129 135
1 24 230 283 332 403 514 555
74 97 190 542
256 302 470 494 564
6 31 37 108 111 977
308 325 690
49 77 155
7 27 233 276 507
25 78 133 393 416
4 47 268 526 723 953
107 199 593
99 492
4 27 85 110 144 274 395
112 225
276 449 718
69 204 274 485 521 537
70 590 860 877
38 500 512 811
15 671 756 790
28 80 231
150 213 520 981
68 172
32 58 70 618
22 37 125 348 691
117 146 353 693 772 887
15 16 419
17 237
50 144 455
250 303
226 657 815 920
61 495 889 992
51 745
26 83 393 536 546 559 851 901
206 413 609 819 837
30 98 201
56 129 397 563 827
83 642
197 436
57 74
25 133 577 587 773
162 981
7 185 233
6 56 294 352 708
54 158
92 95 97 544 880 996
115 298
363 365 660
6 51
36 69 182 256 635
56 71 336
170 195 232 802
40 79 104 342 369 420 968
78 674 823
19 801
8 67
11 33 54 239 815 936
175 980
294 874 938
49 167 690
90 258 819
61 146 291 327 908
24 251
21 87 127
13 238 426
23 94 115 217 760
6 56 142 351 565
291 312
93 107 339
9 31 62 115 217 797
53 82 96 453 989
257 301 478 630 690 726
2 21 49 245 473 615 745 761 886
132 543 753 774
6 16 57 74 103 322 381 542
92 625
132 281 317 345
66 69 111 155 277 406 472 726 995
117 212 415 646 994
74 203 303 392 739 763 913
108 351 368
318 515
14 138 359 501 645 928 949
143 599 863
24 235 248 361 497 751 854
66 977
401 808
60 64 210 970
122 203 303 344 814
19 42 290 958
141 390
47 174 309 349
132 312
338 798
8 130 798
46 129 825
18 26
62 710 974
308 544
18 489 857 892 917
566 721 752
121 128 290 293 333
155 200 319
121 191 199 593 629 920
173 204 255 350
60 479
52 425 568
15 17 64 71 112 168 262 766
5 242 324 663
141 281 318
21 22 48 373 724
8 27 42 153 582 797
46 121 353 657 742 763 864
21 235
12 337
17 18 23 196 316
119 377
135 643 960
132 260
200 362
23 58 416 568 674 942
546 892
387 425 685 701
18 27 42 43 144 395 402 966
23 177 418 572
108 803
8 67 695
628 737
5 385
41 118
137 300 443 656 725 764
1 30 50 264
65 77 311 524
107 186 729
22 777
16 182 471 903 988
55 194
34 133 184 269 394
468 667
24 89 388
14 81 330 550
529 879
423 785 922
559 577
207 218 867
35 95 465
120 435
