42 276 561 929
67 88 169 548
8 55
77 374 395 718
13 327
23 217
117 513 833 849
28 388
12 15 34 98 134 142 360 796 936
35 78
135 273
410 653
34 68 78 536 900
593 890
110 245 444
6 123
25 213 289
145 246 324 474 476 572 639 686 869
48 757 861
2 6 185 462 719
519 931
153 698
31 55 71 231 393 576 992
142 492
23 50 220
26 40 104 380 405 868
17 66 128 280 940
45 74 86 92 95 192 271 562 756
21 114 193 245 269 394 535 611
497 638 708
73 234 777 914 919 982
93 176
319 382 633
1 44 162 179 246 265 759 906
340 502
15 190
49 66 138 427 781
134 566
4 328 470 801
50 198 239
21 51 122 126 303 608 679 707 761
78 120 569
281 317 515 526 599
9 154 416 564
12 122 126 149 256 392
11 423 529
125 717
3 956
71 302
221 343
53 278
21 183
175 222
63 260
210 362 825
112 152 285
44 552
59 921 923
211 817 832
80 201
44 58 71
36 161 436
7 292
32 120 435 919
29 80 231 266
5 34 56 96 348 521 534 571 995
14 15 794
275 528
6 22 28 125 776 866 974
135 585 771 948
61 174 196 200 229 296 688 772 804
18 44 78 91 470
19 20 475 827
35 45 112
19 67 292 325 602 639
508 897
13 174 329 344 462 619 637 892
1 53
558 956
157 193 373 443 444
342 579
32 143 248 317
8 894
12 14 138 371
356 773
133 156 304
7 25 154
6 476 777
27 56 696 904
10 40
35 74
61 334 358 891
474 531
42 48 62 63 192 622 674
58 176 199 466
7 113 289
600 918
97 312 408
30 50 76 168 325
47 131 139 146 193 424 775
86 179
2 277 301 501 560
169 333
33 865 916
24 101 173 230 485
161 693 730
23 32 227 845
13 75
89 150 188 248 287
894 914
161 380
4 264
613 623
19 33 46 74 128 130 290 411
462 523 885
83 223 998
117 382 385 395 399 625
6 56
122 253 452 814 874
28 196 279 339 448 473 541 920
42 43 449
31 915
54 72 93 121 191 192 633 936 990
136 154 465 495
19 290
19 20
18 640
218 811
19 57 195 212 290 801 883
124 263 407 438 575 904
19 112 113 128 132 191 224 267 939
42 264
45 57 74 419 711 777
629 862
480 938
100 231 250 259 761 874 973
277 459
54 455
32 453 714
8 64 984
3 538 805
166 232 363
9 32 270 748
71 268 367 650
43 300 525 826 844
46 386 676
94 141 380 440 676
177 959
88 139
8 382
271 743
34 77
21 345 497
221 769
44 311
74 279 381 383 385 542 677 710
107 124 349 755
30 358 454
48 57 315 371
19 20 33 46 169 917
28 110
38 257 338
213 520
284 319
70 150 302
413 518
194 889
55 84 604
53 513
44 59 61 137 168 234 573 585
116 213 288 388 549
42 58 130
5 706
97 112
13 541 708 852
59 166 167
44 46 74 326 342 505
1 5 67 861 930
65 231 247 644
175 864
552 559 987
15 544
10 104 307 369
113 674
1 248 372 403
170 752
397 455 991
106 116 232 361 607 639 660 779
185 297
5 203
417 461
33 234 651
6 19 108 576
228 318
13 617 670 887
407 682 751
893 976
1 7 20 73 176 456 847
3 67 545 632 980
153 382 539
10 198
6 170
13 139 288
64 295 527
21 104 865 875
117 999
20 52 478
432 537
3 126 164 964
12 239 337
365 555 932
12 61 279
13 74 156 180 417 698 915
29 73 114 218 243 266 692 705
1 5 141 323 363 400 854 878
50 64 78 210 262 438
201 316 743
34 237 586 910
93 175 957
29 46 147
326 618
88 221 567 769
18 695
20 46 130 191 579
386 658 681
7 23 326 379 573 768
252 660
115 226 760
8 52 53 185 254 333 668
48 571
148 537 872
47 218 581
7 162 172 233 256 571 725
10 14 39 733 750 849 975
47 157 229 238 603
459 838
3 522 545 558
39 158 205 591
49 202 253 277 457 490 501 588 670
43 55 168 522 597 809
147 464 782
4 244 806 901
86 903
4 251 269
66 866 962
100 132 250 337
54 62 195 494 561
75 431 685
483 912
9 58 108 340 391 468
43 402 572
742 958
86 589
169 212 293
138 341 347 741
26 84 174 834
63 292 330
27 43
8 11 61 377 477
29 72 273 306 441
158 209
224 443 924
261 694 758
208 235 363 439
19 379
26 94 148
250 378
5 689
403 536
138 909
119 543 723 978
207 581
18 37 75 272 370
32 256 265
113 246
82 84 103 442
165 263 287 895
280 412 648 720 732 841
271 389
535 750 844 993
116 295
58 703
2 346
291 540 923
14 164 687 923
18 79 946
202 928
309 359
17 57
2 48 54 338 660
4 853 992
457 688
41 75
479 673
28 150
20 46 130 868 972
254 486
9 137 181 298
1 99 156 385 439 555 967
63 794
29 41
13 174 525
1 335
22 86 96 199 202
78 88 810
49 202 301 909
117 384 976
240 467
4 648
27 315 508
227 346 750
223 729 952 984
208 246 270
295 379 420
65 98
34 241 694
34 301 459 501 995
4 267
345 456
20 129 298 354 357 855 912
3 98 169 218 437 842
16 145 155 863 972
25 91 113 427 906
25 337 677 826
34 111 200 591 830
15 16 92 112 190 714
70 91 117 133 186
87 473
4 85 447 577 605 630 634
25 82 740
23 29 31 115 227
10 26 40 79 178
5 58 72 88 446 464 555
10 11 32 60 78 488 964
105 304 563
4 6 85 95 531
10 196
207 218 457
163 968
104 932
98 272 469 493 499 774
16 111
349 526
51 461 626 685 968
123 391
19 958
84 504
160 314 350 465 746
19 195
31 222
6 16 48 305 684
30 375 429 583 588
9 217 911
64 640
25 311 722
15 29 35 73 315 482 499 579
89 166 347 408 514 967
4 804 822 881
141 287
1 171
304 730
15 488
23 191 283 386 836 859
292 603
62 424
32 64 89 182 666 731
12 22 180
69 173 969
1 24 133
233 530 739
6 622 749
18 211
121 485
162 222 393
151 807
1 721
275 318
27 42
251 280
283 497
13 81 96 268 524
7 68
4 886 932 939 953
4 36 85 904
24 63 68
2 291
162 523
268 553
10 632
145 442
306 594
76 117 301 321 744 754 897 959
14 141 225 390
82 118
578 871
4 85 244
134 183 366 417 985
29 328 425
56 125
17 107 226
25 68 172 182 520 577 755
452 739
2 61 207 284 965
13 174
47 286
675 944
422 803 878
44 393
115 812
6 13 47 213 274 290 406 658 795
15 35 57 97 253 281 988 990
2 179 427
36 70 87 172 842
4 85 350 951
416 547 559 568
57 340
233 562 773
491 898
1 54 273
28 145 148 312 409
318 620
152 654 791
10 24 86 160 332 354 555 862
14 100 122 180 383 396 954
62 410
14 63 687
293 742
88 438
202 320
15 381 442 791 830 913
251 335 514 815
90 99 206 234
246 428 834
472 517
152 285 744 843
10 12 171 326 762
5 21
140 239
127 184 300
19 370 832 896
38 149 186 556 961
29 787 933
154 204 489 788
18 342
46 209
67 254
387 720 727
2 21 25
66 724
13 377
124 525
9 23 413
37 351
10 163 783
12 180 279
474 533 974
150 162 302 587
88 343 783
12 34 137 253
207 415
12 70 79 100 229 693
26 369
2 224
50 493 621
126 251
304 587
19 33 82 119 262 941
4 17 39 121 389
12 391 767
18 118
8 840
837 945
13 41 426
257 600 704
6 22 37 612 734
61 667
71 179
15 16 86 97 105
9 20 31 277
173 741
234 448 718
121 199 595
80 236
64 166 252 760
81 314 641 839
8 23 860
160 178
440 857
373 997
397 538 691 719
104 155
216 507 908
30 168 210
2 535
36 148
3 40
235 411
60 168 278 673
550 614 731 987
90 702 720 937
125 273
149 275
69 71
143 606
110 153 382 540 784 983
33 36 47 425 789
416 755
41 79 160 307
175 204 258
22 159 593
182 338
31 486 567 989
100 131 275 290 342 868
3 90 206 426 819
17 72 107 191
38 511
152 437 501 821
216 448
30 375
16 64
3 613 684
15 34
55 664 927 985
10 104 128 557
28 45 165 187 219 576 945
111 139 595
93 284
206 638
127 272 357 738
50 60
46 208 264 512
131 909
137 421 788
14 24 125 206 495
80 574 749
13 37 47 68 123 351
1 128 396 613 728 835
56 615 682
51 102 123 352
8 109 983
77 78 127 129 170 317 714 944
9 19 92 147 451 725
55 604
203 511 592
203 867
50 168
9 900
4 26
100 119 303 748
22 51 407
49 77 328 488 757 935
9 149 490
205 629 683
7 470
11 76 554
69 432
8 21 652
16 45 225 818
12 71 117 181 188 426 787 902 907
37 108 220 435 481 575
45 133 181 367
17 69 173 204 249 255 521
242 323
178 380
17 171 205 386 845
38 52 209 275 669 918
309 624
6 26 891 975
48 131 924
23 376 440
45 769
194 655
413 819 836
362 424
445 537 717
144 226 401 472
81 285
11 176
920 947
368 879
22 129
104 527
51 129 620 840
39 680
30 50 262 479 678 943
90 609
26 143 508 843 968
44 78 140 356 866 950
22 809
49 54 85 136 310 362 503
249 406
161 583 693 754
721 832
20 330
3 34 155 159
293 420 916
94 469
14 173 260 330 372
300 473 549
32 41 150 182 876
258 609
592 728
456 770
35 86 99 225 237 280 654 913
88 152 404 804 863
13 33 44 110 463 594 730 901 948
27 284
47 146 157 236 288
39 360
10 81 616 820 872
281 317 482 540 883 980
89 263
187 377 890
711 988
6 51 102 301 336
421 673
13 75 96 937
18 196
56 103 803
22 56 273 410
245 993
11 14 37 65 102 282 514
460 487
54 339
116 177
337 763
207 243
589 590
1 313 341 986
27 991
53 278 440 648
16 17 24 49 271 568 595
184 437
366 676
222 805
4 9 19 266
30 527 559
165 313 612
16 92 225 467 485 625 659
7 32
51 308 782
3 484
114 143 946
682 997
73 98 141 532 645 888 912
280 376
350 875
3 329
75 96
65 299 311 448 692 699 716
8 411
72 776
327 772
109 602
147 447 846
142 230 270 894
300 419
55 68 740 831 950
6 135 538 795
653 908
186 240
5 242 318 821 829 898 1000
15 38 199 293 303
25 851
9 357
146 238 241 254 628
39 76 93 171 237 320 466 588
45 93 95 322 502
49 487 893
61 82 758
7 70 564 642
8 21 87 109 480
68 215 324 361 479 583
197 336
323 428 489 705
17 32 59 350
9 112 115 181 217 322 433 765
197 418 837
128 288 802
36 69 255 414 786
7 55 178 579 697
17 54 72 358 629 686
580 671
29 101 147
76 107 121 860
47 118 254 268 296 486 546 678 699
2 269 291 373 599 926
42 53 97 608
215 447 480
131 187
9 14 362 977
117 161
45 50 57 105
100 203 279 383 509 606
491 963 984
177 694
112 340 371 858
120 245 786
33 142 355 515 783 784 829
65 216 236
4 86 504
11 39 59 136 238 523 633 907
43 125 157 628
5 200
16 858
5 292 895
62 397 584
10 405 847
12 517
749 802
49 819
18 64 857
30 38 52 80 97 560
12 66
74 92 381
21 48 373 428
28 132
434 735 871
101 299
65 200 219 690 873 910
34 552
145 548
329 377
37 135 336 476 512 809
352 963
378 434
46 212
52 502 511
52 359 480 669
46 57 83 322 347 370 816 934
22 30 60 583
87 267
1 7 56 102 103 113 240 876
332 601
15 16 22 105 335 790 891
183 366
62 476
9 23 43 115
1 89 270 580 854
50 64
188 283 656
380 564 791 824
106 372
18 214 286
118 546 649
8 113 195 565 840
77 190 471 790
134 366 566
70 116 140 295 569 696
18 111
24 235 565
21 269 897
47 177 431 596
101 363
28 73 518
2 261 331 886 899 1000
99 565
81 160
18 196 789 966
49 498
115 125
212 265
29 231
172 587
52 463 500 512
15 30 40 92 283 558 780 872
491 994
20 168 209 634 657
21 155 184 331 346 404 443 863 955
2 255 479
23 54 151 171 768 776 922
16 103 403 413 461 589 689 865
9 181
36 69 173 208 419 888
137 243 311
68 393
447 500
185 572 706
85 244
29 80 127 236 266 277 311 469 524
373 571 608
55 84 504 736 812 884
10 746
96 617
149 298
90 141 164
239 285
3 84 95 250 664 929
132 188 533
103 368
116 182 458 797 958 996
36 306 464 506
10 26 143 145 285 314 355 746 747
2 82 106 163 604 655 850
249 614 925
354 550
14 482
41 85 114 190 297
90 209 234 647
15 853
21 48 193 869 975
8 313
79 81 355 605 621 672
14 794
160 471
32 83 701 981
255 421 712
26 214
5 79 307 365 429 557 574
58 108 577
32 275 770 784
51 214 610
53 278 280 384 560 799 841
418 870
136 186 529
33 780
28 59
155 715
4 244 267
78 145 167 581
15 45 57 422 544
129 971
37 55
24 30 170 399
1 45 73 82 108 506
37 136
23 31
312 885 921
12 87 127 394 404 497 882
214 401 536 808 834
115 418
50 60 70 78 505 520
2 187 300 556
215 624
398 764 798
9 374
9 31 33 195 549 622 742 765 778
18 49 69 77 294 412 430 503 516
13 138 325 348 873
38 52 257 359
147 970
11 22 51
53 376
149 197 352
131 404 444 725 955
2 4 11 13 183 569 641
22 55 125 206 305
80 219 408 594
160 180
15 60 627
27 60 106 170 248 262 800 884
107 554
14 80 98 101 389
13 213 414
6 45 745
5 6 20 700
39 657
30 559
36 141 665 781 954
21 110 525 779
157 341
64 903
53 799
109 245
23 149 513
528 597
100 140 509 814
56 745
201 282 306 434 796 979
1 276 722
7 25 58 70 987
387 435
79 516 574
96 139 358
13 47 73 75 111
333 422 563
69 91 807
812 824
6 151 212 253 443 467 881
200 610
27 28 384 873
191 548
41 119 124 162 241 546 680 937
3 484 793
584 800
23 153 227 659
248 487 578
2 55 276 484 848 876
12 22 41 341 887 989
3 522
26 79 369
86 92 471
641 762
81 709
134 321
435 527 956
1 3
66 81 230 353 596 699 738 952
256 453 562 996
33 144 251 349
73 101
77 414 586
253 259 460
8 98 147 247 532 940 943
26 81 261 519
158 218
67 153 228 318 766
259 578
40 92 95 761 880
66 83
215 328 329 478 786
23 51 173 672 797 820
441 647 989
11 516 566
27 309
52 153 248 252 306 365 867
50 161 943
26 550
144 145
20 79 278 350 384
17 38 107 590 592 766 860
54 172 494 547 573
19 20 46 148 194 431 652
15 249 282 695 753 788 792
22 368 498
8 16 974
100 739
44 71 91 997
47 737
23 298 398
13 82
38 205 287 679 854
6 556 684 825
37 108 294 598 785 899 960
23 938
17 54
230 361
21 124 132
24 42 66 101 352 806
114 127 331
67 153
21 356 369 452 517 609
164 242
175 537
1 188 235 270 365
66 169 277 308 325 734
35 163 226 524 925
19 531
15 625
11 49 115 199 715 949
379 778
148 274
259 398 668 886
18 371 534
65 69 159 221 586
126 396 517 665 763
283 828
20 39 90
25 156 450 900
160 186 221 278
59 138 753
106 142
85 133 543
13 79 154 156 179 217 618 825
47 150 505 814
15 35
44 120 981
24 57 142 598
232 565 653 751
14 40 557 957
76 79
18 368 955 967
25 156
7 156
116 297 338 666
42 43 151 316 952
82 118 146 291 341 978
94 263 335
92 102 855
48 143 321 993
299 469 493
10 159
394 990
16 57 95 711 803
7 552 568
66 77 320 726
14 140 260
124 229 268
71 154 564
51 123 490 960
154 569 573
42 121 395 430 947
5 77 320 472 496 867 910
22 204 241 330 874
263 324
3 146 163 781
2 112 392 582 882
272 707
77 88 106 184 193 250 289 444 506
771 816 948 986
1 43 99 650
5 323 930
7 8
25 83
59 446
7 83
39 922
48 245 299 381 599 994
223 319 590 591
475 663
10 33 106 892 983
14 27 45 74 108 215 307 520 529
264 375
57 184
144 925
7 495 533 655 905
11 76 226 856
122 969
52 347 385 399 463 767 998
37 62 129 210 299 336
294 481
24 91 120 133 162 179 562 582 823
6 37 102 490 575 855 961
18 59 196 553 743 970
165 399
37 180 848 882 954
949 957
35 53 63 67 507 858 947 953
25 70 140 387
15 97 190
109 135 732
2 21 127 315 615 861
3 831 931
533 853
142 166
561 991
402 716
52 360
33 67 539 883
26 261 463
62 129 172 247 305 351 451 704
35 322
76 158
201 496 723
67 477 842
133 623
39 54 180 877
1 24 570
72 91 119 669
187 775
9 414 532
16 542
4 474
30 970
87 238 841
89 170
71 666
161 833 945
34 185 459 535
137 712
1 165 449 807
61 83 89 97 219 344
117 643
60 265 793
8 11 28 29 364 688
20 83 183 342 494 683 703 790
17 107
29 65 73 483 979
194 576
72 811
75 81 178 921
7 113 213 470
130 212 420 972
36 69 274
293 780
1 99 365
38 130 151 256 353 616 756
39 192 532
37 56 108 294 498 538
64 733 754
59 132 193 681
24 570
360 502
55 671 710 824
38 52 138 310 507 630
119 329 377 526
368 584
10 140 194 297 519 524 710
22 51
29 62 165 229 372 602 778 817
203 632
348 763 833
16 35
138 202 308
114 187
65 247 472 644 735
12 62 850
75 211
5 346
10 19 20 420 652 802
17 121 591
211 857 966
52 116 177
83 823
24 570 779
962 977
41 619
36 69 124 499 846
30 293 716
17 109 180 296
38 40 52 425 427 630 637 702
4 85
705 736 889
20 33 51 496 678
21 38 215 257 918
32 265
585 796
21 99 155 378 512 818 828 926
59 704
284 864
20 58 241 374
14 26
8 102 136 190 239 662
103 116 140 359 542
53 204
58 964
98 201 835 908 979
8 67 109
662 870
82 93 772
29 101 272
143 187 508
194 235 439
33 76 158 879
72 240 389 593 821
27 35 453 935
11 70 494 499
17 39 107 171 191 907
6 24 313 347 411 927
376 560
34 68 326 582 635 759
11 879
103 108 197
65 590 770 978
28 446
70 505
200 503
9 141 689
206 258 836
106 188 230 319 548 672 752 813
2 205 615
53 531 901
496 748
49 69 534
39 47 119 431 813 977
34 200
34 286 935
446 523 744 774 999
43 63
258 647
12 122 383 392 396 460 662 965
458 859
3 387
126 167
22 32 39 232 899
167 288 327 364 378 766 941
72 105 189 312 481
452 965
338 668 696 764 939
94 238 729 823 877
74 86 95 97 371 530
216 458
53 951
42 144 395 929
59 141 445 553
63 169 210 624 736 810
85 457 643
6 481
22 89 343 432 545 584 785
6 74 120 166 357 687
25 122 905 931 951
9 23 31 98 149 760
14 441 464 971
127 441 869
49 63
265 289
25 32 78 179 506 547 701 709 919
178 657
11 68 158 171 226 289 577 690 728
71 91 113 132
24 87 89 165 388
167 170 332 686 828
2 376 434 528
61 296
55 664
8 109 477 651
20 115
45 75 235
24 36 89 99 103 252 361
27 144 151 276 953
87 817
325 362
815 922
101 129 147 266 272 670
12 19
436 985
295 297
40 48 230 727 775
25 40
12 93 94 139 146 236 237 290 309
6 49 103
11 271 529
9 178 534 846
114 291 331 611 826
31 217
31 611 815
7 58 120 162 601 631
54 72 93 176 310 339 713 936
24 557
321 510
30 123
122 126 487
12 344 391 392 679 969
26 102 154 319 703
31 115 915
252 914
2 36 82 111 243 334
334 649 667 691
30 60 64 96 158 198 550
294 636 960
133 182 356 456 635 642 906 942
181 454
492 724 799 930
2 752
35 530
104 369 542
75 111 124 174 603 723 926
37 125 197 276 294 305 351 758
26 40 354 405 516 616 820
31 224 946
12 950
360 702
92 530
105 351 612 962
27 29 32 236 387 477
151 374 650
16 105
140 185 572 587 798
28 110 132 228 281 753
11 186 223 269 339 593 729
40 159 163 314 847 878
5 390 656 898
29 120 646
189 418
390 445 636 1000
10 619
646 685
18 118 196 211 466
35 43 276 430 718 944
437 558
274 627
105 107 176 242 336 397 617
138 219 928
80 315
34 66 77 155 202 503 586 661
58 91
3 5
110 317
13 139 166 178 207 287 751 933
176 893 973 976 999
345 348
119 450
90 206 544
60 70 701
460 731
36 124 157 941
101 391 986
28 203
36 175 485
80 98 216
10 104 159
22 56
22 220
19 130 651
131 454 473
46 128 539
84 118 174 289 767
2 3 69 143 468 644
507 940
48 88 221 233 343 844
5 37 41 227
100 126 344 848
370 640
800 961
131 500
2 26 43 911
177 398
3 623
5 242 519
17 36 41 133 210 243 389
25 302 740
60 198
106 203 396 665
607 988
320 681
87 551
285 567
7 12 170 392 707
45 68 129
5 500
228 515 896
375 416
4 17 76 164 257 631 649 692 995
374 455
41 386
30 262 264 429
3 287
159 574
43 100 175 667
33 46
45 135 157 189 216 223 654 871
257 415
40 65 144 232 305 400 889
407 582
109 658 843
26 106 113 399 862
204 546 913
82 96 267
57 364 422
17 258 483 518 764 773
75 111 526 917
20 128 333 801 934
7 117 135 274 547 888 916
264 510
16 35 97 381 475 671 982
4 90 518 638 747 845
50 91 205 493
60 136 449 759
23 112 123 509 712
741 980
83 120 172 453 568 838
260 352
14 201
148 255 521 762
1 165 166 167 363 580
99 130 198 303 966
61 111 118 286 349 468 852
208 563 645 963 981
98 266 282 631
39 93
90 258
26 163
52 745
10 81 768 839
152 220 691
1 152 192 199
224 787
87 436
27 31 95 123 449 827
55 84
21 25 261 385 838 839
327 831
65 816
95 340
176 188 353 423 468
11 353
14 700
40 260 330
4 49 60 64 198 210 588 715
134 417 461 580
5 390 663 765
94 292
142 195 410 727 795
72 310 890
207 415 677 697 885
9 260 510
423 581
216 782
164 400
66 348 601
364 483
27 402
77 80 155 219
28 312
14 63
14 63 433 585 645 700
9 23 240 244 808 934
7 14
2 10 48 161 394 551 556 875
15 16 467 880
21 48 738
137 458 489
8 698
156 353 610 626
18 143 695
789 896
11 310 589 674 822
10 405
126 171 240 554 733
3 96 279 771
136 237 316 466 856 877
177 259
36 543
32 58 233 902
81 307
20 40 209
304 621
48 184
127 231 268 433
5 164 181
35 830
33 212
121 539 734
88 239
17 76 192 197 423 864
110 214 228 345 401 756 938
726 822
16 322 419
99 246 491
31 105 217 298 337
9 433
8 924
333 375
94 286 708
79 104 354
561 675
70 942
415 509 697 994
5 44 261 514
11 713 927
38 478
11 131 198 409 429
9 16 95 367 471 482 911
643 837
2 14 28
511 646 717 998
31 797
31 425
6 18 102 147 205 359 398 973
38 308 309 339 349
243 489
211 247
747 881
3 28 59 132
37 163
112 225
134 148
108 424 850
84 194
343 438
61 122 153 273
134 183 223
148 274 432
201 594
7 44 94 283 332 504 870
445 549
60 95 249 291 296 971
570 690 942
5 402 554 606
250 303
357 551
7 902
179 302
282 735
56 220 397 465 719
144 634
2 8 189 227
259 344
384 732 849
242 324 390 400 439 663
23 139 189 255 367
46 128 130 169
42 136 199 430 605 884
94 721
177 185 252 706 959
3 150
35 116 295
44 144 213 233 356 409 450
12 454 567
8 67
84 637 892
25 626
321 436 566
214 355 528
71 323 536
237 316
5 263 324 450 829
24 73
17 76 93
192 683
91 167 208 428 492 578
114 551 757
61 139 327
110 214
19 545 793
134 183 366 510
288 852
57 74 818
42 43 68 146 173 256 334
11 281
41 111 174 215 328 541 595
42 43 151
544 563 827
71 145 172 656
1 232 388
4 118 244 917
50 159 726
13 102 135 222 451 486 575 620 659
41 50 56 168 358 372 412 661 774
27 63 114 184 394
21 87 224 442
94 400 785
27 395 455 792
15 229 475 903
2 13 41 193
41 66 119 426 680 713 887
18 107 114 851 928
254 296 596
24 99 142 167 388 709
189 345 597
8 67 83
62 102 540
6 406
1 137 222 249
308 607
12 43 44 109 401 465
11 121 880
27 798
30 84 90 228 856 949
1 123 251 270 722
110 281 515
18 40 370
31 189 220 367
58 628 851
101 247 282 835 905
68 150 158 992
314 408 498 737
6 51 62 103 135 451
11 24 53 642 808 810
53 412 495 513
661 724
47 56 92 182 271 335 383
7 80 313 361 403 492 618 806 813
4 46 62 65 152 267
54 284
96 157 238 286
3 332 421 805 859
89 175 204 406 409 614 627 675
208 269 316 331 393 478 598 895
146 737
792 811
16 262 346 635
61 553
137 543
42 97 105 982 996
1 17 54 355 592 920
73 364 378 933
51 197 211
27 42 521
38 600
190 379 488
5 16 225
59 462
164 636
47 146 241 334 541
186 195 209
3 484 522
