61 370
64 298 660
47 148 336 366 811
163 205 230
49 63 67 283 714
446 450
254 285 649 674
75 708
43 136 142 144 374 462 701 928
7 10 140 148 160 351 440 688
203 677
148 276 304 528
89 285 778
194 210
270 421 508
38 140 389 393 395 560 962
51 169 402
35 313
1 205
65 67 128 178
55 70 89 127 131 531 590 881
53 127 542
35 354
20 71
42 57 220 480
147 148
31 35 192 804
20 208
81 208
93 105 507
13 202
102 219 767 996
111 214
88 108 418 493
89 103 393 394 620 753 773 778 794
5 28 167 245
113 154 199 207 265 269 311 385 506 875
119 983
86 264 408 444 460 880 899
206 623 827
23 832
91 971
91 247 360
1 6 995
93 151 160 400 403 487 798 910
40 504
99 151 229 534
16 43 64 66 107 144 196 302
67 270 323
40 642 935
19 341 355
219 317
3 146 386
36 60 245
141 162 258 392 403 669 747 812 864
254 479
14 175 344 413
191 315
17 64 76 77 160 167 407 644 859 892
33 67
5 85 247 324 567 777
335 447
77 227
33 260 469
18 80 194 291 359 369
20 42 208 222 297 749
18 264 888 964
34 49 61 68 619 632 633 790 884
8 332 765
68 217 884
15 53 192 255 376 571
38 59 127 154 174 519 869 870 935
25 26 156 179 392 463 511 538
240 405 534
50 60 118 366 494 575 772
6 11 29 48 61 66 159 256 470 886
203 756
41 44 84 233 345
38 449 980
106 130 350 440 531 895
4 25 26 206 463 555 876
221 556
42 584
1 128 137 741
48 101 371 404 456 821 914
223 225 247 360 838
1 205 373
116 133 332 359 554 924
6 514 866
38 300 682 861 972
97 111 397
12 20 57 119 279 297 678 817 846 962
139 161 217 236 378
107 149 198 346 608
287 429 448 984 998
276 492
18 45 51 70 78 106 149 169 411 553
46 338
60 96 529
70 482
21 41 122 126 281 344 507 732 850 857
109 183 186 459 950
82 199 506
219 461 572
3 14 54 327 357 376 512 666
86 160 230 321 527
305 608
88 170 248 559 759 854
97 573 916
38 174 308 960
474 627
65 82 113 125 128 176 331 540 595 617
50 329 849
138 155
5 117
6 75
47 122 154 315 376
76 213 746 772 776
20 58 121 165 325 498 499 653 879 895
246 384 688
11 16 29 69 110 241 665
53 690
120 255 392 606 925
228 244 920
2 24 569 944
8 86 683 720
30 157 361 566 850
454 468 469 508
7 20
22 1000
48 552 581 662 917
273 494 581
205 576 792 929 932
115 775
54 250 276 299 318 769
193 422 697
22 909
18 48 363 630
210 825
9 152 512 733
231 355 621 689
94 219 237 282 572 609 676 906
236 645
39 424
23 173 288 960
194 245
14 122 347 455
223 713
4 839 860
6 16 29 69 232
166 514 547
21 540
61 381 628
15 27 68 85 147 380 510 527
58 107 793 934 988
16 475 759
338 524
7 934
22 125 143 176 216 252 281 573 622 719
22 473 970
331 734 893
66 114 159 270 580 827
55 999
431 526 600 837 896
48 767
122 141
30 126 150
131 132 161 217 593 862
39 94 198 246 271 346 476 652
61 70
23 24 34 35 97 192 256 655 874 936
320 365
44 85 143 146 323 739 764
34 68 79
25 200 206 329
3 47 74 253 427 432 675 723 886
122 301 455
28 43 214
17 99 240 390 963
146 375
227 498
50 158
6 11 464
45 177 209 887
86 160
4 12 45 60 65 97 179 201 251 737
62 109 195 658
74 173 336 497 833
96 130 226 406 574 999
161 269
229 405
402 556
143 500
449 852
61 234 260 276 480 761 771
16 995
102 317 687
58 283
313 412
19 35 124 131 136 349 472 691 865
180 211 423 472 566 600 667
150 231
117 142 158 189 285 513 545 649 674
458 489 577 735
107 215 684 694
10 57 242 243 480 925
91 909
21 125 481
66 138 155 377 508 613
567 579
10 97 242 262 274
368 460 785 880 899 964
149 150 370
367 368
138 148 157 391 395 638
16 200 377 808 946 981
10 30 42 140 182 183 538 585 650 946
439 891
7 28 99 262 304 578 1000
83 362
51 321 718
232 347
47 173 336 375 428 470 563 756
216 512
36 117 410
340 877
66 198 672 813
4 13 25 44 216 228 285 362 518
93 486 578 680
72 75 133 199 345
82 324 973
290 559
173 296
31 94 689 724
54 77 119 151 239 302 376 633 938
14 612
41 141
8 40 41 45 60 102 798
58 63 107 349 352 411 416 906
6 15 33 88 108 197 319 504 544 882
66 374 437 467
65 153 238 442
1 205 373 992
33 38 67 79 370 469 553 611 641 973
104 172 257 276 315 468 763
3 9 275 716 884
521 616
18 185
171 209
39 62 90 109 126 186
17 224 982
22 28 402 874
64 138 231 271 491 580 820
14 81 218
18 263
43 93 201
35 275 916
6 241 911
182 404 577 628 745 891
112 146 221 295 307 666 791
45 121 335 387 503 508
439 877 926
1 486
14 89 179 254 362 555 568 620
5 80 112 295
264 785 964
22 121 292 304 386 894
8 10 22 28 133 292 416 457 473 956
23 36 37 59 116 337 474
124 441 994
12 26 52 83 92 103 142 255 737 824
2 141 209 902
369 495 575
9 175
33 59 627 882
11 13 590
140 293 584
84 506
220 594 965
18 79
13 88
149 467
2 98 204 215 659 800
7 57 59 211 414 443 472 485 702 744
163 188
21 51 232 307 980
106 837 881
27 214 327
159 437
134 314 356 522 731 932
48 83 738
145 167
1 2 4 156 188 800 841
36 465
60 130
44 183 520 528
22 120
39 61 126 195 310 659
1 3 23 264 888
105 189 296 515 727
101 266
26 93 106 194 202 415 496 750
157 391
16 911
273 459
4 273 394 552 575
153 700 943
110 141 301 528 562 812 993
56 134 261 379 430 471 546 921
4 52 320
87 791 805
90 183 235 532
26 104 156 441 655 905
5 37 55 194
5 363 466
79 875
52 92 753
139 269
26 506 889
82 541 741
1 3 49 234 349 401 656 958
7 10 20 71 108 351 445 636 934
90 109 186 195 310 356 420 500 829
17 66 101 583 878
23 191 417 645
31 35 97
49 59 85 531 931
1 3 232 342 481 650 668
45 49 332 633
45 114 168 280 339 435 770 851 861
19 34 286 335 355 462 613 743 788 819
9 26 41 73 955
212 755 773 978
54 193 213 390
132 378 774
12 85 86 103 248 312 333 362 515 586
10 42 213 336 348 374 617
28 129
25 52 545
48 907 996
34 52 81 255 824 854
20 71 284 395 661 752 769
13 301 533 651 706
33 68 115 393 417 980
717 792 819
25 748
32 153
5 7 57 71 456 471 654
28 252
52 118 484 545 772
8 37 41 55 259 309 663
98 204 409 684 805
215 379 569 599 740
64 77 915
75 756
145 457 478 1000
91 423 516 582
74 426 691 807
3 4 15 188 230 255 568
55 85 161 181 454 693 754 862
34 53 154 417
129 165 307 416 502 536
64 76
18 32 39 109 235 238 325 338 439 726
27 103
23 38 64 400 405 761
641 809
11 69 629 776 828 966
1 34 157 191 197 350 571 695 763
4 670
407 742
942 951
4 163
38 164 184 190 263 288 526
213 588
32 126
73 415
3 63 112 118 167 221 238 253 388
50 142 228 656
45 95 116 181 209 245 359 431
9 73 184 202 244 318
2 46
12 371 389
28 84 192 233 342 385 414
56 62 72 88 859
92 587
135 240 808
345 425
38 127
43 94 241 597 689 872 988
11 17 33 37 140 174 191 510 598 875
8 100 259 435 682
75 328
166 256 383 981
30 32 62 66 408 606 929 941
280 872
49 53 115 197 372 814
12 515
9 47 74 352 428 853
1 27 233 345 721 795
4 189 206 239 433 512 570 799
2 23 615 616
3 31 32 35 97 111 865
60 116 185 291 533 553 558
23 291 556 574
144 231
53 174 179 288 544 591 789 997
74 300
21 31 35 178 334 420 459 941
43 607 845 912 991
186 617
177 187 263 386 429 490 851 974
109 330 348 706
250 326
350 468 680
15 34
124 188 205 388 721
4 333
136 176 178 827
195 588 787
20 295 502 601 918
49 53 59 61 68 70 488 501 888 930
56 412 524
103 189 511 597 949
102 634 745
67 104 115 370 501 534 558 914
11 967
225 579
387 703 928
58 127 232
70 197 783
223 324
7 218 740 749
4 26
122 216 596
848 979
77 290 487 535 605 729
19 43 237 951
26 36 93 105 153
4 5 8 18 80 187 806 894
18 91 166 170 200 249 316 391
89 696
82 84 113 198 447 623
22 120 836
17 49 76 99
48 489 677 831 871
17 279 534 583 801
10 17 77 160 809 816 901 915
105 193 505 725 823 847
9 44 46 228 281 376 646 898
5 36 164 263 365
10 15 23 67 104 789 842
460 899
26 248
129 940
13 54 122 228 396 455 755
51 58 582 667
3 60 99 163 213 349 373 487 557 657
19 43 94 107 152 346 387
6 29 69 135 157 200 256 676
4 12 839 913
368 509 518 712 733
99 938
118 369
12 25 92 156 179 211 424 986
3 24 51 200 779 912
21 27 986
162 747 843
477 641 742
51 536
10 106 222 284 449 548 736 740 781
37 45 168 249 298 782
19 57 251 348 896 962
286 462
576 848
91 386 885
9 698 966
289 299 920
9 68 302 938 948 963
69 561 730
1 24 39 214 802 987
87 96 114 309 490 881
10 33 67 85 115 197 278 542 574 908
23 49 101 222 576
108 900
264 367 785 880
198 355 813
484 552
2 643 646 715
7 19 410
11 16
19 43 144 346 398 701 703
428 807
58 671
36 95 171
31 35 111 436 573 595
34 38 191 247 278 300 690 983
13 14 399 507 630
81 134 183 235
21 56 65 76 125 182 331 595 712
4 12 464 950
46 57 895
30 878
476 830
314 327 384 412 426
267 337
18 757
64 498 697
8 497
24 98 204 215 521 856 927
54 137 289 444 732 902 945
47 886
2 59 87 98 108 204 323 797 841 945
33 53 547 611 842
48 458 907
367 408 509
25 52 285 329 555
40 105 152 330 711 813
125 178
2 90
77 224 229 525
97 397
62 126 153 356 835
3 100 119 188 226 299 301 318 863
48 223 225 360 539 579
30 102 567
133 180 818
42 95 568
74 563 883
10 410
8 18 209 924
10 233 425 453 686
7 20 712
38 219
15 53 598 997
126 328 334 439 679 918
112 129 292 307 321 358 751 815
32 39 75 90 235 356 985
2 23 101 236 802 869
353 952
37 84 117 199 207 298 853 972
3 97 170 724
22 622
300 419
42 223 247
15 59 61 104 144 210 337 466 955
7 94 282
116 150 359 947
41 146 344 408 834 860
17 279
155 377 491 554 635 792 820 954
19 40 105 669
95 460 922
7 277 311 906
520 957
23 101 236 474 632 707 722 832
444 643
130 261 314
106 123 133 218 297 476 692
57 91 211 255 343 396 548 849 890
54 184
110 766
31 35
51 751 871
1 9 44 50 54 110 216 326 668 739
1 27 50 76
20 243 933 965
253 352 411 867
13 125 128 176 232 436 481 778
7 42 88 220 650
320 974
77 279
26 89 683 955
396 948
95 803
51 58 311 952
598 619
9 25 32 110 158 212 258 662 765
11 15 22 135 256
6 29
28 173
372 591 601 852 973
120 127 446 510 627 764
39 90 112 134 169 173 438 443
90 153 196 238 325 340 452 859 919
20 208 566 654
32 76 78 672 817 901 963
10 42 57 71 322
37 181
78 86 114 226 781
2 87 124 210 215 352 388 927 975
14 143 739
8 80 452
273 366 413 904 953
24 35 90
5 11 29 166 224 256 826 861
27 234 341 419 454 775
29 225 247 324 579 713 838
3 483
56 64 224 407 487 550 604 873
5 11 187 976
23 578
112 165 253 277 307 499 647 714 940 975
132 139
10 293 558
8 96 123 924
19 66 398
322 332 596 736
40 63 91 94 559 968
7 10 71 218 548 933
489 904
47 74 98 173 296 551 723
26 50 89 92 254 849 930
181 257 278 474 517
21 436 521
59 762
79 166 488 790
50 394
12 50 92 103 248 254 753
21 176 182 200 306 373 639 671 821 844
65 182 844 868
88 642
43 447
8 80 171 209 448
79 350 370 468 695 908
14 15 73 143 185 223 553 651 974
149 835
6 83 210 271 305 335 537 701 710
52 158 538 913 941
6 81 561 759
66 149 266 280 303 475 537 845
17 39 62 64 160 193 246 339 848
8 80 440 625 803
7 42 203 218 262 385 414 425 548 856
2 903
5 15 61 634 767 996
23 183 380
31 354
268 970
6 69
18 36 66 259 705 743
30 640
39 43 46 107 152 261 361 635 829
101 901
109 112 165 169 196 379 388
80 226
53 419 632
62 110 328 546 631 985
132 161
29 275
2 156 277 532
51 536 647
63 253 840
1 519 814
123 171 309 434 782 815
3 13 27 54 110 124 134 184 375 766
120 211
69 866
7 293 596
13 433
11 166 565
115 381
162 290 445 669 847
319 535
41 77 816
7 56 90 932
1 24
40 319 421 733
250 662
16 66 144 347 835
121 414 594
2 477 902
458 634
102 572
358 490
111 796
26 499 825
124 923
87 204 968
229 266 453 571
3 137 146 326 681 703 784
8 36 37 117 263 298 434 476
63 139
37 309
2 15 79 266 446 862 969 997
153 314
120 368 517
43 94 136 280 652 788
687 850 943
37 164 786
2 797
30 105 201 324 346 377 491 585 681
15 257
28 268 575 719 939
4 38 92 186 206 318 356 992
17 55 74 102 219 317 609
61 190 267
91 143 423 890 893
151 274 303
473 601 636 763
18 34 49 168 294 526
24 457
31 163 294 557 610 671 958
55 270 580 788
76 86 213 227 513 550 583 604 678 720
43 467
9 62 73 576 748 810
272 897
1 9 157 461 721
567 760
93 706
27 111
151 202 240 398 625 809
180 343 717
104 157 169 268 286 483 676 744 819 845
38 49 127 147 260 393 589 775 892
95 116 176 190 194 660 704 735
70 72 199 233 485
12 89
27 51 73 281 483 993
213 428 644
1 9 13 41 212 500
16 29
13 110 455 496 585 766 780
78 86 145 626 708 817
151 915
22 252 292 478
317 451 783
202 347
22 47 432
391 687 749
78 99 227
1 163
312 509
69 730
114 130
73 103 126 380 430 570 731 770 926
73 172 212 220 533 551
98 903
32 361 384
2 87 569 805
19 87 237 271 387 462 569 652 793 944
74 853
39 44 53 61 163 341 451
105 129 345 536 666 751 840
21 306 436 592
133 220 630
277 728
11 16 135 152 305 549 779
8 57 410 566 584 781
31 97 192 360 916
30 67 85 278 990
187 369 382 495 581 618
12 55 189 272
19 43 96 144 198 398 820 928 988
76 143 167 422 729 746
12 20
2 5 67 348 505
55 220 353 830
78 982
44 780 957
17 99 492 625 697
5 55 118 123 190 382 984
30 107 150 282 419
71 218 227 351 365
142 511
46 195 452 691
4 715 897 949
1 294 992
516 602 688 784
68 278 308
67 70 308 381 543 961 971 990
125 868
31 354 397 804
7 334 426 471 507 607 658 918
44 137 146
4 103
639 914
16 135 170 565 966
36 371 639 738
65 540
6 319 698
105 661
19 30 271 936
32 34 62 234 325 456 716
171 363 726 937
123 497
74 75 113 203 207 212 385 564 707
139 145 161 269 313 430 504
120 316
76 101 116 236 400 486 578
73 119
8 181 465
40 364 493
208 243
37 60 96 989
115 257
13 764
14 110 239 299
528 665
7 57 222 351 611
80 171 442 526
48 404
172 289
39 582
52 674
88 290
9 258 624
484 618
31 97 111 192 313 365 724 990
1 99 124 147 205 294 373 433 513 958
44 141 244 673
10 242 251 262 322 353 584 654
6 69 103 200 241 383
51 112
131 358 623 954 991
72 237
3 27 46 211 325 675 709
25 727
14 15 38 44 577 705
30 152
115 175 276
124 327 863 987
245 258 326 482 978
4 486 680
82 84 113 541
30 150 159
15 154 393 482 716
1 275
47 267
382 552
56 109 134 186 310 334 339 379 426 926
17 64 77 87 266 371 626 709
560 624
116 431
25 461
2 98 141 249 800 927
121 277
145 167 910
60 123 158 190 655
119 137 172 239 318 437 646 668 978
3 27
24 327
686 810 826 967
608 822
71 293 297
320 465
91 485
59 381 453 501 523 690 790
54 244 289 898
63 221 556
59 93 201 251 645
32 46 62 191 475 985
1 8 27 214 235 268 275 610 675
20 81
120 183 186 343 734
74 336 807
50 65 442
5 6
114 164
56 338 658 919 979
132 217
4 479 570
68 417
45 88 229 286 302 390 441 448 558 635
99 102 461 876
19 149
441 837
424 479
432 470
27 178 342 386 592 769
32 33 59 174 430 546 892
47 131 195 754
16 686 822
100 133
17 58 221 825
179 206 538 737
9 244 857 860 920
54 216 258 957
25 36 65 177 401 693 947
221 224 390
33 49 79 515 814
1 27 787
72 265 700
138 259 312 450
47 173 296 883
20 322
7 62 340 452 631
32 33 56 246 379 464 621 780 879 950
47 74 427 843
147 446
57 214 707 802 832
104 122 288 308 445 523 527 714 858
509 929
12 26 83 248 392 649 656 855
55 466
4 312 913
382 495 774
2 26 272 409 587 670
269 774
6 11 565 590 685 723 900
31 35 42 192 278
267 547
137 146 396 637
98 226
100 363
71 284 365 624 830
123 252
93 251
121 169 210 388
5 71 96 100 490
104 115 138 323
6 11 29 82 166 629 746 795 873
14 41 44 364 613 755 857
525 801
110 143
599 959
427 563 883
23 323 343 516 602 648
5 27 894
391 744
52 56 471
93 505 823
257 317
1 3 17 279 390 610 626
96 259 944
83 272 389
29 828
313 354 397 573 865
54 157 159 349 940
24 230 657
72 207 298 357 564 638
472 543 890
72 75 84 409 614
11 698
1 7 71 75 242 353 415 833
37 108 864
151 303
87 161
106 130 358 368 402 851 970 994
39 46 56 126 134 334 923
24 912
260 267 451 469
53 70 127 341
5 18 138 164 174 358 450 586 803 961
81 133 291
13 73 258 261 342 520 562 731 834
42 102 242 293
65 442 592
464 522
2 98 986
5 48 539 705
5 309 363 557 905
60 117 683
70 79 96 100 114 197 328 522 554 882
2 33 62 152 196 261 522 606 735 943
156 179 748
4 148 222 333 560 977
283 321
155 603
5 95 100 116 117 130 320 591 972 989
165 453 961
180 343 893
84 541
31 459 796
17 48
17 226 399 693 699 811
41 119 216 413 752
5 36 45 60 106 905
6 8
21 347
2 24 58 70 121 300 519 542 563
1 95 136 245 287 399 429 663 989
45 209 297 981
30 63 165 822
28 252 268
105 136 152 251 330 415 664 954
46 589 789
11 995
112 129 137 867
68 79 85 260 858
337 359 422 429 529 554 717 999
42 965
34 104 150 372 510 960
32 48
863 935
16 29 180 517 885
259 947
78 139 160 364 451 891
16 78 672
19 237 677
602 885
264 922
83 156 239 570 582 640 855
24 557
12 463
14 273 339 496
2 37 81 337 983
75 82 113 199 357 530 779
35 142
14 135 140 366 495 833 949 953
15 523 858
8 39 196 438 917
366 382
39 420
154 547 619 771
80 145 240 364
106 531 539 644 682 704 738 831 994
53 72 75 84 357 541
15 127 234 841
131 132 217
8 63 80 118 121 168 210 233 353 953
49 372 470 542 631 695
58 63 518 903
34 49 257 341 488 638 796
26 142 272 580 587 799
96 806
537 743 872
90 153 314 434
8 45 60 123 181 185 589
22 26 65 182 600 637
9 184 202 551 637 711
23 79 154 350 571 930
81 560
360 760
260 372 449 762 908
46 412 524 607 879
44 72 139 380
34 842
21 35 178 182 868
77 86 151 266 583
5 18 291 699
16 135 866 967
40 162 535
10 52 262 482 823
301 870
23 101 243
38 172 184
201 661 896
2 10 311 502 959
73 273 395 444 523 533 551
11 168 170
129 653
41 138 281 504 951
664 694
47 432
92 296
8 82 265
20 58 73 92 172 175 344 413
29 702
9 791
53 85 381 519 761
25 206 207 921
2 38 108 135 535 659 847 939
92 142 246 333
17 910
243 711
12 274 773
98 409 477 599 616 696 945 959
11 170
18 164
5 36 50 52 123 177 937
330 798
6 65
84 113 130 199 203 244 496 715
19 25 83 111 158 511 586
120 304 423 457 516 836
33 59
174 685 718 828
494 618
3 24 27 52 294 392 394 741
69 225 694 760 777
17 78 167 364
159 305 377
6 271 685 911
51 169
7 196 921
14 119 141 250 344 375 612 786
36 177 406
12 89 103 463 670 679
1 214 230 401
21 178 306
100 167
34 147 197
72 82
282 936
421 559 971
78 177 203 303 605 725
33 310 931
142 329 799
250 283 867
101 615
4 25 83 165 254 277 514 678 696
14 143 184 354 396
155 450 603
362 555 568 727 794 889
2 56 204 477
339 384
34 55 95 114 140 181 395 431 852
51 121 129 728 794 975
150 270 280 398 491 768
54 175
9 14 41 239 289 520 732 784 786 834
12 248 272 839 925
561 702 946
539 821
37 435 757
95 114 117 164 177 465 887 976 998
93 108 348
9 137 299 562 919
40 418
8 18 37 95 117 194 249 663 815 887
12 25 33 189 545 562 804
24 844 871
231 355 467 710
281 433
185 367 517 648
40 108 162 198 302 375 425 518 948
29 40 69 88 421 493 742 843
22 63 129 169 180 252 311
3 24 175 657 673
1 188 230 342 923 987
70 501 636
50 89 113 128
118 193 227 303 369 403 484 588 801
9 16 29 141 166
263 765
16 28 180 225 316 543 667
88 445
217 378 499 593 651
8 31 399
131 378 603
46 109 420
125 128
3 24 228 265
55 185 215 287 406 435 770
235 238 328
385 593 754
118 917
3 24 134 189 238 308 438 709 976
201 505
3 4 10 81 243 274 340
40 64 94 140 222 351 475 503 864
10 81 138 207 321 338 497 614
45 114 168 287
22 758
236 869
28 58 187 267 292 434 492 529
5 96 249 306 332 594 725 898 984
22 28 387 492 622 758 939
13 162
36 190
76 86 145 193 405 407 422 525 550 605
7 10 42 172 208 692 952
2 15 63 315 502 728
82 94 231 374
44 122 212 549
32 195 196 246 380 524 532 824
14 46 581 829
72 84 265 564
13 14 44 54 315 546
30 136
15 61 68 104 115 234 288 544
31 35 111
39 90
102 219
7 10 57 148 155 530 856
45 116 130 187 440 664 757 806
19 107 136 193 648 768 877
34 147 544
401 483
21 65 128 176 612 722 836
25 50 83 876 889
12 13 14
85 312 977
40 319 642 900
67 68 191
78 279 513
156 329
20 42 322 389 692 736 933
36 40 443 818 968
16 40 112 162 170 241 418 493 561 747
286 498 729
614 708
9 13 816
287 768 793
218 262
161 615
6 37 100 133 187 249 399 406 726
3 28 304 418 473 478
75 357 530
46 340 532
31 111 397 979
72 87 155 700
147 931
32 56 134 310 361 438 787
6 11 62 107 208 275 411 710 810
367 922
21 481
240 982
64 86 124 145 331 604 907
113 268 514 758 956
190 699
212 665 812
47 118 295 647
77 155 447 479 719 977
488 527
32 46 109 261
139 217 969
29 135
4 92 158 909
20 201 274 330 480
6 91 316 572
30 335
443 543
3 361
158 730 855
13 100 185 937
8 28 207 466 713
9 41 66 119 202
67 771
87 991
80 448 529
15 33 50 394 454 783
48 132 456 577 831
68 154
144 237 282 503 673
94 159 564 621
76 78 224 229 242 400 525 750 873
437 503
165 253 352 416
63 283 295 653 840
549 846
2 98
6 203 530
383 826
47 132
13 175 549
574 762
11 241 643 808
3 163
41 148 215 494 942 993
5 18 52 211 316 485 620 734 818
684 777 838
6 16 29 168 170 326 383 565 629 854
400 550
371 404 458 489 628 704 718 745 904
274 284
30 43 159 374 640
21 171 188 250 776
69 108 162 290 383 609 942
19 136
7 140 284
137 172 378 500 681 752 846 870
21 128 131 969
131 139 597 878
171 427 811
21 128 306 331 540 722
164 168 782
149 280 282 384
22 28 71 403 478 660 720 750 874
4 12 83 89 125 333 389 424 679 897
132 269
270 305 537
55 106
113 265 795 956
204 521 797 998
