18 102 367
15 744
38 152 385 447
27 42 43 57 95 110 941
207 415 491
5 46 48 86 195 307 768
9 52 181 229 360
47 53 146 276 278 334 718
34 49 568 690
10 405 878
32 70 78 111 626
20 33 130
75 146
42 151
560 720
32 65 114 118 510 669 882
42 98 151 219 374 453 925 929
21 84 257 992
29 107 272 493 499 997
207 415 811 825
190 417 510 566
411 497
328 600
36 69 148 231 458 489 614 912 943
132 446 462 681
148 391
35 45 95 105
19 749
3 545 950
307 945
110 128 281 318 784
32 62 162 446 536 987
22 549
38 43 763
14 687 949 996
618 759
233 280 648
6 123 305
100 129 242 326 690 748 923
5 92 199 346 710
72 907
20 24 126
54 121 199 240 591 657 713 733 821
157 349
398 764
4 7 25 58 70 156 172 577 906
152 239
117 945
53 278
3 129
28 39 316 589
41 43 47 55 137 178
40 96 771
57 63
457 994
243 255
117 833
13 47 61 649 678
88 140 239 343 470 582 599
25 78 83 179 536
2 75 127 310 351 571
7 8 17 67 543 890
102 352 961
6 109 164
19 104 115 159 160 516 574 628 916
2 127 346 556
179 823
272 651 971
12 517 572
5 83 334 387 464
49 106 350
219 503
59 126 262 279 668 739
52 392 624
21 55 56 646
48 87 143 224 615 926 955 993
23 96 115 139 217 433
10 178 307
12 126 392 452 460 472
35 497 846
32 44 71 113 233 536 573 942
90 234 558 836
43 163 297 338 418 672
23 115 149 189
13 36 51 119 137 481
384 440
53 171 864
281 352 395 810 957
75 124
39 237 487
5 20 128 294 576 759
372 815
186 198 264 970
478 511
15 48 127 409 432 775
571 865
169 742 883
3 35 197 451
13 75
34 46 130
139 157 254 765 802 917
48 145 404 738 826 910
432 485
25 32 58 113 304 450
515 528
69 137
16 24 36 65 127 129 253 273 286 996
550 968
215 473
18 640
121 422 767
6 101 147 223 464
22 45 57 86 340 371 387 977
19 57 78 276 336 414 417 515
25 50 914
482 911
47 95 371
36 37 56 103 146 192 222 397 546
16 340
11 168 590
88 239 285 343 744 810
11 37 56 237 781 803
84 853
74 92 97 112 190 381 530
167 578
186 199 904
15 826
134 417
470 866 969
100 396
66 301
537 614 842
24 167 235 932
1 4 5 31 149 246 298 475 619 797
2 3 11 175 184 300 437 495 782 844
183 566
461 985
105 847
11 18 74 77 142 207 208 438 453 801
54 358 553 872
1 24 213 313
56 204 249 382
39 186 386
13 98 201 216 231 234 428 507 563 631
108 191 359 360 552 685
3 11 50 92 106 343 884 962
6 135
218 688 697
5 21 193 829
145 162 252 722 860
36 154 175 179 399 703
24 99 232
50 60 210 262 492 583
463 600
191 205 554
235 639
28 921
121 162 339 593 713
4 95 544 650 671
5 141 287 549
20 184 278 559
95 984
14 84 570 806
94 287
18 695
55 576
5 31 54 67 265 315 432 486 706
43 92 148 175 458 543 980
106 514
55 201 576
80 692
16 44 74 112 270 347 381 471 513 727
71 140 748
110 228 317 401
77 96
171 221 438
39 423 871
11 17 153 389 879
137 148 173 409 485
8 53 341 384 479 648 732 799
19 58 66 162 172 265 527 773 942
95 322
17 54 76 136 168 171 176 259 396 860
1 28 118 162 312 462 582 642
48 102 341 579 655 837 869
14 142 820
16 321
12 100 139 259 329 665 965
114 143
7 233 256
90 137 741 805 859
149 227
47 61 341 723
27 43
36 322
116 185 398
90 206 413 645 647
14 35 43 49 144 262
16 35 86 813 888
62 126 262 719 734
54 79 355
148 277 485 521
3 102 129 558 581
26 65 98 364 499
5 20 178 248 559
32 49 77 219 320 326 804 827
38 328
8 29 101 391 587
68 78 100 113 265 340 503
75 100 712
20 209
80 114 272 309 361 464 478 506 702
54 72 121 205 240 683 728 907
29 38 447 806
1 86 399 465 492 555 583 660 834
4 474 700 881
23 31 189 418 934
9 24 99 188 208 497 696 751 806 967
4 8 97 324 520 833
152 469
87 193
9 10 18 196 370
18 30 691
57 92
59 66 501 995
37 38
173 674
24 347
59 73 425 446 681 937
9 31 64 103 311 365 433 705 824
17 72
13 112 118 288 329 617
3 172 218 538
28 71 132 136 681 921
13 134
40 104
661 804
24 41 403
17 91 141
42 144 455 561
15 16 57 151 677 903
1 235 283 580 751 979
19 60 74 97 163 381 488 913 996
182 289 356 469 856
26 40
13 546 917 941 978
7 21
939 959
1 230 232
55 736 746
115 181
8 31 38 79 139 210 215 303 494 998
5 9
35 677 756
42 73 151 346 357 430 508 675 718 991
143 161 893 926
223 284 936
101 425 452
39 121
19 46 128 292 386 622 948
11 87 300 357 443
531 953
4 244 245 620
38 197 305 424 846 960
30 370 583
126 496
38 480
209 293
133 179 416 587
150 712
6 62 273
66 91 138 277 308 757
29 93 282
66 308 459
65 246 782
22 107 818
1 246 313 335 348 399 492
194 484 613
119 268
7 232 293 491 644
68 113
38 117 247 371 550 554 649 928
215 385 716
48 131 136 560 721 849
41 124 139 254 603 630
10 26 40 104 261 266 280 354
228 345 401 456 528
57 132 234 532 912
651 812
4 55 213 244 470 490 960
34 406
11 171 474
15 64 262 527
18 211
155 586 726
55 236 378 461 594 606 611 940
518 609
46 127 193 270 331 365 442 725 750 897
269 272 356 448 796
138 501
12 616
98 524
136 150 310 547 552 610
101 408 782 835 986
81 85 238 261 355 380 390 405 946
15 56 70 156 753 992
28 138 182
3 613
9 130 227 482
393 407
410 963
3 15 913
34 45 339 353 554 658 920 970
177 250 332
51 305 905
96 139 670
2 70 245 404 486 875
20 53 133 384 412 732 951
16 86 95 225 422 540 542 711
17 18 448 940
91 94 150 401 479 856
66 788 859
23 130 386 445 863 924
434 585 594 816
98 236 247 441 670 692
6 37
11 76 192 237 538 776
68 71 435 547 587 674 876
151 650
6 56 102 103 108 294 410 596
17 94 158 192 252 316 589 683
12 122 156 253 279 509 852 981
383 460 679
623 774
505 827 888 913 988
239 405
563 858
80 101 149 378
275 808
116 524
1 122 347 497 775 914 967
21 31 217 556 915
66 724
321 510 566
8 109 320
29 48 65 311 394 948 949
2 5 97 141 145 292 442 676 895 930
14 214 257 275 456 770
61 96 118
62 216 272 364 476 538 998
3 51 177 437 623 793 956
626 755
222 249 543
141 257
3 56 108 484
32 91 172 250 265 823
30 66 198 243 541 585 692 718
7 116 177 185 393
22 62 584 598 691 777 803
12 14 63 119 260 687
41 50 525 892 903
274 409
212 742 780
311 514
38 414 889
8 840
276 402 561 929
522 650 932
34 49 873
117 693 999
26 261
17 78 113 154 205 435 573 856 866 902
20 502
68 96 427 626
2 16 279 769
125 575
27 204 241 521 980
1 111 328 350 682 732 886
52 271 386 511 512 633
76 733 776 864
52 425
56 737
27 151 276 395 884
152 343 366 567
73 147 247 644 699 735
6 458
170 411
109 345 548 593 736 937
4 85 86
76 136 936
4 822
1 502 600 685 738 862 998
13 47 75 157 694 772
116 177 297 398 499 668 939
16 498 591
44 182
207 218 491 792 984
10 25 40 47 318 387 839
243 255 904
9 149 537
191 423
19 54 889
33 116 185 696
93 223
9 56 58 87 474 663 768
26 108 374 584
19 46 152 169 395 868
26 266 303
4 85 117 244 445 920
89 188 237 388 555
81 616
107 743
94 400 765 988
44 70 256 393 507 851 916
142 230
442 454 975
30 74 262 296 527 972
20 195 966
2 245
12 203 383 761
29 111 219 595 596
4 22 65
27 67 675 716
50 429
780 883
137 222 375 980
176 223 226 633
331 615
221 239 438
185 297 706 886
50 60 61 86 335 372 475 585 722
394 551
228 281
15 40 284 614
31 52 54 64 163 183 274 344 378 457
5 299 408
132 242 517 523 753 885 931
39 93 176 592
1 23
83 143 289 601 642
93 316
126 621 867
123 221 795
391 487 954
64 184 269 571 621
22 123 195 451 850
2 93
33 373 556
15 982
412 720
43 45
43 449
12 383 487 548
17 39 192 589 830
12 180 460 472 632 739 763 848 874
59 132
27 807
28 59 132
14 260
26 847
8 16 67 382
13 168 469 830 990
20 44 46 83 162 212 290 635 801 972
268 989
443 581 697
194 655
24 89 660 871
396 757 928
134 183
7 304 964
2 336 745
9 60 69 173 175 249 274 904
6 598 719 728 899
15 19 20 46 379
2 114 157 159 224 473 608 891 935
293 579 605 634
12 273 489 528 691
89 641
142 248 283 372
41 377
202 909
74 82 195 250 809
20 33 45 128
25 40 78 83 218 240 427 520
185 282 305 817
58 68 213 876
1 10 177 337
38 52 215 309 447 500 624 646 882
66 200 202 362
30 168 295 588 970
2 29 64 143 378 483 508
234 258
7 120
5 33 400 778 922
27 430 675 711
52 257 360 463 500
145 437 522 793
112 455 659 756
2 82 141 164 242
10 20 28 208
106 313 365
508 656
18 196
81 369
90 258 518 609
358 525
14 108 141 158 498 505 800 949
4 901
78 703
369 380
37 54
69 421
8 11 41 76 129 358 676 733 956
36 124 142 222 670
30 64 479 583
62 195
6 21 44 48 144 168 673 993
22 56 222 228 281 345 597 879
3 484
6 79 148 173 336 521 747 953
13 341
29 44 46 113
36 69 137 173 421 537 712
75 96
92 201 231 266 282 350 426 507
119 153
356 552
109 602
185 211 338 379 651 802 896 959
12 126 295 706
25 213 520
38 119 170 215 444 772 874
14 205 401
149 207 370 786
49 77 79 109 155 277 351
12 60
9 608
187 869
15 45
118 158 171
198 517 621
241 377
3 35 57 74 105 381 613
22 93 202 283 291 637 839
34 102 365 439 854
11 388 428
1 7 91 120 154 156 568 601
11 24 28 180 214 216 327 412 672
376 861 873 951
269 607
211 370 379 560 832 896
55 661 664
465 584
6 64 351 538
89 828
23 790
123 180 303 396 472 509 739 882
51 135 822
23 31 81 684 915
42 83 557 616 783 839
39 61 81 85 369 725 779 947 989
25 32 140 156 868
2 13 144 754 994
9 961
4 53 85 557 686
216 236
75 146 243 334 603 628 649 731 892
4 64 66 234 264 413 638
358 595
135 451
28 132
40 81 314 519
287 323 513
105 190 625
49 838
436 832
313 834
52 359 669 685
209 467
24 49 200 376 799 910 962
152 285
48 72 161 618 976
15 129 424 476 498 654 741
14 63 73 330 923 968 988
55 136 184 269 291 798 889
58 75 83
37 665
8 55 71 153 225 477
59 101 247
465 774
175 204 406 458 489 627
95 190 903
188 399
16 17 18 86 92 475 714 982
12 145 634 967
120 831
495 504 544 824
23 435
5 263 851 898
12 123 135 517
449 780
13 49 155 174 241 254 394 596
138 301 320 362 549 586 665 715 838
11 683
344 870
173 274
44 133
71 289 453
454 533
19 20 46 128
10 18 104 163 363
13 47 172 285 286 567 772
70 79 86 110 212 495 570 747 749 848
5 94 164 242 390 663 898
28 79 255 325 353 577 704
172 494
214 540
457 581
115 639
4 9 85 120 244 267 702 953
59 885
4 85 244 267 289 533 901
63 976 999
18 397 789
16 39 107 113 271 284 359 686
58 182
88 239 438 769
260 330 794
10 50 70 113 140 156 159 163 369 682
94 263 286
11 952
74 530
21 34
8 61 146 268 486
568 755 865
1 24
25 969
54 72 124 373 545 629 879
96 118 229 525 526 553 680
1 6 21 35 389 429 730
84 261 550
180 206 859
255 627
24 30 50 60 169 500 588 590 857
402 837
29 434 506 585
37 51 102 197 800
3 22 25 70 71 102 368 416 481 850
37 51 93 121 161 204 463 484 534 539
496 973
11 107 186 237 529 629 633 662 947
35 278
36 44 76 140 243 314 406 559 569 902
26 104 211 227 353 354 746
12 203
82 146
22 129 364 410 736 880
7 88 116 158 165 213 228 292 362 468
24 828
25 133
24 60 78 106 174 248 251 578 722 997
7 133
191 658
123 607 656 708 743 748 831
32 60 69 90 413 588
11 50 100 126 176
50 85 111
40 167 275 317 429 543 883
51 103 135 220 397 598
7 18 322 348
14 63 109 260 330
141 895
30 46 50 82 290 456 701 723 778 817
350 951
94 287 292 761 785 795
4 7 610
38 52 463
50 60 143 146 375
253 344 391 634
100 279 632 662
945 999
3 42 450 591 604
11 224 226 555 934
4 61 174 267 341 486 617 619
93 107 114 319 325 501 607 715 977
8 21 117 143 381 955
29 34 84 364 735 764 973
23 31 760
41 56 368
14 927
229 299 358 426 502 637 887
376 513
53 163 304
131 214 528
9 69 367 836
3 118 215 359 447 480 702 965
10 862
55 164 194 362 724
34 62 116 182 457
176 529
639 813 932
27 43 807
93 353
10 87 230 405 519 557 931
10 112 403
28 202 753
336 352
7 422 488 544
32 44 71 91 140 573 612 823
1 99 165 188 251 252 403 779
34 77 334
101 441
25 87 134 224 291 366
324 445
4 9 155 277 908
19 84 367 694 714 852 853 989
20 257 290 342 385 539 630 918
1 332
9 23 70 123 433 944
144 250
26 81 178 347 768 946
54 191 226
230 247 439
653 905
3 522
21 48 145 279 474 531 533 955 993
483 532 846
34 170 348
117 161 199 245 591 844 893
13 95 100 122 176 180 250 396 763 766
5 159 319 511 565
1 10 37 159 181
49 348
53 164 513 560 727
89 592
2 208 897 924
271 611 845
75 80 170 270
60 185 209 572 943
1 99 142 165 208
194 212 337 342 958
1 24 142 189 361 500 762 854
30 237 301 582
47 416
7 25 91 302
240 284
58 68 78
12 253 337 392 477 767 824
303 344
15 35 412 530
68 213 562 564 877
2 46 150 198
28 885
61 231 680
301 348 586 726
30 61 174 254 288 296 619 758 891
22 51 220 352 368 424 709
8 153
68 562
73 524 705
47 111 174 747
8 169 209
343 567
166 361
19 27 209
6 37 102 108 125 294 476 653
67 175 321 638 895
42 218 246 287 431 843
116 160 380 886
193 608
242 663 785
673 943
132 523
122 347
10 159 862
14 180 203 253 553
220 535 865
99 295 666 939
2 21 48 131 145 443 863 975
42 68 299 728 930 987
30 50 157
58 618 678
74 280 384 496 880
32 53 280 305 841 887
179 427
15 35 112
65 80
161 643 693 837 893
278 350
60 184 428 789
3 321 558
20 33 42 43 147 160 176 236 402
12 41 124 288 296 427 526 541 708 964
32 58
37 273
307 355 878 968
41 82 96
25 148 323 377 433 461 571 829
238 253 296
17 23 65 107 843 922
15 35
45 57 86 467 542 563
13 50 125
8 602 840
265 587
15 45 57 92 105 170 252 326 419 654
4 154
192 927
49 200 459 534 726 861
167 361 578
256 483 908
45 74
7 91 120 154 526
70 304
547 679 707 761 867 869
16 32 64 133 135 259 283 308 436 796
11 17 39 72 245 339 907
18 196 640
127 982
18 196 466 966
539 622
2 48
28 40 104 163 178 519 746 872
5 64 289
26 41 47 59 111 146 377 468 628 723
27 144 580 678
63 220 357 446 586 662
30 114 139 154 375 382 537 696
133 416
26 112
20 669 918
87 863
103 734
180 203
70 233 302 450 569
120 152 172 245 404 470
15 57
291 373 440 533
48 342 844
21 444 658 714
134 436 461
190 599 699
35 322
3 15 27 33 45 210 836 900
85 267 822
21 182
437 545
169 293 742 749
8 13 983
110 228 275 281 515 808 938
688 697 792 811
19 33 195 801 916
20 33 379 420
24 40 106 167 170 270 317 363 540 938
6 23 135 717 825 850
12 47 60 99 268 335 352 525 741
53 258 971
8 28 921 983
62 71 91 156
76 171 186 310 353
7 256
154 158 536 629 729 740 843
15 16 105
11 33 52 483 549 643 695 787
63 664 812
186 592 805
80 532
142 388 428
39 134 146 183 366
333 342 958
187 357
47 124 327 603 852 937
82 157 183 321 334 417
190 625
81 101 147 200 282 309 524
73 266 311
3 88 168 285 535
88 126 285
4 47 389 531 828
557 574
27 466 686
198 527
100 516
18 132 196 695
84 664
34 362 715 757 923
114 187
32 71 564
18 19 174 186 188 460 521 857
5 10 24 90 267 323 518 666 1000
16 97 225 467
59 68 392 774 933
400 636 673 898
90 234
130 181 581
42 276 325 534 944
108 368 646
7 22 91 129 150 233 577 731
12 100 104 632
42 929
14 216 957
9 115 676
7 83 133 150 308 398 520 569 919
76 274 409 762
31 79
5 323
30 198
41 75 541 667
251 365 492 565 709
4 85
15 187 249 788
34 267
73 201 226 231 247 266 594 631 705 912
30 64 392 679 814
258 819
10 14 17 79 81 112 129 516 783 791
51 72 482
7 424 719
73 506
13 327 378 617
16 26 880
125 855
369 508 656 725
17 77 93 192 308 503
337 848
194 495
145 548 881
80 306 948
211 292
19 212 333 539 579 652
207 994
82 119 737 941
389 529 590 729 927
27 144 329 331 788 807 944
13 209
19 46 128
61 268 288 349
135 490
511 630
51 52 125 221 478 567
49 83 134 217 653
711 790
99 142 148 166 167 251 332 565 871
11 116 666
354 480
106 346 471
203 729
2 21
97 459 873 928
102 476 612 745 899
30 60 191 198 295 429 479 648
117 693
266 311 441 532 985
6 77 481 680 804
861 909
8 707
23 38 52 149 328 820
6 56 123 803
168 210 375
84 655
385 512
6 7 876
98 147 201 506 933 972 979
9 23
33 63
28 59 577
384 841 849
26 49 138 155 238 325 909
45 175
374 991
1 24 89 165
12 26 88 187 250 380 502
16 35 42 45 86 105 202 371 884
187 193 300
8 109 153 232 279 431 708
88 139 406
96 264
19 20 121 271 420 605 877
98 971
1 210
259 870
1 121 191 397
9 16 419 504 915
17 114 136 223 291
44 68 787
260 794
5 7 94 263 390 494 505 642 917
105 818
38 425
78 201 340 415
211 410
103 151 153 481 853
6 51 294 490
16 97 112 471 544 677 756 791 858
67 698 840
188 491 854
103 575
29 80
110 345 672
3 558 623 793
12 100 122 383 814
3 29 61 251 349 919
11 919
43 298
33 128
24 55 170 278 361 514 762 997
419 563 582
37 51 855
344 707
21 114 270 535
319 776
57 471
29 73 216 272 282 306
10 26
51 103 294 684 974
6 22 62 220 372 575 825 962 995
183 426
59 312
19 20 33 98 125 173 333 574 958
264 331 442
40 76 118 922
10 21 40 63 79 783 808
29 300 342
13 546
3 19 33 420 802
257 328 704
36 786
88 769
16 74 89 124 248 332 752
275 281 317
41 49 81 197 200 323
11 319 423 592 593 657 713 743 838 936
50 375
11 17 29 36 54 72 76 302 326
8 155 382 910
5 324 930
131 454 473 888
25 150 925
36 140 153 169 206 351 531 561 975
72 226 284 316 766 835
52 167 407 704
385 652
14 39 124
9 115 367
8 80
137 149
18 196 896
138 710
207 218 415 792 811 984
387 730 866
14 63 794
19 82 155 249 574
34 55 138 194 320 501 534
6 62 113 326 407 569 900
59 519 551
57 60 210
34 49 53 77 189 202 280 935
9 791
36 208 270 363 570 721
166 167 252 258
73 136 169 222 302 399 667 870 878 966
23 44 66 71 124 398 512 580 952
504 624 918
22 220
3 5 94 101 147 636 1000
25 32 179 235 264 282 414 701 703 754
2 5
15 92 112 340 858 990
881 901
6 37 108 125 197 336 584 809 974
39 107 115 121 158 196 248 318 319 963
63 89 90 128 165 221 296 330
18 388 440 751
299 810
23 31 217 227
8 42 43 67 144 698 814
26 81 290 314 847
10 14 17 63 304 687 957
434 842
2 21 87 346 551 599
194 263 454 475 522 777 956
18 24 183 217 246 765 894
78 137 638 647 819 845
147 816
10 159 312 872
9 31
15 225
110 275 345 784
31 68 435 849
107 418 934
45 97 371 488
36 204 255
144 203 276 374 561
4 14 85
21 87 453
64 264
84 99 140 147 180 393 430 640
572 767
10 26 79 160 178 355
65 98 134 594 986
82 268
33 46
35 724
1 43 47 165 580
192 231 238 462 588
141 242 324 390 400 689
177 330 449
9 90 206
39 821
134 366 510 985
119 280 488
3 781
295 297 338 764 798
2 51 127 184 291 397 800
5 35 94 530 785
39 175 443 553
181 188 641 797 815
10 13 41 82 251 349 526 546 595 637
47 349 431
30 122 203
46 204 219
66 503
25 89 597
70 213 752
46 130
6 35 243 775
290 752 911
9 23 115 181 273 298 710 760
2 11 17 54 366 434 466 657 890
75 229 238 254 335 891
53 376 440 799
252 370 813
77 205 254 338 480
312 950
13 541 857
44 189 995
1 246 283 403 682 894
51 90 197 294 465 795 940 974
287 324
554 877
72 93 593 890
13 36 41 82 249 758 887
10 36 69 72 79 148 173 271 274 485
164 400
8 10 26 160 727
14 63
26 40 104 178 946
87 187 263 300 611 750 897
28 312
87 444
25 68 120
306 620 734
166 263
28 33 59 315 448
299 469
13 61 111 169 296 431 595 758
4 31 233 720
6 286 327
92 238 306 360 363 408 572 668 671
17 423 766 864
31 160
94 193
97 225 379 422 830 990
61 229
111 329 377
69 786 796
117 161 750 833
2 21 31 38 61 145 214 787
1 89 182 302 578 601
1 18 363 372 494 564 570 641 709
5 143
58 610
1 77 99 232 498 721 779
54 158 285 815
9 23 31 177 189 338 797
271 339
5 64 131 168
411 439 914
2 21 131 269 556
699 908 986
12 32 58 174 179 204 505 559 964
19 20 30 130 290 293 333 778
645 700
7 106 165
597 831
45 57 92 160 322 542 777
14 40 230 261 360 700
65 88 199
23 298
210 754
2 21 131
564 906
34 66 77 277 459
22 56 62 103 120 125 165 315 523 855
9 31 103 217 298 367 911
76 240
110 770
3 14 22 25 241 482
58 79 314
69 255 468
43 991
205 240 260 418 451 466 523 931
69 179 354 654
2 114 373
44 327 414 450
201 408 493 631
22 29 73 80 306 448 493 771
16 382 477 818
81 314
604 992
99 170 235 248 307 717 834 933
309 478
69 432 489 805
27 395 716
1 45 313 467 827
7 83 106 356 755 902
74 127 227 542 625 790
190 671 759
4 27 73 120 225 226 812 851 965
174 694 737
48 127 143 154 297 376 421 455 545
310 420 609 688
32 71 140 150 162 171 199 552 573
789 832
17 18 386 576
133 166
205 821
53 69 71 108 309 413 566 740 875 1000
106 439
17 45 178 256 407
157 288 468 892
12 206 235 293 589 622
25 387 635 950
78 105 107 310 316 562 590
6 490
8 67
101 978
206 819
44 70 162 547 701 740
176 605
122 181 215 259 383 487 744 947 973
58 265 976 981
27 90 151 161 206 402 430 455 845
141 292
17 39 72 76
16 95 97
52 512
37 164 636 689 829
2 55 84 111 119
166 236 364 499
4 27 67 104 125 261 269 329 380 659
504 981
95 826
1 89 335 388 411 565
2 67 394 426 473 551 606
23 83 674
16 773
318 456
122 391 509 954
65 315 441 507
67 109 153 259 393 602 689 983
166 514
13 29 32 80 147 644 771 781 979
3 22 67 77 102 109 116 200 647 935
3 842
7 23 333 472 509 627 698
14 27 42 43 374 925
555 894
122 303 452 745 954
33 46 108 128 212 652 841
52 91 156 212 256 562 773 900 906 987
12 104 163 449 860
54 55 84 236 284 389 604 659
40 159 516 550
7 20 289 568 635
138 277 404
224 606 817
56 135 620 960
36 612
8 15 48 131 540
53 99 208 283
44 113
4 136 199
11 315 529 809
88 152 444 535
6 110 131 214 318 368 770 938
37 62 123 197 273 575 684 905 961 963
42 395
65 80 216 355
867 874
27 53 138 200 202 219
6 8 109 130 195 224 615 661 868 942
110 214 230 244 317 339 515 645 926
337 452
117 357 660 730
115 189 241
41 96 211 229 952
119 223 286 667
13 139 241
67 477
2 5 19 111 130 160 445 579 820
26 101 164 359 390 419 717 731 920
22 37
41 118
288 496
331 875
161 373 394 643 738 924
10 286 354 978
166 232 332
82 157
22 30 959
177 295 798
14 65 320 735 899
29 158 464 493 784 816 835
9 12
184 548
258 325 518
22 37 351
28 59 462
21 105 155 171 356 421 760 969
34 301 690 977
98 227
14 48 62 98 193 436
97 172 221
