4
6
27
24
15
5
1
31
18
11
2
9
3
28
8
8
2
30
12
12
6
5
18
4
1
11
16
25
7
17
18
1
12
10
8
13
5
14
2
11
3
16
16
1
8
12
3
6
10
17
5
14
20
2
22
5
8
1
25
17
3
5
28
17
7
10
31
1
13
1
1
2
7
8
3
2
10
1
11
7
11
3
1
22
24
8
6
29
4
23
1
8
2
15
8
3
8
7
4
9
7
5
5
11
8
4
2
5
31
19
3
8
1
6
18
21
33
3
3
1
2
9
5
3
5
9
6
12
5
12
6
25
1
32
5
2
13
10
3
1
15
4
6
16
6
3
7
13
18
1
16
29
31
1
10
1
3
2
11
11
33
1
11
15
4
4
4
17
12
4
2
1
13
3
13
2
21
11
1
9
18
1
32
6
21
2
6
4
18
8
2
2
6
22
12
30
5
17
2
10
7
10
9
13
2
23
26
4
12
17
30
12
1
19
14
7
18
26
10
5
29
13
2
6
8
2
18
19
3
4
7
4
1
23
4
7
2
3
29
2
3
15
13
24
6
4
7
4
13
9
4
4
9
3
13
1
14
23
9
28
11
17
15
17
1
7
24
3
6
4
2
7
5
13
19
16
10
20
9
20
19
7
4
2
29
3
15
3
1
12
6
15
12
5
21
3
21
18
7
6
10
1
9
1
5
7
11
10
14
2
7
25
4
11
7
2
19
19
2
10
32
8
15
15
10
1
3
14
3
28
6
4
12
3
4
5
9
21
2
8
3
12
29
9
19
6
4
10
3
20
5
5
2
11
11
1
6
3
14
14
4
10
4
7
4
32
18
5
11
30
8
4
6
16
17
20
3
7
12
11
8
31
9
20
14
2
1
4
2
15
9
9
1
6
16
9
5
21
4
15
19
16
4
6
11
13
1
7
13
5
4
20
23
1
26
1
32
18
8
12
13
8
2
5
14
3
1
4
17
16
3
13
18
7
1
32
27
29
4
20
7
6
6
6
15
25
14
7
16
1
5
9
1
6
16
19
26
13
10
9
32
25
14
7
5
2
8
3
7
1
8
9
6
24
8
5
31
14
17
14
5
18
7
27
13
3
9
8
13
5
26
4
7
1
22
9
4
5
7
14
10
14
10
22
1
7
7
6
9
32
14
14
20
4
19
11
9
23
11
1
13
27
25
7
3
3
17
19
2
8
24
7
24
10
6
1
13
5
12
19
3
8
13
8
27
3
1
6
15
11
6
1
3
2
4
6
11
27
1
20
16
1
8
1
4
32
29
1
1
4
6
21
1
11
5
22
1
4
12
4
26
1
17
5
7
10
1
17
2
2
2
2
2
7
3
3
19
5
6
14
1
31
3
22
2
6
10
6
23
1
6
5
27
13
6
11
3
1
3
5
17
12
27
14
8
1
13
3
2
14
7
9
2
12
1
15
3
23
4
30
4
1
33
7
28
14
23
20
3
16
12
12
5
8
22
6
2
2
8
4
10
9
15
22
9
21
3
21
14
3
8
11
17
1
16
15
8
3
9
3
25
4
2
5
14
2
28
26
15
10
5
7
33
3
30
21
26
31
7
28
1
14
1
14
7
21
9
3
4
8
8
13
2
8
10
16
5
16
5
20
4
4
3
10
6
10
20
2
2
1
1
20
2
5
7
22
3
6
9
1
13
12
2
29
5
11
24
9
12
6
4
4
25
17
1
8
10
3
1
18
9
4
9
21
15
2
9
11
29
19
7
3
1
25
6
2
5
12
4
12
27
7
11
19
15
13
6
13
30
8
8
26
27
28
5
7
18
21
20
5
12
12
5
10
13
4
16
19
5
29
26
22
4
9
2
7
6
8
23
11
2
24
1
22
5
6
8
4
15
8
1
30
33
4
7
23
33
10
11
31
20
27
2
6
23
7
11
9
20
5
1
3
22
4
5
2
30
8
13
2
10
11
6
2
6
1
9
12
6
9
4
11
10
9
6
1
2
11
2
8
24
9
12
16
25
21
3
8
22
2
3
3
33
4
15
30
6
15
5
1
24
1
8
13
5
1
2
7
10
10
18
7
8
4
18
12
3
14
1
2
25
2
28
6
16
6
2
10
16
15
11
4
7
18
10
2
3
19
21
7
3
1
17
16
33
11
2
7
28
1
20
2
24
9
6
27
28
12
21
5
5
10
5
1
9
30
4
11
9
17
7
12
9
5
6
33
10
3
7
13
1
8
31
26
32
7
1
8
3
8
16
22
6
26
10
8
4
14
33
15
