3 25 68 140 387 414 501 505 582 642
29 73 101 434
22 538 777
38 94 360
29 73 88 221 285 835 933
15 92 239 827
11 26 39 82 678
391 396 472
10 26 104 307 366 461 768 962
11 192
77 96 666 886 959
470 635
60 262 375 943 970
36 203 243 250
2 20 33 46 341 454
26 405
75 82 124 139 239 288
10 40 183 250 321 355 636 753 851
76 199 284 466 592 684
154 160 740
120 731
311 930
14 63 404 581 640 811
39 54 121 633
71 139
3 767
77 134 985
29 34 202 459 963
47 526
68 76 109 418 433 554
334 426
4 11 822
22 51 70 71 75 91 387 897
6 22 110 345 451
53 123 384
4 953
145 193 373 443 669 860
21 34 138 724
153 903
10 211
7 16 387 562
2 571
10 79
1 11 24 332 365 372 834 899 997
21 224
20 129
32 34 58 77 83 450 501
5 73 76 237 400 483 766 779
47 395 675
116 294 368 668
103 352
32 44 126 172 265
17 57 92 625 913
79 178 307 380
36 104 255
53 132 280 440 513 560 690 951
77 200
20 22 33 401
142 167 721
49 67
114 131 826 865 926
122 965
12 58 383 396 517 807
122 180 303 344 383 413
79 314
12 19 116 150 156 605
43 430 716
55 165 251 347 495 812
16 113 322 944 988
69 173 222 249
64 130 485 976
18 24 64 165 208 370
17 44 61
128 958
18 196 203 344 370 460 814 857
30 280 549 588
5 295 340 398 994
9 31 227
38 129 257 309
10 40
2 8 48 72 153 318 611
110 746
75 161 837
54 88 285 343 566 567 769 810
117 161 171 186 340 423 776 976
173 458
21 508 548 567 897
281 419 462 528 774
42 43 527
148 513
333 539
100 122
98 231 408 474 524 908 985
161 893
245 269 271
176 261 284 672 820 821 973
61 82 546
172 393 494
74 242 297 419 707
81 85 218 354 437 484 516 581
130 134 183
48 87 865 955
11 33
27 42 117 402 430 583 833 970
13 258 518 978
180 969
35 45 57 112 220 285 438 714 878 913
38 44 502 642
21 444
5 247 260 385 646 898
59 446 885
28 50 523
32 34 260 687 715 788 957
14 144 151 406 455 794 828 884 991
5 42 151 374 576
16 20 74 379 756
8 12 840
19 53 108 183 251 305 461 543 727
8 38 396
58 407 453 505 536 562
179 326 450
154 233 393 407 416 876
12 517 848 882 965
11 35 112 190 316 729
13 96 111 241 288 341 758 892
62 452 653
11 54 72 310 386 729
134 417
97 190 759 858
61 96 124 146 327 525 591
41 61 76 107 238 241 341 526
206 258
101 378 782
30 52 230 583 754 932
55 194 736
19 59 66 132 212 681
2 11 35 106 439 514
17 136 911
40 81 104 160 574
47 142 230 417
69 148
16 136 161 743
90 206
93 121 199 240 879
11 25
73 93 147
24 61 166
97 790
6 129 899
193 300 787 980
56 117 770
60 69 255 627
13 241 617 965
22 37 197 220 575
89 106 142 246 709 752
30 50 60 240 264 479 583 598 885 970
14 30 123 127
4 747
415 792
50 168 570
384 560
76 205 446 491 592
4 129 135
297 959
53 125 350 384 412 706
33 46 333
45 69 225 982
32 256 450
18 57 196
6 102 423 990
551 725 975
138 200 293 534 838
22 32 823
7 153 823
6 7 55 129 135 604 676 992
19 20 286 536
94 522 613 636 855
16 86 95 216 475 735 830 835
5 27 290 293 390 455 655 824
1 32 167 191 248 251 258 481 871
89 230 246 372 762 914
12 23 31 227 253 482
15 57 638 982
30 270
32 40 44 68 70 78 942
231 272 364
53 87 260 843
56 103 397 538 809 960
173 805
44 88 133 152 285 810
90 428 648
1 217 298
160 257 263 646 785 917
114 143
11 136 843
36 137 148 175 216 458 476 543 627 786
34 49 66 130 200 239 325 586 715 909
9 53 189 278
27 43
350 648
143 159 300
49 928
6 56 125 717
11 275 295 319 591 666 886
5 51 164 287 316 390 589 713 890 1000
108 850
50 64 89 555
26 79
46 60 262 673 754
11 22 34 39 49 503 641 873 946
3 545
13 41 181 525 758
253 392
18 291
761 870
1 36 70 270 709
158 683
16 143 153 187 606
97 530
47 84 194 495 504 824 853
218 268
54 72 76 199 480 856
14 923
279 472 665 742
412 799 841
40 81 163 557 783 862
2 28 462 922
3 13 139 157 327 545 558 956 989
108 481
1 89
29 65 483 979
661 804
254 357 519 550 574 672 968
8 9 26 48 66 88 146 670 852 917
374 449
43 675
50 198
8 67 109 289 353 382 983
28 132 402
37 46 59 152 234 638 647
36 69 255 406 421 741
64 89 170 372 411 513 721 997
38 299 425 480 765 800 918
14 115 152 330 343
4 68 91 953
25 37 440 481 584 974
334 468
2 110 118 119 300 344 667
409 485 537
25 44 168 172 453
2 48 926
13 72 284
34 362 459
3 207 330 581 656 697
116 186 666 706
31 65 181 201 388 499 915
100 401 784
12 31 32 113 140 356 520 823 902 969
84 264 429
46 159 290 555 801 952
97 277 534 962 992
141 287
234 577 836
279 337 344 620 831
146 377 989
9 270 433
14 121 273 745 923
27 74 921
21 48 127 139 551
24 208
24 134 389
46 198 284 590
14 63 94
55 60 210 236
1 99 270 332 376 580 626 779
40 160 163 346
9 149 151 227
29 282
19 33
33 195 248 290 634 735
16 57 170 888
44 71 162 172 304
3 613
475 488 830
39 54 59 171 207 223 339 658 814 927
82 89 363 388 403 565 602
84 106 576 664 889 974
51 197 260 424 977
17 30 72 240 386 890
334 737
13 174
148 173 886
27 81 144 675 944
5 49 928
71 83 427
183 363
8 67 698
2 131 863
110 305 351 576
228 281 401 456
278 280 366
18 21 107 291 473 535 579 608
2 29 184 346 357 373 444 599 817
413 647
23 31 115 309
38 182 618 964
665 748
18 857 966
9 31 144 155 181 263 418 760 807
872 878
11 192 271 353
19 143 305 972
69 125 137 141 204 274 855
32 133 343 499 759 769 942 964
215 328 359 385
4 85 267 829
44 55 89 470
509 739
28 59 203 452 587 597 774 885
169 175 196 207 376 415 849
6 34 57 123 202 277 286 301 424 584
124 525
312 523
129 305
19 46 54 102 136 205 729
25 563 658 776
573 902
55 765 990
7 70 71 213 233 393
529 728
42 151 374 925
55 504
81 211
36 137 255 537 904
9 14 189 330 354 602
46 59 79 132 234 312 523 819
9 190 227 580 768 950
22 102 125 755 795 809
43 215 477 602
37 65 231 266 441 524 585
32 78 96 182 244 486 831
17 24 165 208 235 388 568 743 894
3 94 164 292 390 829
37 56 217 798
17 174 186 191 199 216 423
25 552 559 755
488 565 818
20 46
12 18 84 198 211
197 265 302 335 453 494 987
9 115 217 760 911
1 43 188 215 289 494 555 660
5 320 323 400 445 549 676 765 895
8 38 67 215 733
105 818 882
54 121
345 528 938
28 337
12 102 126 180 253 279 392 397 460
11 17 107 121 171 223 389 629 952
36 69 371 522 788 805 986
89 99
137 405 406 904
9 23 115 367 386 655 797 915
5 25 62 78 135
5 85 244 898 953
84 142 313 853
82 174 241
7 41 44 83 628 703 785 851 977
437 522 623 956
22 691
18 250 337 370 392 496
1 24 78 91 120 246 428 900 902
11 25 68 113 150 293 356 416
18 211 896
19 33 212
445 930
6 54 144 336 974
15 16 57 340 563 880
95 491 996
97 218 389 546 603
24 166
3 558
15 105 112 381
693 945
13 15 57 59 92
14 63 645 687
51 108 125 352 490 512 653 719 734
56 102 336 612
212 342 535 958
187 615 629 993
204 336 610 752
6 100 125 185 696 734 745 803 939
49 219 256 348 690 804
67 109 334 510
6 34 138 348 468 503 835 909
48 86 187 269 544 548
41 42 144 276
1 112
30 338 398
10 292 301
2 79 178 245 394 574 738 775
207 558 984
67 501
14 63 92
305 777
17 107 192 199 339 423 554 686 832 947
87 143 473 738
44 88 221 782
14 45 302 674 701
7 70 83 356 414 547 559 564 610
8 67 75 229
8 109 153 185 840
1 106 165 310 751
43 294 336
79 81 179 202 214 380 746
104 178 557
102 336 795
308 325 690 712 715 724 757 910
365 411 524
6 135 159 197 261 538 719 825
11 39 121 136 284 589 864
100 203 344 452 848 954
24 439
38 342 630 704 802
77 80 383 448 469 699 771 796 986
10 163 872
58 83 172 755
1 235 399 403 570 641 660 932
27 173 276 884
30 376
268 286 329 341 349 586 595
17 195 877
19 20 56 178 294 431 651 652 802
137 904
1 578
14 260
37 48 62 143 477 691 924
189 229 241 457 676 680 772
26 847
395 925
69 376 407 409 792
604 812
15 16 210 818 827
183 461
13 61 118 139 296 852 856 917 937
12 112 122 152 391
115 915
40 120 133 547 900
86 151 247 464 705
10 380
155 202 320 459
88 744
10 79 160 839 962
18 30 621 889 966
5 20 130 142 242 333
67 109
37 95 206 819
2 57 86 791
9 60 65 80 378 493 566 656
628 989
64 203 262
157 174
83 304 577 731
51 905
36 95 249 409 507 625 861 981
90 258 384 609 836 845
231 692 948
5 141 181 242 263 367
169 209 212 328 360 502 600
42 43 471 659 756 812
15 133 323 491 626 988 994
401 938
777 961
63 70 151 301
65 73 216 311 493 506 694
207 697
226 713
24 45 50 170 235 244 270 553 782 834
3 29 495 793
90 106 234 352 377 413
209 868
41 47 238 268 887
696 901
147 644 933
104 159 160 862
53 440 560 732
36 69 321 566 712
176 240 386 592 922
84 683
92 190
66 348
6 126 383 882
12 253 621 679
281 317
48 114 473 744
17 54 72 76 204 237 392 575 591
29 98 520
208 813 828
13 101 119 631 649 667
4 63 296 822
589 927
30 50 183 278 420
17 23 157 171 191 214 334 860 891
9 27 42 56 144 374 470
15 86 530 880
49 157 320
104 110 369 667
39 54 733 890
35 48 57 105 145 190
10 257 359 409 516 616
2 21 48 291 844 897 995
1 24 106 142 188 252 363 439 492 722
8 49 66
30 751
1 99 235 332
62 221 351
29 506
29 371 654
279 707
29 147 387 979
28 300 396 485 509 662 954
77 79
366 436
4 27 185 294 338 533 562 798
94 895
350 415 749 849 951
58 68 91 326 549
9 23 102 149 157 186 269 298 361 639
52 478
28 59 206
63 174 515 637 881 957
224 269 394 454 571
291 443
148 542
3 232 367 842
21 193 228 317 926
4 31 94 141 242 267 474
16 35 49 92 112 308 810
191 205 815 860
111 619
65 129 134
12 225 391 460 496 711 870
4 85 267 533
6 37 103 123 760
166 372 403 578
14 37 90 206 388 481 490
15 97 187 269 340
190 790
16 671
26 79 170 768 788
275 317 373 515 680 892
7 230 252 751
73 80 116 274 295 299 509
14 21 131 137 274 357 543 560 975
148 489 859 980
36 175 243 614
16 659
66 87 138 726 804
19 134 211 366 417 566
2 184 548 875
28 149
48 331
4 531
42 151 395 455 718 929 991
18 47 96 164 196 259 370 789
24 59
33 128 290 972
52 163 480 574 783 878
15 22 35 45 471 542
6 12 22 98 588 653
56 234 462
19 128 142 156 552 727 906
479 588
15 97
70 91 182 505
9 181
80 201 282 448 507 631 699
142 166 722 779 806
214 275 528 540 597 808
23 418
438 744
116 572 908
1 39 101 189 248 563 730 941
66 77 219 873
36 173 175 243 421 458
20 33 46 130 169 195
26 380
430 449
7 364 499
211 225 695 726 789
13 50 61 64 100 337
9 60
25 182 303
231 247 483 796 893 943
18 47 119 196 311 358 377 758
46 369
5 126 164
148 376
26 56 81 149 296 314 499 946 968
2 74 131 331 350 656 787
14 63 923
41 286 553 619
29 469
51 123 584
270 497
265 642 688
497 514 762
223 271
17 226 310 319 339 522 545 629
66 449 995
4 65 244 448 901 916
167 251 363
215 252
27 28 43 59
4 309 385
127 204 274
11 17 121 212 947 984
38 113 480 512 685
44 57 105 208 223 414 419 428 569 722
1 13 34 41 96 155 170 497 565
98 164 315 434 464 585 689 771 829 846
24 72 176 593
3 9 623
7 14 63 68 120 140 283 427 645
98 735
51 108
126 379 460 579 622 767 948
18 432 485 489 978
7 25 177 213 764
5 368 612
15 80 201 216 236 245 247 940
23 27 31 189 906
33 110 166 228 316 540 673 808
99 142 492 709 762 967
92 95 472 677 707
435 703 730
1 361
9 31 330
12 203 717
77 200 362 838
3 781 879
310 529 590 750
17 85 107 191 267 316 531 763
32 278 453
28 35 95 105 147 266 816
94 287 292 507 549
39 205 237 339 757 815
3 545 793 842
54 76 81 158 226 310 728 766 864 907
24 363 787
13 75 82 435 603
6 51 56 220 368 899
37 62 161 258 451
30 210
52 65 88 92 542 567 654 982
23 31 82 118 135 165 288 323
176 529
22 62 220 465
61 941
23 30 64 67 324 375 429 431
8 477 840
44 55 60 194 504
26 50 198 375 754
17 39 93 114 209 443 466 590 826
73 266
10 26 307 616 998
126 767
1 20 128 169 420 539
15 28 97 132 225 322 419 834
86 97
435 740
7 129 271 520 877
38 52 215 257 309 447 463 478 624 702
17 141 164 223 263 323 869 936
45 710 791
11 14 466 957
195 209 279
209 290 420
53 170 365 813 871
204 255
179 900 987
4 35 95
9 31 69 101 115 227 476
47 254
76 153 482 797
447 456
40 133 559
3 84 228 275 317 345 623 956
2 10 35 53 197 225 371 908 996
7 83 150 876
37 51 123 180 451 476 691
83 95 127 190 684 790 830 960 961
8 39 53 84 554
5 20 22 28 273
13 47 254
32 601
4 16 45 86 201 493 524 771 903
38 359 702
17 30 93 168 198 210 264 527 673
105 913
9 149 193
74 185 306 338 398 414
90 518
14 69
79 173 222 249 369 672 931
121 158 171 261 519 633 847
6 22 51 102 124 129 133 855 872
22 276 719
40 307 862
10 26 145 382 405 425
16 20 35 293 539 827
44 170 251 806
8 67 109 153 154 592 626 698
54 386 936
18 29 896
54 80 101 117 186
11 42 176 272 561
178 287
3 437 484
18 73 196 699
393 582
6 155 320 348 503 661
25 44 128 165 232 242 246 266 342 356
282 408 507 692
13 49 188 365 586 596
25 91 156 256 950
1 170 313 929
52 131 257 298 328 478 512 600
38 63 500 630
4 474 633
21 87 127 138 434
217 934
38 52 502 511 512 556 608 624
5 521 689
247 506
315 705
48 725
4 76 85 192
283 335 382 682 871
20 51 579
34 208 503 808 861 909 987
833 976
3 80 306 781 793 912
22 148 243 432
9 31 596
71 137 289 601
54 684 784
6 62 103 147 290 498 582 963
31 149 298 367 934
140 177 185 939 959
158 164 353 952
70 162
155 724
28 30 35 60 375 429 588 925
275 318 345 515
193 924
110 136 214 456 511 540 938
46 801
130 169
15 259 391 415 457 811 875
27 807 969
26 152 181
9 23 248 347 482 570
41 113 119 124 182 288 296 302 536
5 400 613
66 71 141 150 179 213 267
58 177 407 552
821 856
121 176 316 686
111 468 723 891
57 101 107 161 171 282 381 594 920
20 90 206 258 322 609 647 791
16 75 105 112
28 202 362 681 778
17 87 175 658 843
20 293 652
7 8
12 97 205 322 466 973
486 708
19 20 33 169 651
59 446
381 464 518 532 836
20 39 75 96 238 308 348 603 663 757
12 33 126
199 920
42 43 99 449 487 526 596 694
132 162 312 436 446 753
42 43 55 144 422 794 944
80 172 231 236 306 364
44 140
287 355
274 521
360 385 511 685 918
144 991
21 184 196 608
117 693 893 988
155 200
112 888
8 111 146 280 341 553
11 240 319 461
12 259
26 48 133 233 587
10 40 159 163 178 783 839 935 968
794 949
45 74 150 471 544 625
15 18 95
15 35 74 92 195 263 801
315 594
134 204 412 440 458 513 799 849
40 79 163
373 443
19 128
18 229 640 832
221 343 949
33 228 412 720
7 32 157 265 568 618
60 210
61 241 329 541
48 394 606 844 869 924
6 103 125 220 424 490 498
1 188 467 501 607
2 26 40 77 219 369 910
12 91 100 337 488 740
38 52
68 559 703
37 89 166 197 246 273
117 643
53 93 379 463 985
64 168 264
61 268 349 694 708
105 150 381
14 63 260
55 439 495 992
65 408
42 65 585 912 971
18 21
5 895
10 26 354 599
20 41 169 595
6 22 37 56 62 368 410 498 717 825
292 995
213 233
5 25 99 252 292 399 400
177 295 398
1 166
404 611
12 73 311 483 742 816
52 328
14 35
26 354 927
36 137 180 222 234 249 406 432 712
84 664
1 215 359 600 669 685 704
16 711
648 841
2 269 331 346
47 268
32 564
15 30 530 903
145 281
25 85 120 145 205 244 314 881
7 25 167 172 187 362 427
154 569
75 82 268 486 525 937
70 113 156 573 701 950 981
124 157 174 426 617 628 723
15 250 472
15 16
10 96 438
8 26 27 52 328 395 447 463 998
125 809
36 161 615 678 773 945
30 50 188
40 81
39 593
5 164 324 445 1000
229 288 546 680 720 892
56 116 454 584 750
3 34 159 277 516 688 839
15 74
4 85
127 163 394
39 89 591
432 473 489 614 845
52 500 993
5 55 360 378
66 118 486 534 670
3 194
2 377 737 772 937
68 172 593 919
13 90 819
2 187 556
81 91 436 519 616
222 421
70 113 116 166 256 398 520 562 610 764
31 111 156 217
32 71 91 601
3 29 80 117 236 282 364 493 848 971
22 34 68 308 726
4 881
245 281
58 68 140 302 557
116 147
75 174 678
7 179 552
11 879
81 746
72 192 389 651 933
6 22 538 728 803 961
61 482
53 107 278 548 551 766 841
23 115 313 367 397 517 580
3 319 437
425 630 646
145 750
45 880
34 202 362 928 935
7 21 87 573
106 639 806
695 857 999
10 26 40 98 104 160 355 532 820 931
10 160 261 291 946
2 8 48 109 309 382
55 77 155
50 98 168 201 500 796
41 119 254 772
313 399 492 826
19 52 195 293 420
71 80 147 282
9 27 31 275 302 392 540 547 770 867
40 510 663 763
35 86 279
6 37 108 218 465 612 800 877
19 342
2 21 444
301 444 607 615 910 936
103 114 131 184 975
52 99 335 425
151 276 374 484 884
1 117 171 230 837
9 23
287 730 866
6 22 62 397 620 734
61 296
6 123 158 368 996
7 177 295 668 696 939
38 118 868
16 63 687 700
1 194 634 853
4 50 60 262
115 152 451
73 146 506
326 919
16 74 86 422 654 888 990
58 90 120 206 587 866
19 20 130 219 634 802 972
41 163 259 307 355 400 632 739
38 511 624
64 262
17 136 907
13 24 128 212 622 742 780
42 144 359 395 502 561 650 847
5 65 147 191 237 632 930
137 243 358 537 741 980
69 98 489 912
19 837 999
28 59 106 523 649 921
674 773
3 93 107 214 318 351 456 770
168 527 583
8 67 109 698 983
39 95 104 776
47 82
24 183 682 894
83 162
27 42 529
23 122 138 203 303 321 383 662
8 111 286 637 649
298 911
45 422
23 31 189
63 165 201 896
1 10 12 114 122 253 570 665 761 973
19 45 46 95 308 340
49 202 586
148 222 859
36 110 114 131 556 817 955
116 274 297 798
10 62 192 355 550
41 47 96 296 327 553 887
110 117 999
1 313 514 752 914
51 498
5 27 59 141 324 663 775
733 922
29 134 236 469 631
41 68 75 139 167 229
21 114 127 131 346 357 394 454 571 611
17 39 93 319 737 947
620 800
3 214 842
59 124 132 753
158 314 380 820
33 237 883
13 46 96 104 157 223 230 329 335
255 521 543 595 627 748
31 32 68 78 154 162 304 569
167 248 283 967
55 346 664
37 102 108 351
15 35 92 371 467
136 158 262 389 743
17 21 76 99 192 353 920
7 162 450
66 200 219 224 301 661 725 738
115 149 181 197
4 10 21 70 304
12 110 318 496 682 784
13 43 146 227
80 315
9 77 138 155
15 57 74
141 324
23 156
7 213 252 265 326
14 60 112 475 527 542 645 657 700
19 128 342 868 916
3 898
332 997
448 585 940 979
53 280 727 732 951
45 413 530 638 845
58 218 385 564 688 940
36 69 204 421 786
78 120 304 416 547 564 568 635 701 759
435 831
238 286
281 318 490
136 176 907
46 126 452 761
41 61 75 358 431 541
58 100 126 303 391 497 838
10 508 519
7 25 70 71 91 179 233
35 475 710 858
14 39
23 41 71 119 235 254 288 369 670
28 132 271 683 815
2 64 168 198 325 621 718
49 264 276 561 643 650 833
8 179
106 967
43 716
232 277 283 459 580 607 873
15 86 90 103 112 371 381 756
102 351 905
52 72
4 62 179 747
4 85 154 244 474 531 550 945
51 108 825
2 14 34 72 273 711 822 934
12 71 109 259 303 496 573
83 120 154 256 568 851
3 17 323 597 605
4 177 297
217 433
21 863
13 162 708 887
1 248 828
50 198 264
3 781
18 187
78 117 277 320 534 693
6 7 62 582
6 51 56 102 352 410 905
64 111 118 210
118 119
24 35 251 370 399 526 641
7 78 162 213 233
49 325
24 99 252 347 372
8 428 492
312 462
465 963
76 107
2 114 357
6 238 245 442 508
55 108 194 889
74 347 488 544
81 159 178 516
82 111 118 377
161 643
232 361 403 578 639 660 854
34 154 156 333 536 618 731 942
5 33 390 528
29 66 299 441 469 532
109 382
321 436
2 193 863
49 138 146 219 325 561
37 135 220 745 983
18 113 387
140 156 494 587
4 85 267 533 723
11 146
134 239 285
177 185 668 764
28 312
50 120 505 531
228 350
78 150 182 256 265 427
10 91 113 125 133 222 470 577 686
177 572
9 86 188 235 321 366 417
21 67 87 178 373 551 599 671 869 874
130 195 379 778
224 322 396 748 874
84 736 824
3 13 41 47 331 349 431
2 145 207 404 442 491 622 780
33 45 123 130 135 257 579 858
10 28 314 405 692 931
25 132 133 150 577 773
7 32 71 113 143 329 919 994
88 221 769
12 679
277 345
16 18 211 640 789 832 966
23 149
42 292
22 175 859
103 465
50 64 169 594 883
207 218 581 984
88 239
16 45 354 467 710 714
93 158 186 199 200 240 249 741 960
375 943
108 135 397 410 575
94 242 445
101 518 609 705 854
1 188 208 273
9 433
16 225
8 455
185 572
23 141 785
175 249
34 73 236 315 590
24 36 106 232 246 411
29 73 101 378 464 846
19 20 33 209 212 333 379 778
261 447 463 478 704 998
2 21 87 114 127 193 224 291
681 774
297 572
14 36 173 422 521
16 45 294 544 677
2 21 508 571 786 844
74 87 97 471 671
116 184
26 159 563
123 135 811
11 171
13 153 349
442 487 874
88 152 221 285 567
82 93 139 174 353 554 713
259 517 695
201 594
332 487 509
11 186 189 237 284 338 605 706
58 78 238 289 426 569 674
3 147 272 378 484 558
87 143
52 539
214 418
457 792
49 88 239
2 127 145 300 535
62 273 294 575
23 44 393
58 182 216 247 266
283 721
47 61 254 327 349 541 619 978
289 356
168 479
3 739
25 53
23 24 31 122 232 283 361 797
131 145 184 295 535 556 606 817
20 780
13 27 47 119
8 67
10 104 338
57 105
4 85 358 901
13 19 167 749 813
27 43 54 103 226 402 424 650 657 921
72 335 894
100 180 358 814 867 981
93 191 657
317 515
37 111 118 124 426
139 546 617 637 659 852
58 876
107 271
1 8 89 99 347 500 669
24 99 165 194 365 388 411 555 854
100 122 180 250 632 679 864
25 58 78 280
361 578 914
27 43 140 229 402 430
209 702 749 916 918 958
45 870 954
77 138 510 861
43 276 514 716 718 929
40 261 550 557 747
29 360 846
243 537 805
7 70 90
47 111 139
65 306
72 593 821
12 100 662
98 272
330 949
92 100 467 677
14 20 152 343 438 476 598 850
128 175 614
5 6 324 410 504 598 736 795
12 122 180 487 763
5 94 390
60 479
263 1000
8 477
66 935 977
299 434 644 816 986
8 655
4 184 289 635 906 964
80 266 272 532
7 83 98 101 216 306 326 364
1 167 176 399 565
25 78 140 416 714 866 993
23 115 253 352 541
53 278 384 720 732 799
21 32 56 636
27 42 51 103 533 803 850
30 55 64 84 213 576 604
96 468 891
75 82 124
18 119 146 429 595 867 941
510 893
105 272 948
60 98 210 226 311
299 441 644 971
11 93 205 226 339
5 94 689
19 46 94 652 883
48 224 331 775 865 875 955
13 327 329 589 700
65 101 143 245 404 408 441 442 932
12 250 457 697
