307 384 430
11 176 597
192 613
102 128
70 285 293 524
164 269
115 188 293 412 595 646 780
14 124 293 462
148 155 334 527 617 643 989
39 114 306 513
15 131 473
8 29 54 238 332 411 739
84 482
132 277
30 53 114 501 579 721 873 943
60 80 622 660 743 806 894
3 478 806 860
61 105
49 169 221 239 288 331 354 455 838
43 617
205 231 369
236 672
34 48 121 286 724 767
45 665
13 93 533 772
36 62 64 69 666 993
5 9 65 69 71 143 177 268
38 537 989
47 685
69 357 445 457 516 677 762 977
84 344 771
46 154 184 896 982
6 81 231 764 773
28 364 801 803 939 953
24 240 982
4 19 189 194 285 472 820 938
13 127 308 696 874 980
8 80 115 188 299 388 442 794 986
166 198 987
2 3 69 183 203 992
6 32 142 199 409 553 578 855
14 58 154 162
87 730 921
160 249 957
342 571
45 517
30 45 100 297 887 890
102 391 467 915
402 563 614
284 817
35 315 402 486 514 593
69 93 179 282 370 460 565 640 955
204 399 594 595 741
50 209 245 759
30 164 348 396 990
13 32 55 78 448 674
193 568 664
68 205 261 443 742 799 936
82 895
26 40 58 59 67 75
781 915
334 354 447 843 858
2 36 43 51 98 184 328 685
44 134 456 720
24 38 550
55 114 294 582
108 389
20 43 95
2 11 84 104 118 287 504
411 798
22 53 55 96 235 584 612
13 47 436
18 625 952
662 786
58 137 153 574
23 24 401
356 526
6 125 147 154 395 414 621 802 979
24 520
182 407
1 208 333 419
91 120 144 215 280 351 685 755 799
627 829 951
121 219
156 197 889
58 124 152 211 242 393
196 303 399 903 917
16 39 498
538 591
52 59
236 570 676 833
79 442 517 768
33 75
25 79 126 372 541 547
18 92 357 454 958
27 105 120 135 187 384 782 836
398 451
5 203 276 279 568
31 60 506 734 890
122 192 877
452 669 749
222 695 789
555 746
106 732
31 49 399
53 325 351 610 723
174 401
7 134
1 29 79 111 495 688 727
131 519
186 638
83 95 454 992
30 33 150 205 224 261 362 437 628
348 363 642
30 164 392
287 534 689 842
13 141
17 18 19 444 505 934
20 59 119 200 315 925 998
28 270 644
336 527 528 829 841
24 296 835 930
3 6 10 179 222 247 285 445 828
10 93
9 16 102 190 415 467 600 687 865
16 662
196 903
24 87 163 236 240 296 330 576 581 757
25 83 95 336 951
14 82 117 455 491 511 614 631 843 911
349 353 518 846 909
26 403 406
19 50 52 129 142 171 209 819 845
26 291
56 61 109
23 196
17 85 214 359 376 477
369 558
4 68 318 543
34 240 434 449 891
4 52 103 146 283 854
54 59 120 227 332
217 627
18 44 90 183 191 338 647 831 876 945
60 932
3 60 621 810 853 898
22 63 275 595
99 121
28 630
62 67
308 312
51 336 963 974
47 51
22 115 405 752 926 982
18 38 90 160 264 795 824
126 424
259 345 542
23 239 276 300
4 296 938
592 711 961
2 98 187 229 232 582 836
25 372
138 296 914 921
11 106 156 197 231 281 788
26 199 441 530 536 654 899
66 178
42 45
50 124 162 297 524 611
1 71 209 225 257 292 758 807
550 560 601 624 996
47 547
41 50 70 311 485 542 587
72 78 145 222 251 471 590 648 899
86 118 210 299 631 893
57 61 100 181 199 248 313 817 862
60 219 273 894 987
424 870
32 104 106 145 738
202 416 493
21 33 130 610 632 962
132 211 283 288 571
80 414
67 365 871 944
47 102 128 255 306 755 824 864
19 26 298 420 708 947
16 76 474 540 564
23 31 969
35 82 103 288 298
535 573
5 66 128 142 170 177 251 438
99 166 344
468 626 703 881
123 308
264 493 993
14 24 49 169 258 300 398 520 821 917
6 88 185
6 170 272
17 18 181 241 249 726 744 834
40 47 48 212 465 551 813
153 251 287 837 875
146 291 391 420 465 805
123 165 179 295 427 754 923
19 52 225 257 298 461
209 244
4 39 244 282 476
10 43 617 850
11 125 673 704
2 175 185
308 347 927
110 190 747
392 581
21 29 150 153 391 566 593
43 394
11 32 84 197 631
48 64 67 222 531
37 94
22 159
19 182 395 586 694
8 174 227
95 350 454 905
4 283 292 702 983
26 27 331 354 750
2 98 127 130 519
38 307
30 545 628 767
34 212
13 178 200 204 567
56 126 186
22 112 499
305 351 358 422 895
194 285
2 3 88 130 135 496 816 823 950
25 96 272
4 19 68 136 521 563 925
28 207 349 496 863
32 84 106
76 143 387 459 734 928
80 364 868 894 963
16 104 272 475
25 230 243 794
109 411
1 246 508 538 613
32 72
130 599 620
9 311 408 615 641 731
35 210 302 356 447 886
37 118 929
122 390 768
9 76
7 407
19 68 461 893
247 481 502 608 771
15 31 42 399 969
140 151 494 613 884
28 211 484 771
58 611 779
45 159 339 395 693
11 509 629 691
1 2 15 131 272 741 881
228 392 526 562
153 255 933
91 114 623
86 175 210 599 620
13 464 603
38 113 809
32 97 860 974
60 133 318 484 719 853 932
19 410 518
20 355
28 675 897
606 906
9 193 351
12 13 141 187 329 464
157 718
3 24 86 174 175 425
338 384
12 48 52 60 151 654 854 910
26 30 34 67 254 426 436 498 557
11 77 193 313 385 531 792 813
515 775
12 25 96 457 532 619
81 167
71 244 324 699 847 947 988
45 246 348 760
148 155
4 107 276 712 729
9 221
275 278 483
22 83 95 115 299 360 483 492 595 922
20 66 142 355 365 512
33 88
44 85 375 594 952
217 308 927
28 624 958 973
7 45 246 561 601 887 990
10 457 556
381 763
1 44 122 159 181 191 362 444 648
47 157 166 252 607 757
25 88 98
288 424 486 562 972
2 7 98 168 250 327
9 517 700 950
341 805
12 70 71 103 149 476
33 150 164 269 305 360 574 882
204 228 295 423 551 851
5 22 66 154 998
73 127 178 215 956
30 269 362 756
76 99 166 494 686 692 842
26 95 108 208 277 312 341
54 119 231 789 844
12 13 36 101 107 144 179 701 857 946
10 100 174 218 996
106 705
21 33 433 592
87 100 271 665 781
25 230
16 128 170 195 684 832
14 91 141 144 319 383
34 103 198 247 283 621 854
19 193 206 563
148 155 400 576 643 985
25 96 532 541 619
21 224 383 861
13 63 91 163 299 326 469 882
24 56 337 449
23 31 49 115 210 282 714
4 180 543
62 64
112 238 314 815 865 880 997
1 8 29 131 216 694
47 51 121 998
56 100
182 234 883
35 47 73 184
34 40 504
135 328
21 30 164 269 396 440 545
123 749
40 46 158 184 301 357
5 20 65 315
5 20 142 265 567
71 667
54 216 263 526
280 501
37 288 486 526 554 562 661 953
23 55 72 84 120 302 310 534 572 706
67 416
353 624
91 114 163 565 962
39 40 60 62 858 963
90 136 143 191 500
37 356 886
141 144
10 36 107 279 324 382 516 762
68 109 936
19 40 52 289
113 375
51 147 273 931
75 220 416 430 696
374 697 785
273 414
41 44 99 587 708
92 243 553 691
316 373
125 203 262 330 388
5 73
20 438 517
2 88 108 669
71 206 404 910
514 900
3 67 343 945
29 59 814 855 889
415 723 786 864
33 362
108 127 217 252 484 717 812 956
10 69 690
32 849
500 546
97 347 816
40 341 426 715
17 28 44 266 309 700 791 844 939
3 10 176 227 250
112 380
10 27 267
119 552 814 912
13 52 429
127 133 223 312 719
120 123 325 451
159 307
85 159 213 803
65 271 367 905
61 68 215 248 250 443 491 540 663 830
455 858
26 35 710 717
22 95 125 499 882
24 56 73
22 91 112 114 123 427 452 645 752
120 421
80 150 524
359 376
358 510
1 74 151 227 809
94 262 346 450 552 584
67 97
55 106 765
60 219 505 621
29 47 219
33 222 263 509 614 655 705 911
4 189 292
25 111 479 533 605 637 818
3 5 712
94 295
286 378 449 730
51 73 135 470 535 560 638 928
28 133 178 186 265 502 567 973
3 36 203 324 463 808 867
72 189 206 404
611 796
6 81 96 230 287 479 818
35 795
36 800
37 52
1 71 916 942
10 12 108 180 429 452 464
7 234
36 246
1 15 520 671 703 727
8 119
3 324 373 389 423 457 556 722 784 800
7 192 256 520
241 871
10 36 107 279
28 371 689 838
81 96 409
6 299 380
113 129 181 259 413 720 953
35 37 609 733 870 900 972
36 101 276 533
9 80
32 67 145 237 300
766 960
9 54 76 129 160
63 115 704 770
146 241 317
101 107 425
14 971
503 778
117 118 544
1 208 626
43 113 181 183 184 434 478 829 891
14 50 257
85 191 214 345 359
127 309 313 946
98 137 233 524 655 906 965
15 94 133 341 377 570 615 846
33 474 592
21 164 169 254 282 303 676 716 961 962
43 95
105 248 280 856
23 31 49 112 174 254 296 370 787
686 937
331 826
48 551
13 19 58 171 244 253 543 626 847
41 50
185 386
234 967
131 136 149 194 292 298 340 431 604
27 34 48 62 267
48 75 513
171 349
4 19 641 841
14 70 124 188 373 646
149 604 690
138 184 220 275 299 380
14 41 58 574 745
3 316
24 140 670
6 11 78 185 197 237 530 695
45 246
33 117 150 224 394 396
7 27 79 137 245 293 587
588 770
55 185 263 580 674 764
22 45 94 262 693 760
59 699
8 681
3 487
189 340
56 100 173 218 261 298 487 787 825
65 512
129 522
122 206 591
9 78 791
2 37 82 232 240 578 609 922
5 16 72 369 489 580 864
10 38 60 82 87 118 354 465
45 51 487
17 183
179 203 279 304 316 453
198 414 584 780
1 8 59 110 131 642 866 938
19 83 97 350
85 472 616
44 85 160 181 307 834
174 330 928
35 37 82 342
17 18 120 181 249 325 503
1 29 62 397 419 618
17 81 385 467 474 596 884 943
37 96 260 886
11 57 104 477
119 541 619 794
80 505 548 622 802 853
7 21 151 208 245 459 727
52 71 83 110 298 543 790 835
36 270 316 703 869
35 45 87 116 207 659
31 133 207 371 399 560 635 959
7 92 147 202 332 407 622
7 111 250 576 668 881
86 228 949
137 149 249 266 720 791 801
1 15 20 63 116 235 941
171 492 896
17 44 46 158 439 819
11 84 143 197 369 435 557 578 623 709
144 319 383 633 980
471 732
270 324 463 577
33 43 83 220 311 728
8 54 201 450
1 2 14 50 58 70 194 462
180 490
149 586
17 36 38 90 129 183 970
31 88 116 175 370 659 714 930
9 408
46 92
8 59 681
4 103 920
47 121
42 473 494 507
17 18 172 266 747 901 970
273 548
126 129 214 379 456 472 625 726 834 957
63 73 198 211 223 502 615 653 924
41 43 109 156 173 206 372 818
94 575 588 645 698
3 36 107 701
22 36 43 92 158 234 271 389 951 958
10 281
9 10 31 37 221 828 935
33 267
372 419 954
22 53 63 171 268 326
31 87 117 118 382 549 670
8 54 332 552 789 862
55 257 350 435 711
112 201 238 295 339 380 423 863
16 18 90 456 616 726 745
25 163
5 226 265 404 724
59 497 935
34 76 135 406 539 944
91 469
16 81 89 106 233 391 776
34 48 62 75 77 436
25 96
9 143 408 546
74 134 390 694
35 82 89 196 277 331 652 869 972
11 16 19 87 102 190 314 747 775
71 283
916 975
260 826
46 223
87 401 433 638
90 102 152 170 195 321 415 997
5 66 315 658
24 79 117 218 271 438 843
33 144
3 50 566
23 663
159 345
235 274 586
23 48 67 337
9 90 221 546 952
56 169 304 433 559
35 652 684
132 223 225 570 672
178 200 735 940
302 447
10 172 453
20 268 276 389
24 100 157 449 550
126 191
5 268
1 93 270 478 495
86 139 302 510
36 69 453
12 47 180 219
22 158 235 304 374 418 844
18 104 107 222 773 774 810 833
35 37 260 514
3 69 110 165 203 468 722 774
30 68 215 280 421 544
22 201 262 278 322 367 446 646
27 34 39 96 230 243 532 605 895
154 275 326
147 198 258 505 984
135 992
45 110 348
415 566 865
76 500 600
590 657
115 388
27 40 41 75 77 114 878
255 366 973
333 761 988
1 2 134 193 234 506 649 772 975
98 230 243 836
179 270 941
17 84 138 454 850
15 122 140 151 182 390 405 584
2 327 347 859
82 203
8 133 211 353 615 672 811
3 36 460
174 218
3 12 13 57 163 329 452
11 907
233 785
7 42 168 195 980
12 30 113 180 603
47 931
3 93 429 941
42 74 79 140 479 547 706 739 967 978
4 72 103 194 199 708 759
43 82 132 548 571
7 397
546 823
102 153 232
63 405
76 491
8 54 66 160 355 361 501 681 912
828 924
92 138
73 142
21 224 305 392
20 29 42 168 301 367 368
26 27 34 146 213 217 309 498 736 981
143 221 443
5 6 34 65 167 237 317 623
489 583
266 444 901
229 328 488
94 492 793 863 986
31 35 49 140 151 168 192 342
116 515
7 130 495 671
14 41 70
55 167 176 410 558 580
371 576 649
20 66
6 27 268 640 725 788
17 139 175 289
49 128 133 294 303
20 65 226
7 23 978
5 34 146 177 381
1 4 42 74 234 340 397 743
16 89 152 240 330 470 659
32 231 287 389 409 558 674
710 792
54 227
93 99 121 179 701
244 555 796
71 145 431
289 981
13 141 383 680
529 534 536 557 597
30 150 207 377 811
706 707
14 785
14 152 281 420 428 467 908
4 6 11 19 52 54 194 292
109 248 313 496 579 648 748 1000
55 71 78 284 412 451 497 519 553 634
14 176 226 301 315 512 525 583 585 906
6 310
44 129 266 598
176 482
110 866
23 37 49 196 254 294 689
12 198 387
89 190
16 128 190 255
318 798
21 439 636
53 105 171 173 279 421 503
14 462
16 102 170 251 908
10 24 116 390 591
22 63 238 346 380 388 472 880
103 149 167 257 641 847
38 129 379 801
15 333 507 559 618 878
468 761
188 235
150 581 636
94 523
128 170 195 255 428 725
480 643 960
46 83 92 95 156 338 612 664
12 131 134 250 329 383 565 569 668 750
34 282 340 410
25 66 230 327 372
20 200 525 769
2 135 328 347 775
93 577
44 48 129
84 281 310 432 435 848
53 105 261 614
6 59 99 228 278 629 657 735 880
253 542 745
97 403 804 993
422 599
804 898
51 282 820
13 845
108 309
21 144 396 632 676
26 27 39 40 77 161 241 267
214 385
41 297
93 547 761
68 269 411
51 80 121 136 166 387
1 29 66 192 238 412
6 32 69 81 167 497 530 664
42 111 508 731
61 62 280 857
86 97 302 620
572 709 764
277 417 424 511 549 679 870 900
117 147 198 312 780 987
334 528 827
7 9 154 204 275 307 333 379
18 85 803
15 42 390 932
16 48 251 306
11 145
47 99 931
53 61 398 402 501 721 748 815
30 224
8 119 332
62 64 365 513 792
57 78 156 310 583 585
69 460
40 55 63 165 594 645 793
21 30 224 716 743
246 561 665 760
34 99 161 267 757 871 904
167 343 368 567 769 788
461 702 988
44 359 409 596
22 523 923 926
25 605 691
661 826
532 619
17 113 159 628
8 545
16 50 152 170 428 458 602 837 933 997
349 366 686 918
9 321 500
139 176 272 354 929
10 158 368 850 922 985
6 145 394 509 654 680 738
78 111 466 650
229 360 442 753
212 728
480 537 766 888
437 596 610 779 819
17 181
9 155 165 527 960
68 105 173 306 314 443 503 629
17 207 344 635
40 274 589
23 169
6 152 199 212 231 310 696 805 848
1 29 32 49 91 168 758 950 966
2 39 42 116 117 688 711 851
30 610
12 21 263 531 961
31 74 306 314 343 662 822 837
43 46 336 627
123 163
4 95 120 285 911
127 217 309 359 651 939
114 781
24 37 132 174 549 554 909
87 378
4 8 879
24 28 56 116 719 839 920
9 121 221 475
18 126 345 364 385
21 88 440 632
15 29 42 111 468
101 107 425 487
91 209 749
523 923
20 65 192
17 598 995 1000
370 453 677
53 109 280 313 398 402 755 825 855 994
4 807
42 60 247 707
148 968
16 391 572
61 83 138 171 325 721
128 723
105 156 284
37 117 132 356 652 737
236 239
14 29 41 233 587 613 682 683 971
11 57 72 84 145 167 572 598 623
4 86 115 447
94 117 758
29 39 62 161 202 713 813 978
475 530
1 120 134 318 366 402 618 994
8 42
26 39 64 182 197 212 441 551 868 954
61 100 515 560 563
529 580
39 146 899 944
4 136 942
41 542 859
335 974
56 113 116 186 326
38 61 126 160 237 339 385 934 984
57 106 284 466 585
4 130 136 187 634
2 89 91 123 141 166 177 816 954
69 93 260 373 692 733 800
22 188 236 427 852
21 33 45 394 439 506
28 211 344 639 736
48 75 123 286 337 420
46 83 783
258 303
4 490
1 7 74 151 966
36 69 93 101 107 516 577
23 349 838 959
1 15 122 591
4 476 902
17 38 113 172 183 204 413
171 248 742
415 725
124 340 485
4 143 408 509
25 96 253 481
196 258
22 63 94 275 395 418 492
61 68 248 466 873 889
43 220 357 716
50 71 136 137 149 225 555
14 41 47 50 51 58 64 124 166 606
8 49 59 119
17 90 172 214 376 970
1 108 151
80 147 548
52 104 476
23 115 346 588
22 63 165 201 418 483 575
13 21 53 55 105 305 318 409 947
754 896
39 177 337 539 718 904 968
10 784
51 193 205 352 568 920
377 624 846 856
233 253 297 311
14 44 113 291
78 272 386
35 455 795
97 212
34 40 60 273
89 195 564 822 908
11 72 352 553
96 243
2 327 582 633 777 859 918
2 88 582
1 29 208 216
50 70 137 606 630 964
24 116 401 434 515 787 914
7 12 13 21 163 249 469 544 633 915
49 294
13 14 58 124 162 233 485 831
102 933
140 397 473 504 562 966
422 510 602
15 131 821
49 83 169 300 303 370 903 919
134 148 155 182 216 334 772 877 968
27 286 317 637
185 197 200 381 448 477 489
127 927
32 55 57 78 79 333 479 653 657 842
92 216 239 419 507 626 739
141 144 565 861
9 892
33 545
85 101 164 224
145 287 709 732
59 228 382 400 698 753 754 840 918
68 120 193 338
45 79 693
132 260 331 417 514
100 670 921
216 256 473 883
64 153 264 306 365 806
165 188 201 442
213 797
67 860
7 79
104 578 964
76 256 296 622
106 222 284 432 590 597
3 64 161 292 425 955
262 360
21 46 114 158 213 220 523
139 210 405 422 525 540 599 658 936
29 168 269 668
62 70 103 161 217 312 416 946
109 873
6 119 135
60 80 147
102 127 344 502 669 833
125 196 294 935
2 10 93
98 608 985
7 252 569
15 122 169 208 508 942
139 510
223 393 555 731 790
51 121 892
43 291
56 535
58 70 124 137 162 845
5 59 65 227 264 265
148 528
34 40 97 179 264 379 797
138 189 206 295 746 820
235 735
66 177 200 242 658
45 100 348
8 29 143 256 323 571 594 699 840 926
9 600 823
19 109 225 779 925
11 536
414 734 810
19 103 186 188 206 209 353 431 807 902
28 44 223 247 323 366
46 202 213 317 403
4 8 996
489 964
2 17 83 126 158 172 336
72 185 284 482
4 289
8 446 851
21 440 581 839
338 411 751 994
16 474 687
238 483
3 24 300 601 891 919
117 118 132 273
53 108 165 173 205 352 378 412 458
11 25 57 152 352 381 583 797
2 98 108 308 782 977
115 125 191 278 339
46 109 226 232 265
139 170 321
111 387 690
371 518 649
283 404
76 80 141 221 300 316
13 38 64 85 161 228 991
5 20 32 65 81 142 242 874 976
55 650 875
35 82 132 178 277 733 737
60 149 802
155 827
6 26 27 75 82 101 137 212 585 656
8 105 748
39 75 78 609 650
48 286 337 513 589 724
87 162 655 897 955
274 360 770
404 490
162 165 188 395 450 914
6 81 237 281 381 432
67 205 264 589 981
25 77 146 243 291 589 602
3 556
271 290 367 940
10 516
30 995
16 27 89 112 158 322 564 822
40 64 67 335 493
2 54 98 386 438 667
72 139 358 738 934
841 948
9 840
6 11 106 529 651
97 317
10 26 202 241 335 441 715
12 144
6 498 640 678
142 301 959
43 46
12 217 263 265 656
22 612
139 422
116 240 330 378 433 434 550 835
12 252 363
41 137 253 759 790
259 579
1 15 65
17 151
48 161 403 420 673 713 898 904 957
3 10 101 252 363 373 463 808 887
352 537 830
48 65 73 177 202 286 406 637
49 79
17 18 38 57 84 375 430 596 675
15 29 74 79 134 140 192 256 768
58 70
41 386
3 45 121 382 561 945
31 236
124 537 888 989
33 228 346
7 14 41 50 70
10 99 276 304 460 774 949
176 507 683 705
38 182 208 419 490 494
28 125 148 480 644 766
111 884
5 20 65 191 268 320 525 625 885
26 27 89 128 687 832
291 990
62 77 539 868
11 249 350 656 907
25 392 396 579 636 756 839
11 612 704
56 186
135 187 361 488 519
3 101
11 31 169 907
342 729 737
118 477 482 590 783 830
138 220
405 423 698
1 7 168 410 461 671 967
69 977
101 150 304 305 439 533 729 808
46 518
5 66 73 242 343 512 940
23 31 239 258 303 407
57 104 156 875
57 81 199 231 307 695 817
21 437 506 544 586 948
16 152 153 187 229 488 592 976
39 48 233 253 267
15 133 186 218 406 470 535 559 666
237 466 849
46 92 220
76 86 140 412
133 353 431 588 608 856
5 9 20 148 226 290 917
63 575 979
323 534
27 146 213 465
16 251 564
5 66 73 178 226 343 351 367
83 92 138 400 527
12 163 429 464
26 426 750
154 290 356
522 598 634
62 342 521
35 118 277 288 511 869
18 85 183 185 218 374 375 430 700 1000
149 410
5 368
481 484
20 142 178 242 593 604
162 297
177 301
28 53 398 451 682 751 799
15 74 368
3 5 290
53 64 325 361 782
5 40 73
19 41 52 58 194 350 577 667 893 983
7 59 119 227 618 877
90 401 470 559 730 777 919
31 49
3 101 270
18 191
10 15 36 46 463 867 878
207 361 377 570 630 635 644 924 937
2 70 89 187 207
86 210 358 458 688 784
1 6 46 51 219 617 678
186 378
5 28 223 226
12 13 123 417 575
61 261 384 558
358 462 602 616 909 949
136 257 471 604 902
8 51 54 99 912
37 38 90 126 376 444
110 157 569 607
64 95
9 76 408 600 763
14 320 369
31 86 254
15 42 182 250 256 323 538
14 70
44 975
50 225 245 297 371 606 832
19 53
23 122 259 901 913
27 213
2 7 56 87 130 168 407 495
12 91 180 329
88 98
92 138 184
155 334
6 8 32 776
184 311 697 965
11 432 448
23 31 362 663 984 999
18 209 214
13 141 319 345 603 776 883 991
12 861
139 175 620
2 29 42 74 130 187 232 347 459 660
12 157 329 377
740 872
112 125 322
7 74 234 323
12 603
88 232 244 469 488 976
355 593 769
16 39 416 521 710
29 111
15 110 140 252 607 740 872
15 154 450 752 815
57 68 193 421 742 778
147 387
54 77 119 814
201 446
6 32 435 773
26 27 77 97 335 531 539 666 728
32 81 475 536
88 229
19 52 123 130 189 386 568
625 913
78 189 653 680 849
89 393
80 190 413 675 897 943
173 215 261 697 862
16 153 190 314 393 428 824
14 18 245 274 293 485 611 796
18 744 885 995
28 74 366
23 27 122 673 999
37 661 679
81 199
38 113 172 651 736
63 112 262 326 346 418 446 753 910 979
15 74 118 216 538
18 417
9 33 173 421
157 607 692 718 740
94 201 322 418 986
5 40 75 97 200 355 876
61 68 478 540 561 573 798
44 54 75 400 499 717 885 913
28 32 166 481 683
260 504 511 554
43 357
39 64 77 441 493 715
1 131 155 459 890
78 104
8 17 49 403 456 522 552 879
26 57 145 235 278 549 597 605 765
110 157 363 569 642 866
12 13 114 289 765 983
2 192 812
20 160 259
44 79 374 413
18 52 53 183 259 364 778
5 65 290
6 27 42 77 146 290 713 804
15 508
38 90 375 379 616
328 777
150 756
365 393 876
41 50 965
47 51 99 215 219 712 857 892
279 445 556 677 762
108 309 812 956
4 56 225 573 867
24 28 211 214 236 247 529 608 811 937
77 335 426
20 53 72 104 175 361
382 722
2 107 229
34 86 134 175 210 302 458 521
26 289 406
125 204 278 339 471
274 295 322 388
109 180 215 319 384 682
190 195 320 321
30 52 54 218 437 440 601 930
204 852
2 229
3 58 162 245 293 304 573 574 971
35 172 486 929
4 23 77 239 714 969
160 266 364 445 554
11 75 230 263 281 448 557 639 763
71 825 831
72 156 237 639 678 821 848
21 164 305 767
55 84 497
33 394 948
30 38 809
37 82 417 647 679 744
73 147 232 327 491
13 105 180 319 496 991
39 161 202 241 341
195 684
89 255 321 566
85 159 413 522
103 136 189 746 905
61 751
25 541
143 242 301
39 148 400 480 528 827 879 888
18 172 285 374 376 647 702 783
66 271
5 100 320 786 874
61 110 157 363 872
1 7 111 173 205 707
254 258 294 999
112 274 427 436 499 741 793 852
20 57 167 176 320 609
56 122 397 660 916
