18 27 97 485 619 768
4 59 121 199 249 566 586 716 781
49 385
139 249 271 645
17 352 664
86 204 767
13 38 99 105 165 416
21 110 483 539
53 143 740
30 406 530 626
14 39 101
37 163 371 848
41 42 56 63 107 125 187 218 759
67 519
3 26 123
83 93 172 372 782
57 203 405 493 576 624 681 791 878
47 177
14 286 328
11 23 275 284 371 474 961
22 73 78 122 326 482 538 974
32 266 452 874
33 117 600
432 442 744
841 964
71 219
144 790
44 628
41 301 425
34 549 614 902
483 534
1 179 823
183 253 806
42 438 496 695
2 18 152 369
30 89 133 561
67 119 337 573 937
42 145 302 515
199 249 582 861
8 33 78 128 214 828 859 976
129 308 356
9 52 82 147 220 225 280 691 785
60 117 141 195 213 333 482 815 858 933
305 367
77 191 201 381 971
29 410 679 846
4 17 895
157 258 274 291 548 874 925
84 156 272 680 834
146 165 227 240
264 367
5 10 21 49 317 435 535 929
20 579 742
5 28 43 59 161 682
154 653
255 379 771
71 184 258 292 355 452 510 913
20 24 63 64 96 335 587 953
57 108 184 330 693
16 40 253 341 361
81 967
129 384
45 49 98 161 205 239 441 996
14 120 434 528 708 817 867
13 31 66 231 499 656
27 716 987
11 41
75 79 373
162 240 412 430
2 56 159 266 360 600 692
60 122 131 312 372
124 957
34 370 444 793 873
5 124 621
336 988
30 47 73 177 227 366 877
581 920
25 58 155 243
11 28 81 106 118 150 222 463 497
61 646
65 423 537 659 959
579 887
113 126 892
211 523 714
572 687
2 42 215 428 941 966
208 309 489 803
476 552
27 432
14 43 134 136 407
125 241
6 23 589
439 911
39 41 272 390 693 763
2 41 262 468
5 43 168 245 302 702 890
64 150 174 338 746
44 932
2 59 254 437 520 995
1 67
59 315
107 169 328 812
77 761
33 257 789
265 532
197 884
196 757
266 273
8 48 134
15 289
62 299 403
124 202 279 335 852 934 938 970
22 86
419 436 437
33 48 138 945
69 184
6 826
6 60
136 311 730
123 587 991
34 338 348 881
27 39 88 342
4 336
12 38 116 235 288 337 454 573 819
275 821
4 343
13 57 99 121 156 163 246 299 810 885
254 507
128 297 764
9 48 50 123
108 863
71 91
272 669
455 830 889 992
42 76 231 327 475 629 675 695
171 271 434 799
32 83 230 559
287 409
167 267 851 904
314 392 395 896
1 58 136 947 958
258 685
12 64 143 352
36 345 530 581
19 167 181 264 309
32 49 200 350 511 522 576 638 783 971
108 140 586 596 688 935
345 500
10 25 613
40 78 372 617 678 780
131 232
261 318 503 550 712
290 421
101 156 264 323
8 167 233 668
44 282 461
35 43
4 60 853
135 581 870
207 592
9 324 402 663 905 950
754 825
54 55 69 329 393 400 490 595 968
15 141 182
39 77 101
6 138
41 71 98 112 144 270 395 692 842 936
284 443 683 821
157 548
146 243 272 356 852 907
6 23 132 375 604 952 961
134 136 615
82 140
83 636
402 833
22 166 209 367
134 206 329 684 718
18 27 178 388 461
34 81 110 158 211 220 786
140 143 224 389 427 804 836 954
2 164 217 617 728
21 166 895
67 153 326
25 31 70 126 143 166 248 494 574 897
73 601
56 58 979
30 113 244 715 754
256 468
91 104 250 307 385 600 681 789
188 659
17 35
1 15 459 528
32 508 799
6 604 650 952
10 114 567
10 419
92 161
15 146 191 237 509 692
45 493
73 293 333 393 546 721 883 968
11 37 216 275 650 683
12 102 190
36 260
64 75 111 122 283 801 888 921 960
24 103 187
48 71 145 238
3 39
3 441
4 7
484 487
121 320 325 373 586 694 843 946
229 949
75 192
9 52 117 270 677
40 101 235
5 124 129 573 783 914
16 22 28 56 86 145 183 193 204 584
151 464 507 586
69 156 333 338 784
1 776
122 285 400 825
569 745
228 771
110 778
8 377
18 356 409 570 572 981
39 763
33 35 51 297 507 610 679
251 532 657
101 264
6 11 37 138 163 371 550 961 997
15 289 466 496 715
225 303 872
188 748
114 123 180 294 385 396 873
7 19 79 327 328 538
21 179
33 214
27 294
42 303
37 222 301
1 91 115 230 262
75 107 148 168 172 266 486 649 749 872
189 502 537
72 240 430
139 271
125 159 956
83 195 214 275 580
102 145 954
30 73 99 160 446 696
24 63 71 132 183 187 210 969 990
18 939
17 72
111 221 664
135 498 508
96 103 187 949
55 354 450
58 67 110 186 399 534 592 795
74 175 201 212 259 312 484 556
192 534
9 52 117 160 324 872 950 982
114 744
213 888
119 287 384 795
21 317 599 898
931 965
181 244
5 20
24 96
18 36 97
115 174 269
2 55 71 983
11 31 633
33 80 411 610 615
70 227
244 281 531
141 674
12 64 77 338 544 713 807 844
7 9 22 26 130 175 303 554
61 358
2 41 104 176 353 449 520
5 35 149 255 364 379 545 553 725 784
24 34 61 125 134 136 403 445
25 62 86 88 93 198 607 980
27 97 198 203 226 480 751
24 35
36 74 286 374 448 479 626
87 89 622
33 45 80 100 217 363 665 698 920
62 203
88 90 222 304 307 583 613
548 913 925
84 338
5 35 539
109 842
25 155
31 116 431 499 540 577 918
14 24 51 120 413 429 447
223 660
15 146
37 46 185
53 85 420
4 8 33 112 289
19 29 316
72 148 194 489
2 109 325 385 943
231 462 552 752
54 353
34 298 363 881
3 217 232
20 32 120 311 477
40 59 873
110 618
116 377 863
8 83 93 540 883
551 619
52 130 303 896
5 634
32 42 173 175 347 509 524
114 123
177 259 365
5 643 678
33 53 124 447 505
41 55
41 98 104 112 450 583 596 789
542 869
101 148
222 375 821
75 115 408 467 893 999
22 677 784
52 620 986
21 33 170 315 334 427 854
178 220 376 985
155 181
105 157 234 382 452
22 26 86 878
25 95 248
63 102 103 794
72 247 312 436
22 113 204 526 767
8 191 285 329 518 527 930
45 337 349 575
33 80 87 89 589 631 769 861
113 236 355 370
69 914
12 181 200 508 923
12 53 64 127 334 396 481
7 16 85 115 122 269 424 584 762
20 29 35 43 242 302 477 491 926
59 105
184 219 980
60 78 753 880
16 48 68 138 357
4 7 13 57 109 133 201 384 713 851
197 469 755
8 43 44 69 108 282 389 623 624
287 308 340 386 409 513
2 298
31 116 377
69 613 688
74 240
696 739
28 34 65 148 158 648 910
10 202 244 248 281
15 20
11 23 37 38 185 275 278 301 346 565
7 19 111 121 151 290 391 843
8 282
95 279 550 837 953
50 70 862
161 247
16 18 47 78 142 154 514
133 177 470 724 832 877
310 695
23 928
8 38 108
15 84 131 171
59 192 196 533
34 94 189 357
1 4 9 73 451
11 108 546 801 826 947 993
25 32 46 101 155 230 822
73 122 285 329 721
3 31 543 593 810 928
167 391 399 421 497 590 793
61 84 96 207 210 359
48 125 263
114 725
342 505 802 845 965
432 551 663
65 252
231 492
2 147 153 948
32 59 838
102 106 849
29 168 214 232 341 380 792 957
17 24 59 103 296 674
96 103 132 359 361 578
19 26 65 136 640 676 823
30 133 278 345
104 228 605 664 697
425 553 889
42 169
15 45 495
180 350
19 121 234 295 440 798
132 238 442
3 22 55 76 186 343 366 575
84 148 162 220 240 444 660 698
62 110 964
46 62 81 83 88 541 726 779 994
102 242 324 414 647 709
1 58 67 459
8 19
37 47 261 516 647 728
13 35 38 99 130 734 811 918
21 93 625
55 87 540 864 956
535 963
61 83 94 100 108 124 405
15 198 223 542 723
6 301
108 116
17 50 99 138 670 992
563 774
1 5 58 453 736
100 128 276 615 630
131 195
39 100
20 29 35 43 202 401 609 957
352 396 583
7 19
93 422 839
116 386
215 292 639
6 30 37 558 594 654 876
3 616
10 70 134
9 72 121 234 320 499
11 565
253 584 727
72 975
5 29 43 167 477 658
38 994
13 212 246 306 745 810
41 54 313 339 369 404 571 972
22 288 773
10 157 291
26 879
162 223
43 46 49 466 469 533
27 478 763
21 39 45 106 122 145 331 504 675
28 158 537
59 89 92 363 621 808 912
10 47 89 92 181 224 248 286 374 877
2 159 307 313 827 956
51 710
5 830 846 992
45 142
36 52 365
167 417
3 118
115 142 235
31 213
119 573
33 100
8 21 494 565 929
119 706 887
44 227
11 604
59 283 336
23 37
644 981
19 151 167 364
20 25 55 78 123 165 526 899
10 206 511 522
529 755
8 57 69 116 319 423 425 493 540 841
3 349
72 75
31 498
302 304 660
157 263 291 452 913
107 504
443 735 857
16 19 40 224 467
48 49 55 56 134 709 781 816 827
10 12 31 119 199 336 661 832
258 274 291 361 755 925
15 38 50 66 68 260 300 743
88 90
18 27 156 165 209 227 420 734
16 83 636 730
50 66
6 23
172 256
53 80 127 221
1 639
36 164
44 761
30 74 133 259 286 351 622 728
11 275
128 281 296 630
14 20 44 124 168 344 855 899
75 268
19 464
28 84 94 114 150 196 274 322 524 902
16 98 114 650
10 749
69 390 405 574
15 582 1000
59 66 159 527 952
8 180 361
39 95
10 15 156 209 231 278 355 499 601
128 135 276 447 889
69 81 125 258 293 424 659
11 451
14 17 380
87 566 769 861 941
107 475 629
48 638
195 293
238 327 328 847 850
16 49 139 332
263 510
316 977
42 123 169 310 850
195 858
23 750
43 484 541
9 52
6 23 666
79 174 439
91 152 418 468 722 871
11 21 103 777 929 970
262 731 840
167 290 471 503 791
16 662 706 999
211 264 305 323 398 465 502
49 147 207 871 903
296 315
56 445
39 77 867
119 242 455 704
3 45 205 337
217 318
485 580 617 928
125 407
77 109 205 623
5 9 14 185 387
25 42 99 107 169 181 218 243 796 808
32 126 368 738
39 303 724
24 63
412 563
12 140 849
25 54 104 211 212 318 393 412 561 721
57 82 146 432
85 201 256 345
197 251
1 22 74 290 341 402 536 591 629
46 667 837
12 37 105 523 572 958
26 34 125 193 347 606 740 892
78 131 182 232 426 582
94 148 171 233 462 786
13 31
77 365
3 47 74 89 527 700
106 714
51 170
128 178 237 467 888
48 56 311 381 398 947
77 206 922
13 16 183 201 216 229 593 851 895
536 562
7 28 272
76 796
183 611
1 67 120 304 309 344 585 708 752
184 733 790
62 82 120 194 220 260 919 976
40 170 193 216 336 410 514 711 892
69 524
18 203 226 751 752
79 127 144 186
62 88 119 173 214 372 447
7 569 651 787 946
305 669
24 94
82 197 678 994
60 73 131 141
12 24 52 63 77 281 673 772
8 64 171 306 727
121 325 729
9 324
61 84 103
56 171 277 383
97 388 423
51 80 170 318 498 828
14 18 576
5 29 75 174 268 408 702 891 938
15 590
54 147 149 307
402 833 955
32 46
647 725 870
230 243 279 643 923
47 68 160 666
13 63 153 178 400 639 651 736
30 42 215 252 597 770
162 340 412 774
3 705
16 115
351 770 919
46 96 111 589 605 726
2 23 27 357 457 549
3 205
10 43 188 427 835 853
512 571 970
162 563
221 627
295 464 471 504 805 993
18 71 77 99
5 29 35 62 667
65 81 82 88 118 158 178 220 357 524
4 17 265
1 72 92 144 173 175 521
196 431 564 874
160 269 313 391 479 512 906
48 368
9 82 280 433 442 818
7 21 535 699
112 394 640 729
38 47 68 86 182 224 561 626 632
68 427
63 191 465
4 17 187 635 988
349 742
70 118 231 543 552 555 564
9 133 898 962
496 509
118 134 247 340 398
9 52 59 75 97
81 94 348 648 672
273 522 923
2 91 196
2 4 41 71 104 250 847
204 236 370
26 74 86 113 224 229 368
35 425
82 117
26 59 283 567 838 879
7 21 52
55 157 192 213 268 321 758
426 544 761 849
44 588
456 620
299 306 903
88 376 983
47 68 74 224 260 374 387 500 832
34 81
757 840
18 50 70 476 743
41 117 130 152 225 691 986
4 129 182 222 373 577 853
5 53 70 95 142 251 263 286 373 960
20 89 242 515
15 36 509 680
20 61 267
76 107 194 230 234 248 368 773 886
157 560
19 258 652 654 665
32 95 230
54 354 360
415 686
11 41 139 271 284 568 720
27 396
2 20 111 207 216 278 287 362 884
31 87 115 249 291 824
129 308 340 570 704
13 81 492
76 169 440
1 127 391 397 404 517 686 722 946
114 458
66 525 529
129 130 152 279 308 409 436 644 806
251 532
139 566
12 64 127 185 190 239 386 418 544 608
28 203 502
2 118 614
14 44 137 689 733
11 26 37 526 648
211 490
123 516 870
346 351 366
12 673 756
112 909
22 33 349 513 869 915
18 400
230 334 435 517 583 673 701
8 50 177 272 481 576
12 38 126 823
41 73 458 703
18 77 294 915
105 246
61 63 210
119 340 356 384 455 513 652 706
7 72
64 102 208 572 713
9 280
20 168
330 518 854
3 149 207 254 256 298 415 670 709 997
98 827 936
80 290 296 315
79 421 785 798 885
62 93 151 772 906
22 98 414 940
20 718
18 431 546
6 23 163 332 358
139 199
893 908
85 387
30 85 89 406
50 68 74 164 598
87 199
745 790
31 50 63 655
198 214 778 907
1 98
146 223
164 374 387 448 949
14 19
60 73 655
5 35
130 505 554
357 909 937
21 376 699
217 426
4 129 704 765 865
119 129 287
68 164
34 128 348 549
2 18 132 455 550 579 602 880 910
48 56 136 241
1 49 58 63 85 96 132 177 210 278
40 429 578 759 818 866 944
244 281
8 69 150 180
1 105 456 473 736
135 334
120 380 478 666 708 733
151 305 927
34 277 492
100 859
166 512 699
32 744
70 85 106 448
9 117
22 38 66 179 192 273 555
65 457
1 150 296 935
51 80 411 803
2 238
38 66 99 656
62 792
31 70 486 564 897
49 348
173 188
57 194
71 207 385 984
28 171 233 383 403 814
198 322
58 79 107 320 489 519 962
7 137 399 415 417 428 506 646 1000
330 377
4 17 287 308 343 570 967
44 76 137 413
314 523 701
215 399
211 403
65 537
16 142 414 799 806
94 299 392 476 788
42 50 60 76 136 310 675
55 100 354 737
79 137 320
268 775
8 37 180 223 723
257 803 973
10 32 126 279 362 559
3 28
50 70 156 557 577
26 204 288 588
66 82 88 157 181 593 740 890
144 320 671
5 717 934
155 189 251 469 657
19 53 404 505 687
6 45 89 131
40 176 268 480
3 90 113 314 547 551 807
16 40 350 882
57 295 439 800 921
52 66 135 411
81 84
19 103 751 955
13 31 38 73 79 227 251
47 49 53 54 55 196 250 256 339 533
32 146 163 501 635
92 175 460 521 891
27 28
144 151 406 471 621 637
85 165
266 401
10 155 200 335 362 508 886
7 102 215
6 46 87 195
83 131 209 557 813
22 526
47 87 155 189 532 556 738
89 160
12 56 64 111 152 255 703 856
10 25
21 898
65 490
18 27
19 105 309 408 495 569 835 935 962
21 674
14 249 437 450 601
241 571 602
24 40 221 510 531 631 943 978
13 70 156 227 355 529 656 917
143 931
64 180 378
10 24 103 269 416
229 770
41 109 245 603
62 90 171 172 376 451 453
50 99 105 156 209 300 446 456 732
14 120
32 66 99 105 162 202 273 407 620 710
7 137 316 373 651
57 518
84 223 347 543 746
48 56
4 17 194
7 646
173 174 213 314 395 786 989
49 147 547
25 126
606 822
169 417 607 850
93 607 782 906
20 39 77 323 669 693
21 25
205 280 337 349 967
107 253 921
13 19 120 351 585 628
61 96 132 181 560
31 51 158
15 146 977
5 44 326 477
13 231
263 597
28 34 381
201 212 229 259 346 360 500 530 813 857
56 76 311 475 773
14 44 117
28 56 81 112 189 241 444 463 809
27 30 36 381
1 5 32 135 288 315 630 859 922 966
32 46 234 522 689 802 950
84 148 158 864
51 80 100 429
25 83 172 322 541
5 20 29 35 133 410 739 741
14 585 684
9 52 86 267 514 893 972
36 68 183 260 491 515
79 215
6 53 122 182 333 815 933
7 39 137 182 309 415 516 538 819 884
197 249 265 454 566 589
31 105 557
397 560
49 360 378 731
18 122 461
9 97 379 430
20 410
292 597
149 760
93 985
6 185 358 375 635 712
12 106
12 90 198 372
54 200 902 981
28 94 148 457 746 875
96 359 834
119 795
34 65 150 233 348 536 720
11 261 354
371 558
39 53 77 472 497
3 29 912
14 100 658
265 667
5 668
9 21 67 93 535 625 844
29 168 327 374 439 717 771
219 378
16 26 54 262 321 451 472 686 689
17 801
111 701
11 29 68 344 399 730 775
54 91 132 149 152 228 282 619 663 908
12 102 127 389 837
57 116 723
34 65 141 220 252 296 698 760 860
23 87 199 261 271 371 375 481 769
22 514
4 17 68
28 71 460 502 562 718 831
30 351
3 17 25 147 316 612
18 19 83 226 331 454 541 652 778 793
3 205 900
6 68 115 216 229 286 366 813
113 269 361
1 11 174 700
3 10 45 46 218 401
72 92 175 312 437 484 521 558 931
46 218
100 764
40 253
32 46 206 221 279 362 836 942 954
5 43
422 564 907
33 51 80 217 318 429 828 922
153 228
124 172 242 641 938
61 241 263 274
206 714
4 343 364 804
24 57 116 417
90 618
85 114 319 364
3 95 280
12 106 174 703 945
26 40 235 611
25 90 265
334 523
91 109 676 729 765 835
737 963
30 212
76 570 847
15 25 34 411 511 531 559 594
37 39 101 323 367 381 465 671 894
92 190 221
53 106 111 121 127 143 517 544 687
282 386
25 155 654
6 138 261
26 188 288 314 802 879
75 216 944
4 164 599 794
25 166 264
8 319
6 23 712
78 129 151 182 232 503 753 858 974
23 30 36 85 177 814 857
39 67 158 273 690 953
5 43 58 515 542 668
2 98 112 307
42 991
87 104
20 29 31 33 242 255 473 528 739 979
47 239 328 520 720
11 76 163 590
55 56 218 416 845 926
36 65
20 379 539 846 934
12 435
57 91 209 294 377 527 820 863
48 125 277
369 868
106 391 804 845 960
12 43 102 140 208 233 462
179 633
81 96 118 135 252 490 881 911
6 11 51 375 608
28 51 78 164 236 453 864 993
60 78 333 513 780 916
162 430
317 512
90 453
48 134
434 501
12 731
224 283
114 150
13 27 404 568 592 616
45 114 123 519 645 871 998
12 23 140 161 489 975
15 42 170 488
121 137
33 58 61 128 292 594 636
6 23 405
168 245
177 365 419
479 762
142 235
765 782
69 139 150 154 166 245 394 798
1 67 325
54 219
10 200 218 397 401 443 511 942
94 148 277 383 457
16 269 356 384
87 139 568
90 173 758 959
117 250 382 685
65 94 591
25 200 201 942
23 422 614
54 104
32 335
27 768 915
7 58 175 394 460 470 812
179 743
145 298 948
16 38 95 486
561 642
625 819 1000
96 210 777
60 141 815
304 324 972 986
153 176 219 442 450 533 605
2 112
66 209 300 918
187 441 458 516
14 901
78 154 273 883
46 78 95 126 154 243 362 491 500
3 45 554 856
315 426
16 94 403 463 937
2 97 152 226 254 449
131 232 293 916
11 64 106 140 163 208 222 358
30 85 89 160 259 260 530
43 979
30 79 120 140 297 670 768 836 854 959
95 517 557 558 587 738
28 49 71 147 196
35 37 345
54 376 571
22 83 193
24 145 225 909 951
24 102 127 140 221 756
13 51 66 76 257 710 917 973 987
123 159 219 254 592 996
193 886
17 364 855
14 29 44 110 113 153 228 495 637 855
467 578
124 862
7 76 116 829
9 82 225 911 982
14 545 628 817 844
290 507 805
46 95 397 531
36 47 74 160 448 724
295 681
80 91 342 797 974
34 39 74 85 191 367 398 797 831 930
103 382
10 56 445
162 226 951 966
24 259 317 335 389 496 900 939 998
2 41 98 147 149 238
19 137 189 200 202 215 506 591 941
50 753
57 108 282 390 518 574
6 92 255 284 480 747
2 997
17 529 661
13 14 59 75 213 408 555
3 45 205 575 742 856
10 397
57 882
66 662
459 519
131 182 285
568 924
4 50 165 194 292 413 612 794
102 127
13 142 424 480
188 321
12 18 67 79 141 179 298 783
34 82 117 130 304 354 833
3 45
28 84
34 56 84 118 165 444
297 488
21 137 245 599 722
126 155 234 319 369 560 985
1 52 174 800
10 126 234 266 539 587 829
9 82 280 691
12 343 719
158 170 213 562 762 809 841 904
6 78 707 750
96 456 672
13 525
55 91 109 159 176 250 757 875 944
208 239 342 389 396 594
8 173 395 758 896
62 178 189 233 431 462 748 912
166 963
93 110
109 110 172 662 682 766
40 63 187
14 120 438 562
3 998
109 313 603
313 760 840
41 644 715
18 28 169 270 495 559 848 932
40 578
45 616
40 58 97 130 294 331 388 939
6 8 180 776
53 102 106 143 342 420 627 830 973
14 29 146 149 270 488 781 995
44 394 900
72 168 310 312 649
75 775
30 642
54 86 144 193 236 267 302 370 767 848
475 504
67 186
44 501 901
37 332 882
22 26 193 236 567 588 711
58 132 341 388 611 866 990
7 53 87 90 203 271
30 97 556
15 104 118 184
160 164 346 406 479
48 407
228 627
4 53 204 239
20 29 379 609 641 679 866
17 194
4 38 48 125 130 226 303
964 989
60 154 780 826 852
638 916
128 276 297 413 610
62 88 322 766 772 984
416 473 787
580 897
38 79 121 144 313 440 676
14 545
138 163 185 190 332 358 472 474
55 104 176 228 270 779
16 40 305 999
1 17 186 262 776
402 940
246 446
31 66 133
13 885 917
7 19 81 178 492 640
122 831
719 732 788
6 10 42 51 257 350 390 618 894 904
36 470 637
53 64 208 807
62 547 875 948
248 707
76 107
8 69 118 187 202 208 299 350 363 685
250 298 339 436 868
161 487
7 127 241 247 316 401 486 661
59 98 274 368 382
27 756
22 113
154 482
22 26 90 113
25 29 35 257 869
13 577 734 903
130 225
84 759
26 711
50 61 70 210 300 359 420 593 732
188 321 395
29 151 219 277 352 471 609 860 862
111 270 943
77 387
31 38 306 749 811
9 42 48 116 144 153 359 905 940 982
21 166
255 542 553
101 797
5 47 60 419 603
246 446 747
28 173 233 252 392 423
91 109 176
18 26 68 204 331 435 632 754
16 235
2 4
347 672 860
15 178 289 680
58 89 133 634
15 51 129 237 741 996
677 876
42 890
32 122 154 202 329 653 829
104 310 353 487 933
4 17 23 36 159 175 274
36 366 919
40 101
112 989
44 120 326 344
580 719
190 487 554 716
29 265 469 657
33 42 310 808
34 52 86 292 382 485 665 975
83 88 172 322 422 488 494 867
247 284 443
39 70 398 472
7 15 28 65 73 171 930
36 705
90 110 494
80 217 297
118 150
37 842
11 113 288 370 683 822
253 341
4 17
111 404
3 183 878
4 8 17 319 988
9 141 393
86 459
105 727 787
37 332
378 602
72 92 321 392 483
99 179 223 240 623 824
49 54 71 152 153 191 252 438 534
9 51 100 128 276 581
55 92 112 153 262 816 868
33 135 170
295 901
66 165 485 633 747
46 95
13 192 300 501
26 58 80 299 300 325 380 468 553 595
112 951
643 696 887
27 74 226
2 124 170 326 476
5 11 23 37 68 185 278 441 474 556
24 103 176 990
20 37 74 186 360 406 741 796 812
26 588
6 67 73 211 684 690
2 22 159 236 737
53 72 92 195 521 655 788 865
33 97 126 176 192 199 525 905
87 100 936
365 983
24 93 179 549 634 766 817
197 454
1 363 824
136 311
330 392
79 121 186 267 309 428 483 506 591 690
36 632
60 154 232
61 969
8 184 257 478 596 980
30 47 598
15 23 26 86 138 418
30 36 47 74 85 212 470 598 622 642
306 355
206 283 481
16 293 424
10 13 32 95 99 115 218 525 735
21 317 565
103 267 440 464 506
8 69 108 180 386 390 624 671
21 491
152 520
29 35 43 245
76 94 169
31 135
72 92 161 247 289 891
344 438 932
12 64 111 190 206 239 433 843 927 945
17 25 26 108 143 210 305 327 702 764
383 536
51 65 214 735 899 955
3 45 268 575 978
21 281 971
16 28 184 311 330 880 914
203 293 968
777 969
45 965
49 98 145 147 149 353 449
161 569 694 995
4 36 57 138 225 285 301 418 688
13 38 50 109 306 811
289 466
47 67 135 308 312 428 548 574 838
14 207 243 246 369 563 606 774 791 814
198 682 839
29 35 61 134 809
18 97 294 461 748 920
46 110
21 63 65
41 55 256 291 510 697
27 75 86 93 283
24 115 142 434 825
23 138 590 707
143 585
237 285 582
1 44 49 67 71 339 380 545 834
20 35 43 353 717 926
9 82 304
237 466
115 414
24 61 63 132 792 908
62 331
70 314 473 552
139 645
27 976
277 463 482 910
307 323 894
75 107 497 726 978
91 104 238 276 339 378 555 697 984
1 54 145 149 658 816
185 222
133 346
7 421 579
52 865
57 449 478 493
9 22 26 352
10 11 31 197 244 388 498 538 543
261 284 458 750 991
779 839
88 190 276 383 445 567 924
20 98 295 302
16 40
30 80 101 136 191 465 612 876
13 27 347
101 212 649 700
60 141
7 19 694
73 400 546 653 820
2 3 119 216 229 800
11 301
64 433
631 924
7 43 254 394
19 151 503 785 927
8 38 46 97 393 405 460 474 820
1 63 186 528 547
17 19 24 27 35 183 433 584 641 805
52 117 142 551 818 987
137 608
1 58 705 958
23 60 78 595
15 237 977
