3 46 114 263
8 43 127 132 161 184 695
3 9 819 900 986
61 138 377
371 636
670 842
53 67
131 144 262 370 407
208 517 973
28 165 184 244
127 208 378
36 136 141 159 165 416
9 349 993
28 616 751 935
532 720
11 35 235
2 515 694 840
78 113 129 267 637 749 855
21 36 141 339
2 23 151
84 102 172 183 517 567 605 666 784
48 68 504
127 293 701
15 502 878
80 475 568 804
40 753
100 515
92 133
13 39 54 111 725 856 956
69 132 293 836
6 25 27 45 451
135 309 371 603
62 269 349 822
34 946
4 194
14 73 231 341 450 488 829
42 69 106 277 452 535
30 45 476
89 200
122 775
47 336 798
66 102 162 171 184 526 588 606 678
21 280 572 590 649
23 667
178 918
38 86
35 92 100 122 234 270 600
386 893
296 906
8 11 39 40 537 544 583 843
5 16 85 107 354 447
12 538
11 59 127 379
33 53
27 38 105
344 400
9 32 37 337 389 423 485 983
339 347 420
2 24 44 204 592
23 24 148 440 774
23 547
24 44
15 158 301 505
17 109
174 193 283 352 395 419
4 47
42 102
31 414 446
118 451
33 58 85 255 563 696
68 504 540
188 244
8 109 168 271 279 437 469 948
49 116 630
14 51
47 191 665
35 72 303 647 825
215 218 405 496 566
55 125
12 229 622
473 753
17 91 254 949
22 40 204 367 469 594
111 300
27 127 379 655
5 66
8 17
64 740
14 284
190 212 912
17 51 341 362
28 43 85 88 167 289 768 922
13 71 135 229 539
66 137 150 358 549
397 452
370 407 496
29 654
18 37 206 240 410 461
12 156
173 194
50 130 167 246 292 348 943
11 904
26 34 568
113 118 763 866 875
18 40 308 315
2 73 143 197 868
23 547 760 940
35 65 624
42 673
109 287
13 479
174 286 452 635 802
225 805
99 575
15 49
142 974
188 468 794
1 544
199 383 729 948 990
7 70 919
80 89 115 312 351 476
18 640
63 788
125 280 375 410 559 805 952
881 987
76 131 201 334 523 888
164 346 619 632
42 68
52 107 231 416 568
427 873
48 981
48 163
93 123 150 178 207 266 901
128 482
55 77 492 989
50 177
81 99 332 680 817 914
60 569
31 260
19 295 298 302 340 412
68 364 739
46 137 153
87 281 386
9 399
168 891
131 155 246 914
7 26 61 70 125 368 453 485 844
77 261 632 989
100 134 672 738
182 290 515
90 310 468
856 967
164 259 263 310 411 552 558 946
25 216
57 873 911
4 419 479
63 892
14 19 63 100 169 311 445 570
72 130 979
40 195 226 690 947
50 271 790
130 710
180 299
64 265 385 424 586 658 863
16 396 882
26 350 663
87 101 112 305 936
10 85 101 314
9 12 49 120 177 267
49 55
46 456 598 661
30 87 724
66 162 171
41 104 376 445 660 683
8 48 69 221 291 463 467 480
215 288 373
117 136 180
12 27 175 514
294 575
131 708
220 257 330 391
375 392
88 279 865
14 140 797 895
170 180 455 957 996
47 143
56 81
420 868
487 885
101 112 562
16 33 46 53 81 221 238 757
8 11 75 83 138 479 892
70 120 166 687 775
251 601
100 308
106 182 370 481 637 846
543 596
91 166 938
145 650 656 909
99 236 487 713
140 272 275
7 37
823 830
10 419
19 115 298 322 344 441 637 707
187 261 466
74 143 390 459
165 219 253 357 661
102 540
12 417 676
770 948
232 315
7 316 639 693
3 43
436 855
743 863
50 346 458 571 973
634 814
5 73 841
423 825
58 135
37 74 134
26 399 883 995
21 228 247 613
3 6 64 519
109 216 509 661 917
100 282 310 319 697 783 910
3 6 756
94 782
78 558
500 582
58 107
230 517
85 188 459 575
80 159 180 554
44 953
17 627 924
241 365 550 745 910
326 429 560
64 150 289 350 597
334 484 753
31 455 554
19 126 183 406
2 23 59 149 196 376 503 559
269 719
11 181 203 327 662
258 379 490 674 693
624 650 679
519 943
227 427 928
78 494
113 201 292 514
102 281 312 932
164 927
1 16 144 522
163 302
21 52 161 247
84 361
60 66 183 440 562
371 927
2 12 76 97 850 913
30 34 136 318 394 703 898
484 735
353 803
619 647 958
90 223
1 24 52 226 231 613 620 688
3 187 784 921 966
5 478
22 500 582 642
11 17 130 185 275 546 645
294 980
1 2 6 20 364 433
22 149 204
290 495 501 677 806 954
341 982
30 188 647 932
18 37 81 235
807 831
19 73
182 204 329 459
10 54 83 847
359 413
86 220
265 352
120 232 297
126 160 303 574 810 895 896
148 549
317 803 849
777 823
179 249 265 306 800 934
80 869 985
238 644 895
89 148 406
854 885
59 299
58 128 161 271 276 294 305 621 871
69 104 270
25 36 119 200 240 270 355
610 668
115 298 437 707 757
23 374
114 534
201 394 651
20 243 407 432 501 579 785 795 945
593 651
7 11 179 192 327 925
53 67 85 346 890
33 91 142
1 279 356 684
105 265
283 323 365 613 849
95 472
209 931
48 57 113 554
15 146
18 19 37 173 233 245 260 557 880
123 391
35 546
55 142 158 187 388 832
65 86 213 380 408 959
9 24 36 203 683
24 53 89
265 315
49 114 151 735
150 580
80 349
21 749 985
120 139 558 953
62 602 780
2 355
1 108
71 84 161 372 496 682 933 954
67 147 223 692 709 981
24 164 165 262 552 579 604 700 739
8 17 18 266 318
19 82 110 139 164 165 284 297 469
12 97 148 156 398 758 850 977
56 194 867
19 804 855
317 321 398
34 68 249 259 363 463 1000
88 353 366 520 643 649 727 836
28 259 324
19 184
388 426
190 266 627
34 46 53 502
29 43 181 646 808
33 37
546 649 776
7 23
32 56 74 97 148 226 453 997
41 368 524 771 920 947
543 911
33 50 53 67 85 108 212 851
6 105 415 548
51 151 239 332 392
7 125
112 477
10 111 205 299 367 961 1000
38 126 163 244 322 441 446 942
60 669
145 605
128 300 387 671
25 77 79 178 215 278 307 789 793
149 371 741
149 191 222 564
15 116 136 304 396 626 711
9 831
1 144 490 746
77 466 773
42 105 401 532 584 898
14 29 51 259 298 665
8 11 17
792 795 818
103 287 812
109 376
9 243 254 260 619
8 137
21 31 95 125 420 894
495 798
9 176 375 389 744
65 179 230 241 365 380
14 29 129 963
64 688
113 134 368
103 105
33 50 201 307 731
63 96 136 304
23 34 107 161 242
36 91 271
44 148
300 652
79 153
120 809
179 903
13 980
51 316
409 433 762
35 230 303
34 172 257
131 407
23 72 298 858 879 974
4 87 237 351
2 24 114 119 264 442 505 582
29 98 169 287 457
258 608
16 38 479 493 617
11 428
405 434
272 372 564 928
27 50 123 145 177 375 506
133 574
10 16 17 493 583
199 677 807
164 292 466 633
50 173 255 498 878
90 188 526 555
79 215 430 541
300 326
127 316
93 117 189 236 453 769
14 32 448 545
481 806
25 794
5 931
17 217 533 774
224 228
106 534 979
10 75
45 82 157 178 239 377 396 800 811
59 228 367 629
25 51 67 94 208 216
39 115
282 430
27 38 726
12 24 156
119 322 340 446 860
2 12 505 935
3 116 175 294
3 152
579 924
51 75 316 462 511 763 941
77 307 715 792 958
146 233 631
95 623
122 174
269 311 366 520 556 893
77 79 393 541
37 217
4 123 376 525
5 733
6 29 34 71 103 135 243
211 438 633
131 132 360
74 473
32 206 217 245 375 586 796 802
23 124 237 471 886
92 286 488 928
61 104 145 214 824 896
236 415
80 167 273 363 593
84 392
88 210 867
40 160 353 376 696
28 759 841
65 460 616
834 944
176 231 342 465
101 872
83 306 829
10 20 104 190 715
172 311 640 798
8 68 75 207 656 669 889
170 542
25 785
12 36 227
36 570 873
77 209
77 378 786
147 154 238 248 395 988
12 70 355 622 682 744 901
15 49 52 153 421 671 734
12 533
163 167 991
3 158
74 389 399 754 835 942
44 343 844
826 999
61 145 343 605
11 17 54 75 91
141 176 861
32 125 283 658
8 51 62 167 373 383 476 750
239 417 522 645
115 263 412 810 821 860
18 90
54 245 318
172 269 323
7 97
29 103 541 658
524 755
16 46 433 882
17 123 443 528
60 618
9 410 648 743
20 168 274 373 437 730 740 995
9 18 20
15 151 638 878
8 853
173 285 449 560 791
365 546 813
16 124
53 212 242
3 232 720
249 908
97 947
8 11
163 278 761 858
8 71 116 135 175 486 536 705 879
57 797
6 207
241 871
259 685 999
145 896
68 106 162 454 472 504 917
5 44 101 166 390 477 601 609
276 518 561 580 724 821 955
9 124 194 210 630
171 325
99 176 713
29 148 155 337 354 402 538 585 607
542 716
32 362 807
55 142 976
84 524
765 903
235 602 750 988
155 335
2 18
35 38 336 391 749
1 230
89 128
188 199 226
320 324 787
328 565 777
23 57 58 101 121 229 379 782
4 20 28 124 474
21 770
482 748
154 232 335 345 630 912
20 540
135 154 269
72 374
137 138 470 523 779 882
81 285
514 735
3 198
3 80
16 39 185 268 663 866
25 530 594 618 839
43 241 418 819
460 508
54 67 779
29 98
166 499
170 969
52 55 145 286 529
147 195 698 706
136 815
78 110 184 578 715
66 174 213 516
131 189 407 462 695 864
36 200
21 57 99
24 183 964
11 16
236 916
22 203 592
769 868
62 424 464 476
6 227 235
577 823
54 63 277 325 732
63 333
30 110 687 822 891 932
131 313 408
36 227
62 555 653 758
34 107 253 941
117 585
48 59
772 789
7 41 134 146 311 679 690 733 867
131 462
18 197
13 42 114
245 368
443 478 939
563 614
147 248 395 451
231 280 980
113 712
129 179 215 241 408
173 956
17 109 137 254 363
3 6 29 160
100 308 457 574 626
513 561
63 71
152 237 988
27 991
20 107 285
41 47
14 70 90 153 383 403 497 577
161 507 590
46 54 166 189 385 418 655 864
4 78 117 233 359 421 547
356 398 796
3 28 40 129 138 213
173 604
17 30 159 290 850
152 288 338 511 829
55 152 296 881
266 870
24 76 229 317 690 748
92 574
25 199
2 744
121 902
154 425 826 965
55 76 77 224 422 669
23 33 531
743 993
240 332 528
129 344 400 441 483 523 609
132 352 360 886
349 373
3 43 98 971
10 59 123 140 268 752
246 561 709
120 209 217 398 816
10 686 851
18 995
185 309 397
28 52 218 463 809 927
799 990
47 239 501
5 495 827
32 441 443 781
14 48 51 57 140 450 654 675
202 587 596
87 97 216 785 814
130 339
36 339 612
193 358
37 73 84 143 362 646 668
44 97 189
35 903
26 38 86 197 233 524 861
632 921
7 842
15 27 332 342 361 511 793
33 470
2 12 76 246 337 348
168 199 497
31 116 154 180 243 788
35 202
39 69 323 778
132 146 361 697
132 145 496
4 846
159 969
44 165 248 727 843 987
122 516 659
174 224 786
153 286 369 498 525 553 692
204 228
6 199 309 387 592 596 762 815 828
448 490
47 378 962
57 193
146 328 428
32 84 467
248 267
4 66 454
26 254 386 599
10 118 139 301 380 591
38 688
13 54 65 112
4 302
225 348 430 887 918
57 488
14 37 91 202
95 106 540
15 69 158 174 692
67 464 507 610
41 124 178
75 247 529 565 628 698
56 96
3 6 29 160 169 368 708 986
34 52 710
12 62 117 513 595
96 202
22 43
126 284 700 816
96 467 518
14 639
44 118 183 232 426 788 859
189 695 970
7 233 801
3 98 169 548
84 185
5 157 535 606 732
168 383 403 799
90 273
5 268
49 69 75 286 759 857
13 109
82 274 390 586 775
4 23 31 62 71 104 449 572 622
72 124
235 456 845
167 256 444 993
261 589 641 737
96 135 136 202 260 518 596
463 930
21 242 339 930
26 146
72 426 492 636 837
45 305 635
19 345
149 979
481 966
2 49
456 634
17 61
63 219 580 792
2 190 210 297 331 864 938
15 72 74 564
27 171 184 257 800
4 20 31 41 63 243 378 902
465 556
47 216 994
168 188 199 310 824
59 65 191 210 582
21 34
573 985
6 250 924
14 15 51 460 964
12 557
43 98
9 41 164 986
90 281
141 221 382
9 390 392 428 436 489 825
10 17 40 83 529 683
170 356 359 382 413 455
133 181 435
5 157 268 587
22 119 182 299 670 933
220 767
119 493 598 840 854
77 142 187 387 415 553
149 203 342
11 483 588
198 252 515 603
325 416 435 506
61 353
35 135
230 682 901
69 285 326 604
2 63 71 467 580
35 264 303 745
95 258
159 180 413 486 553 679 689
31 214 722
103 185 198 772 812
16 45 108 254 385 470 851
5 401 848
20 431
83 275
256 602 606
25 33 60 187 224 394 412
48 512 889 906 963
16 54 78 176 266 451 537 559 640
71 432 585 728 912
114 192
57 984
470 718 925
9 141
2 12 44 321
342 905
140 201 341 358 450 512
13 116 345 862
54 61 468
4 46 409
37 74 208 680
16 46 137
24 30 115 138 562 655 717
129 371 808 944
17 83 137 222
33 80 252 271 360 389
160 169
249 288
92 100 195 270 458 539
22 149 222 880 881
124 940
92 509
139 411
3 8 34 35 42 494
7 13 915
121 232
84 303 745
113 951
61 214
289 347
28 218 250
11 166 363
626 972
5 141 176
42 116 186 333 902
256 461
117 694
62 872
177 335 452
5 260 923
154 248
9 14 40 195 197
32 79 157 960
35 158 264
308 363
19 105
80 106 147 256 929 992
323 560 576 803 909
161 827
88 706
24 438 508
22 59 686 741 756
8 16
23 648
90 92 747 828
48 884
23 234
44 132 412 503
206 396
170 699 891
34 301
2 12 255 513
191 684 908
10 830 870
57 223 444 937
338 564
103 113 137 169 530 602 646
299 354 621 809 965
3 35 163 425 569 603 957
6 169
93 777 904
121 306 315
10 99 854
2 170
70 685
80 634
207 950
113 377 446 675
118 147
28 32 55 82 111 304 338 756
41 495
23 72 255 474 531 547 781
26 600 643 921
55 70 82 472 973
177 320 594
89 123
38 889
17 24 29 139 257 319 355 840
19 54 73 75 91 471 915 929
25 77 490 625 869
49 369 393 421 534 648 659 711
71 96 136
14 57 74 140 193 200
1 57 92 252 466
5 44 133 155 583
9 22 25 51 143 156 176 842
459 970
39 122 593 681
151 216 535 537
69 502
51 140 201
399 741
205 225 372 514 770
91 355
41 445
1 657
26 32 245 714 796
4 20 954
65 83 293 464 755
79 122
22 107 182 238 331 617 659
289 521
693 767
82 208 224 261 461 778
70 206
262 765
435 506
103 926
302 579
382 542 554 791
57 201 377 589 660
78 115
10 11 13 499
94 96 344 387 599 667
53 58 89 305
4 112 573 677
152 288 296 512 545 833
20 240
691 755 844
204 560 900
56 631 752
71 86 144
118 818 951
78 207
181 360 517 550
203 717
49 55 79
129 584
19 217 325 559
3 43 198
1 229 551 751
142 539 691
395 834
18 92 100
117 522 601
212 320
379 674
48 52 705
153 301 393
96 122 839
59 164 329 686 899 953 965
462 939
150 181
30 192 212 324 838
291 716
126 930
302 411 432 510 641
21 52 710
194 276
10 35 50 179 278 400 676 711
64 107
105 121 352
218 321 345
43 61 214
15 82 348 491 936 976 989
30 172
1 13 190 334
87 764
7 9 18 586
542 996
4 41 67 624
107 280 591 909
93 492 773
6 684 791
97 183
15 21 69 142 408 421 465 704
2 226
766 776 917
111 173
20 388 720 857
233 332
150 155 227 289 442 521
279 642
33 320 326 387
15 82
85 123 186 346 431 571 742
35 65 550 760
74 98
8 11 91 115 297 347
11 13 29 134 143
36 308 509 570 978
56 70 143 223 453 615 721 736 933
60 137 945
316 623
51 651
24 105 148 381 799
1 39 219
150 227 531 911
146 389 390
128 212
46 138
49 553
300 578 736
635 983
81 942
5 61 85 206 245 472 512 606 797
75 133 329 899
751 761
76 230 287 329 662
30 403 477 497
200 874
597 740
46 94 556 590
251 427 434 703 858
64 704
101 167 282
220 968
196 338 724
27 38 336 888 968
104 222 845
74 820
178 205 213 251 541 719 750 962
10 190 244 313 787
4 885
93 94 920
26 125
20 290
494 685 728
191 644
13 318 377 381 847
294 333 581
680 883
10 558 951
16 39 364
75 139 393 674
65 330 731
76 162
42 102 401 717
132 987
62 112 444 845 869 907 967
329 959
248 712
418 955
14 981
3 971
203 417 984
15 114
6 119 327
127 557 723
151 178 234
356 359
86 336 836
93 746
4 795
53 82 192 208 209 288 350 638 666
925 972 978
34 112 678 768
196 426 468
294 963
28 110 120 126
247 314 415
30 357 568 620 783
22 83 126 272 563
65 460 910
67 128
175 357
25 94
27 52 84 254 317 382 489 805 817
101 330 351
168 687
85 89 696
119 662
1 86 110 291 404 409 447 657 990
7 350
5 66 102 106 157 516
36 442
182 331
6 105 121 252 960
46 97 114 222 341
23 565
64 83 190 369
124 255 440
27 38 86 730 847 991
88 835 865 946
7 221
7 37 88 226 351
21 859
827 859
29 79 98 519 808 900
114 282 312 872
40 45 46 54
385 762 862
156 774 914
228 397
129 292 811 863
95 611
15 94 386 599
43 383
180 486
92 196 485 607 671 848
218 483 585
81 84 473 691 820
61 145 281 343 874
131 262 370 765
130 360 442 532 949
31 136 304 503
56 120 139 298
130 521 570 668 699
605 874
55 179 408 871
24 168
72 237 566
208 737
83 802
187 411 725 969
68 573
151 286 422 737
4 215 734
28 53
531 611
78 115 121 274
26 418 672 861
106 273 520 633
64 572 597
174 192 282 301 498 656 876 887
48 163 786
22 86 256 422
6 29 198
8 10 39 40 109 381 862
241 657
2 549
31 96 414 581
11 597
2 24 246
88 305 694
30 90
271 906
13 636 904
122 166
9 892
86 956
1 93 663
69 196
36 420
641 923
15 875
335 575 723
19 154 263
170 356
405 522 601
100 195 828
361 856
47 53 111 126 887
149 274 439
1 401
8 16 166 424 528
11 17 528 627
223 576
5 66 263
103 513
57 296 478 545
60 314 366
4 16 41 205 701
290 982
175 923
32 53 96
87 386
31 133 195 509 615 747 838
499 521
89 689
63 71 116
20 175 219 397 780 876 982
26 32 73 146 157 283 324 590
573 780
1 211 279 438 865
110 340
15 34 192 272 960
17 714
73 313
5 372 535 766 848
2 155
92 195
16 127 557 916
6 52 109 138 161 783
23 31 108 182 519
281 530
45 108 193
384 738
7 81 86 110 391 731 801 952 961
110 322 335 406 584 678
322 811
29 48 91 147 251 296 347 494 567
113 147 328 480 763
10 13 16 39 40 54 299 419 499
225 491 975
186 268
16 268 364 381 666 915
474 781
1 319 890
8 28 700
99 158
388 837
209 251 278 405 716 761
118 184 293 480 712 894 944
58 97 307 482
11 74 422
108 123 563
22 327
142 209 225
125 144 388
18 108 307
24 758
126 295 432 890 899
27 391 789
27 156 220 538 730 852
107 507 530
185 977
27 330 675 888
162 527
31 318 343
13 42 505
54 197 500
289 291
6 21 231
38 220
45 306 314 315 484
122 209
147 323 395 449 860 866 934
403 922
39 63 159 202
88 449
66 106 581
30 196
434 959
61 246
384 483
15 491
427 652
270 814
71 175 202 243 396
111 284
186 310
80 333 336
593 876
45 67 431 790
108 790
196 350 362
253 728
549 551 608
38 118 211 334 491 507 639 950
82 234 492
29 160 772
49 63 116 275 392 556
1 291
70 239 748
174 614
555 926
41 104
733 992
1 14 232 255 773
59 76 155 183 233 275 317
7 18
42 102 162 189 435 506 967
126 297 664
31 186
54 533 824
167 464 475 816 907
211 971
3 133 321 877
213 599 604
47 87 94 104
143 239
488 984
22 975
26 112 362 417 705 833
37 60 598 701 764
110 284 707
6 13 128 277 615
288 319 511 771
587 998
7 26 240 423 697 835
119 644
88 576
156 259 282 358 399
163 247
13 37 849 1000
112 992
10 45 50 177 493 857
65 600 650 813
230 303 380
33 177
62 256
45 46 76 364 385
95 475 934
62 235
309 406 726 841
28 33 280 349 450 565 764
510 884
665 771 833 908
38 43 306 550 794 801 996
17 193 806 952
59 119 457 469 478 544 905 922
94 153 347 569
21 588
120 552
66 305
12 52 366 729
295 625
18 81 125 134 240 852
127 169 189 998
39 40
55 224 272 897
58 381 723
1 93 144
3 6 38 43 185 287 591 817 926
151 295 497
8 46 621 784 839 972
21 231
65 471 617 929
104 962
348 393 975
325 527
30 34 52 242 447 768
410 616 831
16 32 234 265 321 552
67 660 826
12 24
2 44 76 536 551 913 935
101 112 444 562 653
50 79 215
708 713 738
13 75 236
53 58 89 320
5 171 262 424 456
251 405 434
38 576 977
1 211
118 267
13 681 830 945
9 32 134 206 266 357 443
5 175 404
9 272 283 304 879 958
1 79
39 158
14 140 200
77 79 104 122 171 918
33 108 482
93 144
607 877
402 544
258 767
67 172 285 361 533
11 141 273
2 44
191 406 439 500
39 537
13 152 207
118 119
61 567
340 949
35 69
153 187 369 525 832
9 99 198 439
31 260 536
95 138 227 551
15 142 525 974
13 40
1 438
610 997
10 64 247 261 280 589 629 941 994
25 30 291
250 578
15 224
68 277 454 504 510
2 58 72 225 538 702 832 883 919
78 129
187 394
19 129 292 293 584
20 501
7 18 134
68 754 997
30 555
17 45 430 523
210 285 698
22 309
28 68 120 128 139 184
101 373
36 130 150
72 111 273 760
144 689
73 968
25 99 213 729
48 448 757
5 42 157 182 401 853
106 157
21 263 726
56 146 410 769
394 898
25 60 64 87 94 213 742
45 50 105 264
152 532
423 536
9 217 221
20 47 736
28 139 821
477 598
19 284 340 400
4 41 664
138 567 955
11 17
409 938
76 78 249 455 897 940
10 21 42 52 64 162 591
170 382 880
6 68 454
74 128
12 229
41 445 709 994
14 48 50 51 193 200 244 653 884
31 631
78 804
518 673 812
18 37 134 274 436 721 778
153 158
25 87 281 618 893
21 36 37 221 461
8 15 39 267
23 45 49 130 181 262 614
133 160 539
219 587
1 93
4 628
345 964
89 276
44 181 188 403 429 664 747
36 56 155 527 571 577 592 907
27 257
365 600
10 19 26 30 159
219 304
370 939
60 111 140
3 6 43 171 252 277
172 194 429 643 652 702
70 300
18 102 250
275 343 853
43 358 589 654
109 149 409 595
217 672 877 983
178 206 534
19 22 98 177 484 603
53 276 346
19 425
1 26 50 207 214 820 961
186 815
404 779 950
28 39 55 205 250 481 625
21 59 64 179 242 297 328 330 398
2 40 91 121 583 787
132 214
327 342
1 180 211 739 957
1 93 144 211 279 746
70 721
620 966
99 276 384 487 706
5 14 66 95 277 278 372 673
15 936
14 51 608
218 244
30 33 58 103 123 571
16 98 287 400 569
133 270 822 838
7 581
328 486
152 249 978
197 436
27 121 352 875
98 236 384 628
62 312 793
810 843
9 73 578 732
42 116 154 228
11 189
186 253 312
124 566
24 503 595
12 14 19 165 205 234 413
48 296
12 21 431 448
264 502
14 676
6 508
20 29 94 128 301 402
50 326 670 759 813
69 114 151 704
108 623 999
42 95 465
56 162 458
6 8 225 253 487
250 278 344 374
19 28 76 117 302
25 60
31 219 357 437 543 702
319 338 943
26 766
83 718
32 197 337
110 186 258 480 837 970
18 22 47 79 367 543 548
8 75
3 98 681 782
10 404 433 870
22 150 237 374 566 667
4 290
4 20
1 85
42 216
47 103 261
44 156 183 561
210 353
22 198 380 526
20 46 334
190 414
22 124
222 331
45 58
45 212 314
102 510
12 49 132 351 402 776
117 229 337
18 26
366 516 629
143 313 473 937
2 7 56 73 117 324
125 185 252
148 220
7 485 489 714 937
4 47 529 722 846
23 237 440 886
7 210 226 458 588 703
27 34 41 87 429 474 612 638
121 475
19 165 295
59 203 222 223 238 331 354 594 642
5 68 595 998
81 90 97 526 905
160 548
1 645
28 115 218 425
242 416
611 931
67 742
194 727
61 378
49 204 894
25 31 60 404 718
141 359 489
191 228 238 367 439 457
135 253
267 577 818
14 40
52 56 95 734
111 172 311 520 719
72 374 471 699
16 130 572
60 920
5 66 527 609
181 612
27 62 81 82 192 264 545
18 20 41 47 152 508 722 897
60 141
13 58 90
384 916
221 313 428 752
257 293
56 754
59 223 354 397 414
2 22 127
3 29 43 159 292 447 819
26 56 919
13 214 402
96 333
65 834 913
171 976
32 73 176 258 274 852
205 295 369 498
88 269 283 725
33 58
173 273
