153 187 422 553
53 67
12 622
290 376
9 18 56 835
3 6 103 198
118 354
6 123
15 466
198 646
45 67
19 259 769
487 713
200 671
8 17 75 83 391 418 749
114 641
10 13 254 381 847 891 929
84 778
89 307
79 837 989
35 60 65 179 600 624 871 903
28 184
36 911
22 85 128 183 228 273 742 880
79 215 224
44 226
33 58 89 105 291
153 426 491 678 805
14 200 460 546 981
132 788
23 508
22 299 642
89 128 305
38 86
7 32 53 141
44 76 169 236 729 738 885
66 171
3 127 182 223 354 500
23 237 468
21 242
277 510
39 75 479
178 502 975
8 30 90 97 585
65 76 179 303 408 780
94 569 767 920
42 106
99 152 288 319 532 771
95 111 172 194 273 537
70 217 436 933
5 168
58 305
51 201
92 133 270 443 693 747 822 828
23 547
6 13 46 153 249 318 362 409 505
11 207
256 278 907 928 967
46 109 190
85 173 698 727
4 12 86 175 382 689
7 9 32 428 691
116 136 202 264 580
232 811
170 176 852
114 151 174 205
342 397
164 259
376 846
219 902
284 320 581 701
347 521
8 17
133 195 814
709 715
77 151 393 489 851
11 16 138
98 169
121 875
7 390
71 219 243 467 580 581 587
3 756 986
315 352
65 94 230
250 272 298 432 664 860 924
4 501 722
127 139 258 446 765
100 574
25 893
49 54 534
28 769
10 18 32 132 182 283 673 691 937
230 408
154 250 340 344 552 584
13 364
95 208 234
49 159 180 542
141 697
752 877
237 940
60 210 216 386 778
15 49
4 23
4 41
59 72 203 204 342 644
5 311 516
248 480 818 834
140 341 608 906
4 20 45 47 104 141 376
84 575 820
38 111 150 339 360 391 690
93 213 279 438 553 865
42 465
9 75 240 375
271 307 742
21 507 572 859
97 136 183 229 317 840 901
14 20 512 895
50 85 123 212 276 482
308 539 838 913
108 307 314 696
23 601
43 98 160 198 548
5 113
38 93 144 279 507
653 967
18 230 241 408
154 810
94 274 410 785 839 860
163 275
274 631
168 189
59 204 228 299 629
23 72 474 760
3 103 185
150 870
95 135 543
132 145 343 832
361 711
74 81 364 754 827
181 360 570
117 147 183 395 748 834
24 44 776
496 695
66 68 106 506 526 535 710 998
55 393
22 431 484 594
5 56 102 325 472 790 955
78 685
3 29 247 287 424 572 808
15 425
41 263 722 899
25 216
417 545
9 26 81 350 670 694
30 91 168 310 383 394 703 786 922
94 530
15 55 282 380 525 656 936
189 407 552
12 24 229
105 121 238 564
28 30 196 295 335 408 584 891
5 41 297 302 461 494 664 728 826
36 163 434 909
92 539
681 870
626 689
69 153 272 759
11 25
2 135 246 596
7 9
529 709
48 140 193 201 262 358
20 47 104 290 677 962
3 6
43 570 873
152 166 409 433 787
3 6 287
107 507 768
72 124 257
7 37 141 197 206 423
19 244
64 231
187 328
61 132
14 296 450 675
191 221 625 633 953 965
105 181
51 57 94 387 420 592 675 884
50 53 128 307 484
7 37
133 828
99 151
147 173 219 243 451
91 583 949
25 281
60 984
10 123 128 669 853
229 585
35 280 507 740
8 262
15 77 79 282 348 641 737
326 604 879
254 690
1 144 171 573 617
40 156 158 187 208 209 396 949
149 331 686
49 55 79 116 286 483 580 735 857
11 17 593
379 490
34 293 529 701 821
27 139 959
23 563
720 771
301 786
30 794
184 463 578
38 257 391 791
21 76 248
12 24 935
22 167 177 276
96 294
516 540
166 254 334 736
27 39
20 104 445
382 590 957
16 192 430
118 817
34 64 161 768
544 701 912
149 500 515 582
11 75 83 499 915
1 19 165 285 345 651 821
66 68
33 58 108 228 305 318 482 868
268 506
372 427 434 522 682
255 781
11 112 530 573 598 733
33 271
82 263
25 87 839
13 17
46 363
351 602
8 83 91 393
15 388 514 887 974
71 414
92 100 124 822
366 956
1 424
798 846
70 332 436
413 791
130 517
121 212 306 377 934
5 31 42 68 102 363 917
1 52 86 710
1 54 770
9 559
19 139 329 700 757
655 674
50 212
56 80 101 256 312 351 361 477 573
146 861
12 513 751
4 17 20 104 982
339 517 521
36 130 699
231 991
90 343 595
642 894 1000
101 189 265 306 475 967
241 657 910
55 259 335 704
31 518
112 373
2 115 284 579
19 110 113 442 552 866
84 842
236 384 432 854
9 56 70 176 610 670 892
792 972
80 444
26 129 134 616 892
34 64 138 162 204 909 941
103 252
39 40 377 847
132 402
18 66 217 524 658
5 66 401 556
82 793 978
325 401
14 22 164 500 589 705 884
237 886
80 351
47 496 864
172 604
210 449
49 192 406
20 897
23 72 302 340 411 534 726 816 953
211 223 421 466 525 630 929 975
85 236
236 708 738 885
32 77 473 801 894
12 24 32 89 503
22 686 881
516 533
48 370
105 265
122 415
14 35 241 448 657
455 486
95 472
138 266
384 422 936
5 102 162
21 280 554 590 591 619
39 126 470 666 981
121 676
515 662
33 85 123 271
48 74
143 368
35 546
10 16 166
4 5 102 106 732
511 908
8 16 593
5 777
170 413
175 186 202
34 52
2 200 595
342 397 582 617 905
2 355
30 210 217 231 273 482 702 725 956
63 135 186 260 396 439
37 844
137 493 524
111 269 520
194 836
34 163 291 427 928
41 135 414 792
65 230 380
522 761
15 95 157 481 638 921
335 586 707 959
72 531 644
330 968 984
19 154 184 292 700 816 843 970
26 32 81 125 239 362
29 110 757
119 191
345 441 548
209 430
207 395 577
93 773
96 939
23 566 667
10 591
7 125
6 160 169 287 548 660 756
16 190 938
326 803
13 97 950
4 41 954
240 268 640 796
60 862
27 38
4 20 28 139 910
64 225 286
175 467
24 32 91 182 207 680 889
33 50 85
124 327 474 789
52 483
18 707
28 98 126 322 637 988
4 268
8 13 39 385 627 779
629 741
172 560 649
2 3 29 926
6 971
61 304
122 393 735 918
13 16 17 46 381 404 443 718
101 145 653 780 985
251 522
292 345
95 435
1 14 112 222 464
47 66 68 112 476 733 865
55 114 142 153 452 505
120 345
264 380
148 774
409 528
21 65 231 365 460
9 26 51 84 132 274
31 63 902
28 120 890 970
192 498 636
78 322 344
120 165 297 425 809 899 988
28 344 904
3 103
46 118 251 267 457 795
48 51 57
27 38 731 817
71 186
33 35 179 230 546
19 126 218 250 432 437 494 999
557 767
28 579
86 106 336 748 888
22 59 76 97 247 299 952
38 42 66 68 937
243 596
49 379
315 875
21 40 54 75
58 121
89 346
90 199 497
48 140 193
734 737
2 156 585
45 790
10 11 40 121 456 718 915 927
248 763 944
188 497
2 735 913
558 685
131 189 695
9 70 265 318 778 825 925
1 746
30 90 149 403 922
101 118 235 845
29 45 412 431 930
159 170 382 650 684
101 444 562 602 872
46 91
79 178 887
20 41 47 262 496
24 41 47 495 958 982
30 310
58 320
15 151 178 215 492
140 870
152 829
50 571 880
5 68
27 38 330
111 173 210 803
240 399
62 985
19 26 32 300 485
15 53 314
124 181 531
10 13 17 109 443 499 784 853
12 36 43 97 183 398 551 591 748
45 276
19 164
45 271 276 849
20 78 115 218 290
62 256 992
97 280 447 590
253 513 622 758 840 913
109 119 309 371 642
30 31 645 873
105 121
285 300 719
30 50 898
5 12 595
349 476 653
49 224 272 541 638
18 143 206 648 754 835
42 157 178 492
12 744
104 105 404 479
323 520
88 91 97 323 501 643
88 285
20 188 206 495 994
8 30
119 322 400
173 803
202 219 294 963
9 18
42 399 848
33 63 314
193 201
40 289 377 420 470
77 491
254 350 428
132 459 987
17 46 166 207 475 493 537 660 753
45 328 340 857
43 772
68 260
39 69 77 151 205 282 974
390 883 997
61 214 343 655
22 603
149 582
100 195 270 980
73 473
288 319 500 833 908
19 126 329
244 924
451 577
52 107
22 119 222 236 304 339 371 1000
15 259
146 178 225 632 665
64 242
1 730 865
85 110 244 284 307 346
16 643 681
2 463 732
14 654
53 61 160 696 779
14 675
25 234
536 580 581
23 106 124 237 288
15 55 69 86 187 301 918 973
3 10 29 34 40 102 129 161 597
5 42 325 504 510 540
149 228
127 186 291 716
8 40 75 108 334
59 204
19 120
18 26 37 453 559 611 714 937
171 325
264 550
42 162 376 732 917
17 116 151 266 275 470
15 19 51 151 491 665
419 479
59 371
42 198 289 420 634 668
276 339 453 991
116 219 596 972
359 957
226 355
192 203
274 306
72 374
188 310 555 794
20 47 445
23 72 124 309
80 235 845 993
55 426 805 936
8 109
1 61 88 132 145 214 402
269 285 366 370 560 683
50 53 519 943
131 407 695 939
34 107
15 49 79 837
1 663
117 229 321
217 324
137 150 186 239 294 489 958
316 557 623
52 154 223 228 238 331 613
74 146 801
52 107 144 161 247 295 382 588 964
16 504 945
25 87 216 569
14 51 57 281 488
28 129 138
1 52 279 685 909
18 37 81 324 983
92 220 539
21 280 416 688 740
329 942
92 634 980
58 130
206 361 639
122 342 905
85 628
22 149 881
36 54 91 107 289 291 339
283 392
463 584 804 811
223 594
27 38 86 220 224 336 730 968
133 978
61 91 145 214 824 896
266 493 862 882
242 568
31 64 136 613
679 684
4 31 568
238 469 564 741
2 367
760 886
12 503
32 239 464 820
99 487 713
56 139 143 206 995
53 108 341 545
18 648 883
268 277 325
147 866
258 557
135 972
247 416
10 40 109 334
469 603 661
71 304 520 587 867
26 801
23 124 440 563 565 566
159 180 614
124 255 474 565 566 926
210 406 427 449 520
1 211 438
9 18 32 239
17 59
2 744
303 657
49 53 430 966
17 121 627
36 58 477
77 88 158 269
127 655
137 266
57 96 676
174 734
63 96 136 458 543
286 498
50 251 372 405 635
379 383 799 932
113 116 161 215 231 333 483 827
360 521
54 137
11 13
62 456 639
111 173 194 238 725
52 941
131 135 792
12 100 144 308
28 110 120 184 912
210 386 698
9 20 105 221 410
130 671
3 6 43
41 49 158 261 286 290 301
142 328
215 976
55 122 174 187 481 514
249 511 532 876
110 930
11 39
63 396 587
269 285 353
46 63 96 186
72 129 255 374 531 633 664
158 505
250 841
282 498
77 82 918
6 43 411
180 650
291 405
6 115 560
467 879
33 67 851
969 996
18 26 375 399 615
131 189 245 332 362
618 766
37 38 485 540
4 16 41 715
14 35 179 460 624 745 871
3 29 32 73 81 233 274 350 983
100 747
21 64 242 946
249 288 338 511 753
578 783
163 208 434 858
90 394
56 332
8 70 113 131 209 248 328 864
17 28 46 155 402 681 876 950
21 161 714
227 442
180 356
297 298
24 308 509 682
283 368 697
55 286 421
270 838
19 49 151 553
120 293 916
62 476
475 960
258 394
35 286
11 83
2 62 97 136
60 213 433
40 395 784
5 167 268 274 472 480
41 529
460 903
215 966
65 131 240 370 864
8 68 409 955
206 313 324 586 672 831
48 57 429 676
355 538
13 16 17 275
181 347
1 165 739
7 81 176 610
184 559 964
28 214 987
6 819
27 968 991
432 620
34 203 299
62 101
1 144
92 308
1 352
69 301 393
2 317
167 733 750 907 992
10 16 148 479 945
70 79 82 348 390 481 768
303 745
237 440 614 922
73 150 997
133 270 458
12 117
9 56
15 234
55 162 205 209 272 492
62 108 177 305 346 484
152 532 771
58 296 545
27 31 44 63 97 101 214 351
236 384 708
110 297 340 740
21 34
65 365
343 486 824 874 987
100 172 458 509 539 574 634
140 201
43 98
52 149 191
415 502 692
81 84 125 351 919
28 322 890
186 260
74 143 361
32 93 438
410 961
5 11 83 418
139 633
197 403 863
14 26 51 478 488 607 651
30 75 109 418 627 856
544 855
21 234 416
15 69
12 27 38 86 220 282
476 573
278 405
48 797 984
12 23 131 189 471 598 789 992
115 129 218 232 899
7 26 37 146 206 489 607
55 452
125 844 856
43 60 400 808
34 78 110 120 154 465 707 843
258 623 674
6 29 64 646
64 597
98 169 185 198
117 459
7 37 51 57
14 149 238 358 407 717
38 220 257 336 731 817
631 670
567 925
112 537 882
2 44 155 694 947
550 813 903
15 28 110 129 813
4 20 115
264 303
1 170 211 375
214 874
39 160 266
83 363
175 243 253 294 916
189 799 948
90 358 895
795 823 951
63 71 162 333 454 510 766 902
257 730
5 79 122 178 224 415 514 526
67 212 324 696
316 379
504 609
14 341
27 114 122 142 215 225 369 514 599
96 123 168 357 815 879
104 798
78 115 154 437 558
57 60 213
90 199 310 703 990
21 111 326 353 649 652 867
363 904
5 214 540 917
406 584
119 288 508
300 429
244 293 344 441
80 84 372 389 464 971
41 501
57 258 911
6 29 298 810
96 170
7 176
152 176 658
58 314
70 125 389
199 403
38 48 147 462 512
22 367 592 880
32 146 221 586
69 525
30 50 53 67 85 188 671
127 372
124 237 547 614 781
378 529
93 228 331 663
45 571
196 647
552 965
96 126 139 329 855 868 914
394 570
23 72 565
199 287 293 819 943 986
275 381
225 638 729
25 87 281
267 944
36 254 420 698
6 29 98 158 174 252
218 292 335 437 544 723 807 999
31 171 471 543
69 77
163 278
93 296 773
3 703
27 391
174 209 505 659
76 561
77 466
383 555 687 948
71 260
10 190 248
157 724
78 362
56 74
2 12 76 321 538 914
31 136 175 253 963
2 12 44 117 180 549
319 508
7 350 691
102 247
116 626 958
267 823
4 31 71 175 219 243 270 357
179 230
27 86 326
30 168 305 724
2 117
66 85 277 349 931
113 118 167 605
21 52 601
12 147 229 776
14 161 200 448
10 30 383 891 904 990
21 64 156
320 635
18 56 70 73 217 423 502
59 323 576
43 252
6 12 29 103 710 977
11 54 75 334
11 16 46 137 499
61 605 896
165 579
74 350 473
22 151 269 369 636 793
272 422
10 13 134
100 133 195 308
92 100 574 808 980
139 232 406
5 68 95 304 357 454 526 536 596
22 59
222 338
51 193 296 450 478
12 263 329 811
373 704 869
148 538
35 871
158 426
101 235
494 942
15 55 142 205 242 525
149 331
312 373 661 750
110 263
8 138 254 528 567
150 181
130 150
9 48
88 300
54 58 89 123 150 320 699
111 210
690 877
113 480 763
727 849
555 687
86 761
56 134 221 330 473 752 994
256 312 477 1000
249 338 511 518 720 800 833
23 191
1 67 126 129
77 300 422 643 770 979
19 154 302
65 90
9 73 428 912
755 820
131 370
255 547 565
23 72 378 547 563
2 226
47 172 604
19 164 218 297 531 578 927
166 302 523
36 955
116 923
34 416 501
239 313 919
394 468 612
316 674
28 302 930
205 966
414 536
145 605 874 896
6 147 203 395 577 594 795
127 639 661
128 177 271
53 108 123
262 407
15 82
113 118
25 569 951
10 11 830
11 17 22 138 207 621 762
132 145
45 50 790 923
218 295 297 739 943
89 431
76 118 337 398 451
2 41 140 445
83 91 109
97 117 155
169 977
39 166
51 130
249 338 800
4 92
48 450
31 47 202
10 83 381
8 46 54 528 784 830
620 728
191 203 204 592 686
124 886
133 747
105 125 934 960
17 93 119 222 327 349 662 717 741
108 346 742
163 493
17 364
119 204 327
112 780
572 783
8 21 280
63 116
99 384
46 140 192 409
423 831
39 63 91 929
170 554 679 791 969 996
108 128 221 706 816 883
10 11
508 532
29 31 36 63 587 971
8 10 17 46 443
4 290 495
491 656 921
667 789
162 277 506
54 74 75 141 197 207 353 711
9 324 672 754 952
1 16
107 145
94 723
56 196 368 524
252 287
2 321 341 973
369 402
120 284 295 400 477 566
7 134 436 736
87 225 261
154 749
2 12 24 78 246 809 866
189 496
769 824
119 515
68 506
62 515 562 603
178 194 261
24 503
88 111 385
300 311 366 387
69 388 452
356 454 962
225 369
66 68 106 157 435 526
18 80 361
98 103 474 575 977
259 558 616
775 976
255 667
26 91 138 435 787
66 68 168
26 415 615
3 6 176 198 232 900 926
306 315
28 298 558 625
58 67 153 458
188 199 288 687
7 73 217 294 453 834 842
99 212 484
25 94
23 82 553
59 564
429 652
2 106 161 401 465
16 315 352
44 551
44 694
12 24 321 758 850
29 103
84 995
36 442
60 94
16 17 115 137 363 371 404 523 546
4 8 13 16 20 75 702
88 111 273 323 366 576 849
119 222 232 607
142 261 384 857
14 417
47 173 326 353 615
167 312 743
419 860 889 949
232 446
855 868
15 114 252
95 611
5 401
340 411
142 388 417
34 106 107 231 242 673 688 946
159 542 684 957
2 9 56 337 355 608
13 39
172 353 719
829 908
24 665
273 277
3 6 27 220 330 441 519 688
78 164
15 77 142 272 976
79 203
492 989
107 678
48 193
21 27 49 112 167 349 788 805
42 157 465 848
61 69 82 759 973
62 112 201
35 65 230 264
235 444 464 472 527 549
37 125
440 471
250 284 293 826
456 562
10 190 364 621 876 906
27 256 750
132 343 412
215 692
14 48 57 200 358 705
65 99 202 854 885 916
133 838
42 102 356 413 455 554 606
23 563 940
59 203
5 510
14 224 498
61 165
75 137 194
24 155 156 513 774
1 174 368 818
2 24 44 156 226 337 561 682 901
82 737
4 37 47 101 148 159 378 823 888
2 52 247 447 548
283 877
41 378
105 475 875
23 255 440
201 448
13 593
62 167 179 745
1 209 462 541 765
31 63 96 518
9 983
2 71 76 96 619 626
598 993
195 668
5 900 931
72 504 609
3 34 140
130 181 227 677
18 118 480
21 122 205 224 234
3 4 47
45 128
9 489 559 711 995
6 43 77
3 29 169 260
199 383 647
36 43 519 812
18 26 141 143 169 399 802 825
114 182 469
306 861
669 779
90 196 724
73 313
311 449
197 399
65 380 550 813
5 535 556 606
13 16 17 46 109 190 938
57 358 589
131 939
281 530
45 175
152 249
60 599 764 782 839
8 13 37 190 862 950
23 471 781 940
35 352 600
36 181 347 858 873 911
104 376 954 982
164 263 804 970
61 121 265 872 960
2 40 76 183 533
292 400
637 749
185 196 799
19 494
24 84 114 184 187 541 759 825
7 18 26 32 233 245 375 714
56 610
109 138
24 156 226 622
385 593
534 878
22 327
25 79 94 216 782
25 87 140 216 455 530
7 245
19 35 179 241 264 999
152 213 281 720
55 192 534 729
148 226 561 609 774 901 914 947
53 177
11 54 117 718
98 185 287 772
32 72 374 802
134 143 197 672 680 835
59 354 388 397
31 202 304 357
38 220
15 158 265 301
59 119 223 285 367 439
61 163 583 921
527 611
84 152 197 217 240 575 833 844
1 113 118 773
9 18 134 368 375 453 535 697 793
796 863
38 269 273 387
99 628 713
22 191 238 309 331 397 457 603
156 183
44 355 935
101 456
33 128
174 234 241 374 692
142 227 289
253 854
45 130 150 348 699
107 597
7 73 81 141 178 228
148 595
27 336
18 74 802
102 157 673
61 402
17 20
3 772
232 292
103 180 455
80 872
8 54 150 227 537
43 185
7 134 658
133 270 814 822 828 978
761 928
33 276 323
128 431
314 490 715
299 338
71 253 788
309 905
88 173 311 387 652 727
227 524 831
30 55 164 188 348
121 352 934
437 616
248 951
40 83 109 318 666 762
78 87 250 728 785 920
42 106 171 556 998
20 677
208 806 989
6 29 58
37 176 221 721 961
147 577
67 212
22 147 267
8 34 39 433 613 945
171 401 518
34 568 725 827 925 941
317 979
24 156 533 561 919
44 76 337 776 786
2 20 88 194 246 311 419 499
188 646 932
25 87 213 244 618 800 878
425 841
33 50 89 108 191 204 564 604 836
6 98 185 283 570 812 863 900
146 852
28 442 612
51 201 454
33 177
25 60 764
233 461
35 303
5 535
170 333 359 542
319 400 425 810 964
13 80 567
327 371
21 588
235 373
20 47 104 244 295 683 723 942
62 167
9 26 42 861
974 975
65 380
53 158
8 16 137
40 83 166 623
134 362
99 487
14 478 545
313 567 693
49 164 293 726 832 890
122 225
78 335 544
172 576 649 702 836
71 157 162 284 435 468 527
2 13 97 551 830
135 396
1 153 502
8 18 82 318
116 536 640 807 815 963
367 457 617 893
356 413 554
3 29
3 6 117
1 211
14 512
620 859
227 894
115 441
64 66 590 591 815
13 46
195 814
43 259 625
1 279
84 575
74 461
13 17 377
10 16
31 543
31 61 145 579 605
15 298
5 42 68 155 410 527
6 21 29 444 483 654
4 47 177 509 798 954
2 44
27 38 959
25 569 589
487 628 726
35 241 319 365 753
4 69 192 209 301 345 369 630 806
95 466 998
26 428
42 95 766 993
4 92 846
40 104 468 497 898 932
99 738
168 403
1 438
66 102 583 848
3 74 87 98 216 281
3 43 80 349
387 867
13 16 83
105 182 187 265
48 651
3 160 198 252 812
126 412
110 408 645 910
211 279 313 663 746 807
22 118 122 348
30 278 562 601
12 126 183 549
421 887
216 785
90 624
143 146 390
112 869
80 712 818
73 143 233
127 194 557 630
71 467
36 258 316 767
80 120 424
136 396 581
197 233 235 240 243 743 758 856
26 84 755 852
16 88 166 173 366
29 160
30 990
253 333 923
183 549
598 602 712 777
20 45 53 222 571 706
6 29 135
39 63 186 294
16 58 89 123 528 847 882 889
1 18 26 44 93 125 389
21 52 931
21 69 303 588
66 88 106 165 171
40 266
10 13
4 7 125 134 143 796
98 160 756 764
107 804 826
309 582 717
17 25 60 87 386 782
152 165
220 574
390 485 708 721 752
16 54 224 421
67 70 245
30 128 199
53 64 169 568
11 39 54 141 144 211 426
93 144 279 392 485 640 736
59 488 797
1 93
146 892
51 57
126 127 200
45 50 81 346 851
36 181 289 424 985
12 76 148 229 317 398 659
82 182 354 367 594 662
62 112 373 602 845 869 907
8 10 13 762
111 429
45 85
20 445
24 155 751
27 257
513 589 895
360 517
365 600
245 648
65 550
693 832
219 304
182 223 457
1 34 144 746
161 705
25 87 94 213
261 481
7 14 114 122 257 299 341 439 888
44 262 370 407 462 555
49 208 261 704
34 231 859
73 141 410 490
25 48 57 246 256 330 336
19 446
175 260
50 108 320
41 290 683 962
11 17 385 853
10 54 495
315 669
135 136
94 213 226 893
51 185 200 512
28 434
404 583 837
89 482
50 67 177
22 182 439 979
120 953
19 125 446 637
54 660
18 27 176 436 734
15 49 69 208 656 659
41 47 81 722
208 357 641
22 100 222 223 592 629 644
312 398 551 608
11 20
129 142 184 187 298 411 463 806 841
172 560
52 229 447 572 783
96 147 391 588 850
148 317
10 69 82 114 205 282 632
180 359
24 123 246 503
92 100 509
42 62 162 171 268 277 283 556
79 153 157 430 541
60 599 618
145 447
139 302 988
267 763
78 90 115 196 403 412 647
102 117 398 523 533
33 52 405
7 74 392 680
8 461 586
1 79 92 144 148
11 36 227 342 347 517 612 668
9 842
61 129
14 51 296 654 933
131 347 462 765
190 523
146 997
25 60
9 93 211
31 104 114 116 233 414 452 829 878
6 95 519
386 920
126 218 322 578
115 165 927
67 89 280
389 423 961
39 137 385 621 915
179 365 632
32 356 933
449 576 719 956
67 195 571
99 374
180 650 689
57 60 87 113 386 417 488 599
32 35 73
3 43 57 103 881
406 459 700 809
13 40 938
19 185 263 459
24 76 155 245 321 731 821 840
3 43 168 196 794 898 948
86 521 606
103 469 986
11 787
4 41 709
251 372 601
59 127 188 379
7 37 70 170 233 392 486 755 952
159 996
10 75 470 666
35 600 645
36 130 289 360
113 395 451 712 777 944
359 397 486 843 969
14 448
37 56 160 389
337 585 751 947
71 333 619
40 64 377 404 419 775
29 195 316 354 490 819
14 51 193 981
5 606
33 58 212
33 45 50 123 275
23 262 760
4 39 46 138 275 378 418
31 136
7 332 721
86 716
193 296
35 130 522
207 334 433
24 44 202 239 246 292 935
33 305
7 19 26 70 81 221 757
163 405 434 716
78 295 739
52 946
14 159 478 797 884
153 775
35 251 278 291 427 858
53 67 177 267 635 679 706
22 636
11 190 364 381
37 74 631
48 328
310 497 897 994
174 388 965
19 28 129 184 344 924
1 597 678
11 33 271
44 770
9 37 73 332
12 155 538 744 850
159 359 382 542
70 392 743 897
127 450 906
251 278 516
