18
3
3
1
24
8
36
23
3
1
14
6
33
8
15
12
3
18
33
37
6
3
2
5
3
8
5
22
7
25
25
6
17
35
2
34
10
11
24
21
9
9
36
2
18
15
3
2
18
2
1
35
29
6
29
2
2
14
34
7
13
31
37
31
2
3
14
1
21
21
5
1
4
5
1
4
6
25
2
26
8
29
19
13
2
12
1
7
6
14
21
5
7
4
2
21
2
21
9
26
11
2
10
3
15
6
35
5
4
16
16
16
2
28
5
21
11
3
8
11
7
16
31
14
4
17
1
2
15
3
31
4
14
5
2
1
23
1
28
32
10
5
13
32
27
9
4
19
9
2
3
15
11
9
5
9
4
25
5
18
2
33
30
11
9
25
18
12
6
8
6
6
26
15
20
3
2
32
1
12
10
27
7
23
7
3
13
27
9
9
14
3
12
14
21
24
15
12
18
10
32
2
3
4
30
4
7
6
28
24
3
11
15
7
6
4
35
4
1
20
2
3
37
3
1
1
20
13
2
4
13
2
14
1
8
25
8
20
9
18
22
3
8
3
10
1
21
31
4
1
1
16
22
22
21
7
18
16
7
14
23
6
33
23
26
29
1
35
2
13
4
10
32
4
6
1
34
7
29
7
1
10
26
3
16
5
17
10
36
27
7
4
2
12
21
27
26
21
3
4
12
2
5
4
17
11
12
1
4
33
6
2
11
10
14
4
12
16
10
3
13
5
13
24
30
6
20
20
8
17
11
27
9
13
7
30
16
1
9
4
25
19
21
28
18
24
1
6
20
33
9
13
27
1
26
30
32
13
2
14
17
9
37
3
4
1
7
8
7
22
2
2
1
3
37
19
34
1
28
16
13
10
5
1
1
5
11
25
4
11
18
1
3
33
23
22
8
5
37
30
18
15
22
16
16
6
8
1
7
9
11
6
31
1
6
7
20
23
5
16
11
33
14
12
5
29
9
1
37
15
20
13
26
1
36
17
2
1
24
1
3
1
23
2
8
9
17
3
31
4
22
8
3
11
22
4
16
34
8
17
11
24
29
8
8
1
17
21
13
5
1
1
19
28
1
16
23
6
16
2
3
4
5
20
2
19
3
2
22
19
15
10
22
1
32
5
2
1
1
2
1
3
32
35
33
14
5
12
5
2
5
5
4
6
4
23
4
36
34
35
31
36
26
3
36
4
1
27
10
12
10
20
34
25
11
8
35
20
1
8
5
10
2
19
33
5
8
23
9
14
25
1
2
2
6
5
13
6
8
4
2
4
19
3
7
4
6
2
1
3
18
15
1
31
36
10
23
1
2
1
17
32
35
7
19
5
22
19
6
5
15
1
22
1
14
2
6
29
25
30
4
24
1
30
31
3
14
10
37
26
30
3
28
10
20
6
1
2
5
26
36
4
4
5
5
29
19
34
2
24
1
4
2
3
18
3
29
12
16
14
22
3
1
27
24
17
27
1
21
22
8
3
2
7
1
32
16
5
8
10
1
2
30
12
11
29
4
6
19
1
8
4
7
1
6
4
3
21
20
3
35
17
9
12
3
13
8
31
3
21
16
3
36
25
6
27
15
4
32
7
30
17
1
9
4
12
34
5
18
17
2
4
1
15
3
23
22
1
5
2
33
24
1
2
2
14
4
2
4
2
8
2
10
37
5
2
15
19
1
22
21
22
2
4
10
8
5
10
25
10
19
3
1
9
6
10
24
13
2
13
7
8
14
2
16
13
9
8
4
28
19
17
30
5
8
20
11
6
17
12
28
6
13
35
3
11
16
7
30
1
1
18
19
9
24
11
7
4
2
1
36
8
9
15
8
1
26
28
28
19
18
2
7
30
23
12
1
4
1
11
26
12
2
10
6
20
1
12
20
1
5
4
2
6
2
27
10
23
14
1
1
3
28
18
34
3
1
23
33
10
4
2
6
1
7
34
5
7
21
2
9
13
2
1
26
5
31
5
20
20
15
14
23
32
25
27
3
17
15
26
27
2
12
17
18
18
15
2
25
4
5
19
4
5
24
1
19
1
13
3
10
9
31
27
3
12
16
1
3
2
17
2
11
34
3
1
15
1
21
18
24
19
9
7
23
9
11
9
9
13
8
31
4
11
12
25
25
1
32
15
1
4
15
5
23
5
22
9
4
5
25
29
4
7
11
12
15
29
2
14
1
2
29
5
24
7
20
26
11
9
1
10
2
17
28
7
37
3
28
10
10
1
5
3
2
14
28
5
5
22
17
7
24
26
1
27
2
4
10
8
