56 65 85 129 221 910
120 408 461 786
28 344 455 911
139 243 464 595 762
210 960 993
10 51 378 982
48 79 161 221 497 708 882
98 859
226 246
22 82 146 408 471 580 806
45 253 254
8 109 157 204 482 798 838 972
92 470 868
42 83 249 342 486 544 585 711 922
31 749
61 187 783
19 47 287 330 350 361 581 846 974
6 14 105 352
57 69 70 298 426 596 598
215 326 597
114 979
782 834
154 174 871
88 278 280 367 966
10 205 226 325 336 356 600 701
10 127 248 753
21 68 106 209 643 816
53 598
49 167 218 240 686 886
5 39 88 93 96 255 295 673
36 277 647
412 538
5 196 300 437
110 258 285 311 765 904
2 9 76 211
264 477 577 945
11 18 49 67 726
35 44 95
53 118 186 242
77 215 514
5 145 188 290
24 108 398 708 891 988
97 910
13 20 310 394
38 313 331
190 362 446 970
103 200
93 492 529 837
10 33 126 197 710
34 52 520 537
8 112 657
658 719
2 295
17 320 448 524
15 21 32 415 871
24 159
62 123
16 96 180 198 260 307 317 424 638 684
62 574
600 663 773 821
191 315
40 70 96 151 224 295 468 729
25 211 238 417 448
294 307 423 530 551 747 906
18 49 187 228 231 463 760 836
117 164 322 411 419 590 624 725
3 44 202 711 840
9 40 70 91 104 116 203
127 204 438 569 603 739
5 39 965
204 274 676 832
86 145 168 182 188 296 353 647
60 436 499 646 655 702
164 387
49 88 121 167 651
4 72 373 392 475 498 539 617 841 961
11 640 872 916
34 217 268
126 157 287 382 492 710
93 992
5 20 102 196 221 463 616 848
83 473
251 338 617
9 47 118 612 642 692 715
20 363
140 258 273 495 503 939
2 5 23 174 291 795
46 83 152 714 737 879
80 173
532 615 776 829
325 604
31 75 354 462 713 753
4 68
148 486 563 793
21 54 228
69 96 98 116 247 343 568
36 549 803
125 698 953
90 731 762
13 30 158 388
2 47 119 126 811
29 256 259 280 565
9 58 118 222
83 486
11 16 198 487 508
56 57 743
47 118
5 39 196 210 324 439 645
111 934
67 763
169 208
78 638
17 98
97 487 634
278 282 822
119 282
13 36 59 519 585 887 914
273 582
88 207 214
12 73 200 744
7 11 905
125 705
368 768
64 521
43 49 151 525 621 801
28 241 717
75 227 484 603
49 167 257 391
27 586 619
83 342 892
101 117 223 306 695
6 14 125 160 235 526 560
26 452
19 74 350 368 422 459 856
200 999
76 230
235 256 788 813
44 56 70
10 281 394 434 718
1 240 784
458 707
269 568
395 443
39 54 117 131 171 275 415 567
13 19 163 604
54 171 488 568
79 84 187 219 766 790
64 123 171 208 449 867
232 618 620
21 170 397 755 853
110 639
8 101 184 437 927
302 973
16 317 633
236 551 599
62 665
66 192
273 538
288 748
30 31 78 138 166 936
50 90 133 360 763 844
39 424
26 547 802
42 165
10 155 494 512 908
75 77 113 250 364 513 564
52 537
119 250 559
238 532
93 462 761
4 41 42 58 146 239
6 41 99 156 464 465 547
46 152 175 327 604
18 83 85 402
141 183 723
17 23 330 371 388 543 759 863
24 27 51 68 138 264 267 552
54 236 326 875
123 131
41 99 156 434
80 173 297 310 668 968
65 77 89 170 452 825 931
19 29 38 153 194 899
456 513 550
73 152 591
26 60 207 214
51 246 276 817 854
5 136 602 757
118 220 532 679
146 511 541 923
3 17 186 203 299 524 752
27 286 986
27 64 123 159 303 413 449
171 668
18 37 45 89 167 391 502
21 22 32 311
37 516 615 741 779
144 495
18 49 73
4 10 225 378
86 664
218 228 389 395 798 818
28 134 322 825 988
114 209 474
59 845
12 16 555
68 308
34 52 217 239 458 537 704 794
28 180 253 403 641 990
8 184 386 548 624 994
76 623
183 369 374 502
860 878
68 145 455 644 742 768 881
43 157 316
66 130
242 625
332 353 528 702 996
78 166 367 388 534 599 629 694 699
111 112
3 14 25 26 235 397 459 536 731
3 11 14 26 43 162 465 522
173 230 265 277 377 661
10 51 234 442 718
31 183 369 954
843 987
20 53 82 734
332 528 591
156 189
77 89 171 172 208 215 514 558 616
36 377
46 901
9 20 66 213 223 813
146 333
40 192 222 320 760
12 32 169 348
98 195 298 343 867
22 47 186 224 502 523 685 909
59 135 346 407 505 519 594 856
18 44 50 97 135 280 312 444 742 962
205 356 400
30 31
23 99 362 425 439 529 576 745
88 133 235 260 671
4 267
7 26 41 42 152 237 929
50 293 823
107 583
61 187 603
29 163 259
16 177 433 956
6 25 1000
123 248 384 413 574
38 390 440 955
8 112
43 313 575 642
129 714 917
435 575
48 56 57 79 95 177 221 583 618 711
119 170 234 392 445
280 954
28 91 98 247 455 593 650 947
4 28 127 276 396 830
86 232 339 424 508 530 816 935
21 32 215 453
80 807
15 95 213 255 909
13 33 263 330
630 895 921
9 13 19 63 78 416 425 470 832
54 89 243 853
58 960
8 130 481 487
120 313 466 494 934
124 360 838 873 925
221 743
2 652
163 989
7 41 224
15 174 213 402 591 697 879 917 957
48 101 267 466 475 612 913
55 266 279 475 598
189 196 210 372 602
6 13 213 347 445 505 651 735 805
199 231 804
35 57 128 359 500
132 562
145 696
52 233
4 108 140 155 164 357 503 619
30 151 244 341 749
15 653 896
11 124 145 396 587 641 947
10 51 72 366 578 670 864 918
7 66 319 525 575 736 772
362 410 754 948
34 93 217 261 369 503
86 89 262 311 730
209 344 474 993
126 436 878
63 648
18 245 248 282 319 824
62 64 570 605 688 903
323 381
11 20 63 72 219 223 263 592
373 472
73 76 109 573 949
4 471
40 69 195 467 468
30 95 875
233 960
231 321
10 156 333 572 754 767 926
6 14 59 277 346 630 726 993
11 67 193 315 384 420 501
533 771
13 65 935
4 414 534 552 661 896 938
440 617
106 127 172 478 488 510 514
1 635
80 100 265
1 18 93
77 205 356 579 611 701
406 567 755
8 245 614
42 380 723
44 97 102 105 116 161 957
146 278 556 640 754
20 39 346 363
149 767
40 55 69 79 91 155 270 381 706
8 84 231 270
3 211
5 23 50 56 95 232 596
440 527 908
13 301
108 115 168 198 286 383 483 625 894
16 86 180
50 57 302 553 653 833
51 179 385 472 790 800
137 189 362 427 902
146 165 175 794
52 536
1 257 345
4 113 135 302 396 499 759
114 808
80 173 620 880 994
72 136 373 413
107 268
19 781
2 30 109 942 949
1 18 34 129 155 160 174 871
94 148 248 627 751
107 784
230 249
80 355 950
11 607 967
7 210 431 538 621
56 92 134 708
376 490
50 63 95 128
120 796
125 300
52 426 463 472 504
44 337 420 476 691
87 100 251 501 527 827 847
50 65 95 102 185 387 497 662 944
125 132 289 450
407 432 469
36 707 914
27 108 134
19 474 505 979
15 71 76 157 216 218 884 933 998
33 467 772 884
216 218 220 316 327 826 893
29 60 183 215
8 184 925
41 146 149 190 456 589 632 704 929
2 24 118 186 281 587 606
3 104 299
12 114 139 209 344 481
7 29 292
131 578
25 84 321 381 569 580 686 760 862 930
20 36 63 375 399
270 358 383
4 12 77 106 127
47 978
10 24 71 196 225 303 328
229 732
5 151 570 757 915
38 153 234
450 632 667 933 953
5 346 645 722
19 263 310 394
238 870
280 367 976
70 295
6 11 194 391 404 464 540 687
161 542 756 980 981
18 35 160 220 444
103 340 672
12 262 338 498 800
58 301
854 995
279 963
156 165
206 325 789
17 86 193 205 301 307
162 678
8 39 137 395 490
22 176 186 978
21 254 370 403 451 587
6 293
6 14 407 793
70 98 247 255
2 3 25 189 242 284 288 606 803 926
43 435
482 560
76 143 270 334 686 783 862
52 107
14 55 143 237 381 766
204 309 456
9 113 244 269 596 629 985
64 483 521 630 964
140 312 357 656
14 26 329 805
35 56 85 113 135 143 229 232 730
11 90 114 344
20 375 399 429
556 590
37 181 288 980
72 75 82 138 539 674 918 982
14 48 117 153 306 390
21 37 76 104 204
2 17 63 66 197 977
94 157 769
41 42 351
7 128 518
75 252 336 347 471 553 670 739
60 207 291 335
36 526 566
21 32 111 169 262 326
90 194 839
7 94 149 157 209
34 52 217
21 32 208 348 478 589
282 314 382 447 521 779
7 43 518 525 904
16 669 793 897
257 776 829
117 796
113 150 507 561 579 799
32 357 597
21 54 390 675 695
2 9 22 47 67 83 141 677 877 892
6 7 14 801
20 223
249 316
1 663
182 528 904 998
45 811
3 284
637 952
38 43 297 393 571 685 693
127 594
26 132 147 230 271 277 304 389 526 533
108 226 380
251 340 347 373 381 713 953
12 172 208 832
206 216 304 356 560 632 734
94 109 292 482 727
16 55 175 227 307 417 615 816 935
3 9 197 222 244
37 54 103 491 531 608 733 901
29 351 681
36 61 214 628 845
25 252 479 657 765
53 82 595
12 589
58 67 90 360 468 986
8 32
12 46 50 77 786 792 874
107 339 351 352
286 328
67 83 203 294 625 897
3 19 422 646 710 857 894 991
48 860
94 132 147 622 727 942
21 89
77 149
73 207 309 729
58 67 241 493 550
38 201 411 756
364 905 978
8 264 318 376 639 716
322 483 590
62 229 920
6 285 404 540 559 572
17 224
15 29 207 278 409
22 469
2 3 26 120 243 397 764
87 136 384 401 898
3 246 573 592
73 109 147 274 292 309 515 517
149 372 374 642
49 160 401 885
90 108 386 509 989
115 342 490 738 771 922
551 951
13 29
23 35 50 85 125 206 720 798
2 211 320 612 636
479 691
227 349 484 829 869
68 251
15 33 152 887
34 107 385 520 681
71 78 770 936
33 436 467 648 936
43 64 263
38 164 294 421 777
18 24 90 92 124 191 423 550 758 983
15 192 197 266 638 804 943
170 536 687
70 126 255 447 542
3 37 181 364
72 234 428 971
105 195
54 77 106 150 275
103 116
180 198
10 42 318 333 366 420
3 130 564 909
23 350 557 662 721 725
6 14 237
2 33 121 214 259 291 694 704 797
60 813
73 76 132 173 340 527 806 938
349 826
19 65 203 221 480 842
4 163 317 325 522 661
40 69 690
3 20 37 429 438 442 565 841
98 116 343 588
20 56 57 128 662
163 254 400 604 773
3 118 364 382
9 11 738
67 121 207 246 976
53 55 428 476 963
23 65 293 441
1 122 258 571
130 477 900
142 398 419
283 433 807 968
42 99 156 225 332 446 549 752 833
10 68 72 177 269 480 835
9 257 612 636 689 975
412 555
188 647 996
294 460 883
12 62 170 275 311 406 415 470 834
27 100 383
61 184 219 228 432
34 73 87 94 107 204
51 131 144 654
23 35 133 233 371 506 618 633
60 112 113 122 229 258 319 579 639 972
8 137 319 382
1 109 672 831 890
14 68 251 378 840 847
20 28 118 224 338 752
12 21 208 275 326 406
594 753
30 31 78 205 600 889
27 159 380 405
19 58 62
46 129 835
55 426 626
51 88 569 757 791
134 328 398 946
101 164 331 387
151 203
61 84 96 177 302 358 758
4 68 494 578 817 854 908
45 142 291 747
10 138 179 237 251 414 438 569
67 506
2 19 22 176 320 453
8 137 207 220 443 636
28 641
6 81 119 157 271 536 559 561 563 667
12 32 128 172 348 558
4 11 26 124 133 315 515 609
30 89 289 312 480 522 937 945
63 225 354 819
105 197 697 940
253 370 587
46 48 170 213 493 736 923 943
17 66 91 195 242 741
100 272 689 775
56 230 365 450 517 676 698 727 750 933
126 361
6 14 418 925 931
264 418
70 91
182 188 393 696 836 881
78 149 189 236 339 830 948
94 218 601
73 125 216 435 518 525
354 574 688 903
81 329 343 659
70 188
23 57 85 97 183 371 510 764 910
97 128 238 417 664 870
44 102 720 863
31 37 40 86 181 288 542
84 358
190 427
76 340 365 601 622 769
9 25 66 222 393 441 448 524 984
236 388
4 21 131 300 449 603 605 819
55 266 637 958
111 252 337 405 457 476 787
24 25 82 279 637
20 429
16 199 378 571 879
33 126 361
15 17 56
8 516
5 80 462 566 722
14 81 452 983
13 162 278
185 291 335 367 409
30 163 341 789
27 71 81 191 223 658 692 719 983
13 780
121 565 584
5 261 395
131 271 365
13 63 113 293 363 823
1 18 240
32 53 114 172 379 613
3 17 22 66 176 201 244 273 778 785
2 9 25 122 233 244 545 564
18 36 59 308 368 573
379 809 987
3 9 25
30 31 42 99 189 190 362
79 85
342 544
105 943
665 796
38 212 306 786 820
53 82
19 40 162 310 505
24 74 115 383 386 586 989
147 216 300 513 517 566 893
16 41 475 527 541 552
3 104 211
141 531
6 111 122 174 258 397 457 671
4 127 921
153 323 334 432 913 969
1 19 68 162 304 345 394 721
153 411
23 43 48 65 202 618 732 878
106 825
30 44 113 128 135 150 312 359 611
40 116 125 195 343 859
29 93 416 748 824
46 197
9 104 137 441 652 882 959 962
60 88 529 991
40 69 70 96 295
20 363 399
3 22
87 127 281 360 406 434 791
39 283 895
31 875
2 9 73 130 284 746 900
46 716 815
155 809 831
81 119 153 243 452 540
6 124 138 235 243 368 775
297 807
379 666
34 107 504
355 880
17 23 25 44 46 224 481
83 335 486 511 546 563 654
35 95 444
79 102 202
48 62
154 923
110 140
2 22
210 602
6 119 238 267 407 540
48 56 102
290 296 353 836 876
10 38 164
81 99 154 873
30 82 158 166 292 426
131 179 932
2 30 39 147 166 551 722
2 911
264 275 815 848
82 202 351 799 852 995
57 375 497 720 864
147 292 601 667 729 942
4 136 276 277
82 121 266 598
81 165 368
322 891
20 977
269 372
206 218 769
58 180
103 608
12 20 171
53 55 219
71 496
14 26 81 170 272 282 659 671
19 23 422 701
359 485 543 554 656
163 400
26 487 651
249 271
376 588 627 738 751 810 892 897
283 610
140 144 178 331 874 939
11 124 191 290 305 432 763 839 986
53 192 266 298 626 842
161 485 497 510
17 22 47 448
121 654
502 850 984
866 944
47 104 715 905
65 79 128 176 488 849 902
42 99 190
148 992
9 17
59 83 519 922
8 37 123 248
23 172 437 485
545 849
241 515 712 890
47 51 60 88 367 827
29 700
7 43
407 484 746 870
22 182 290 541 950
1 389
41 239
1 6 32 88 259 369 709 788 792 824
45 49 87 132 136 276 592 674
10 16 276 385 580
141 314 576
303 866
10 75 121 136 177 278 280 308 384 442
135 823
41 99 142 363 970
4 61 246 758 790 899
18 49 160 257 355 391
14 148 376 588 669
48 79 205 814 959
7 518 575
24 58 108 726
8 129 137 197 430 548
1 345
53 55 201
327 417
89 106 172 348 412 616 782 987
459 547
37 614 736
134 272 576 972
828 906
138 414
136 354 739
103 258 318 321 337 457 529 561 765
24 71 108
23 500 629
789 804
32 558 684
18 45 137 160 217 240 261 391 635 660
214 284 409 584 797 858
11 46 139 607
141 200 707 837 914
16 20 30 87 226 375 466
161 199 844
86 316 530 622
42 970
323 469 928
305 467
32 65 85 150
1 22 61 203 409
10 28 254 916
32 215
70 98 235 247
28 489 740
141 245 272 576
34 195 255 583 678 919
53 55 907
38 71 120 212 470 927 964
29 88 185
1 26 237
4 366 472 713
148 700
466 471
63 498 734 952
33 46 129 229 866
38 385 442
71 285 370 390 747 907
66 129 150 221 997
28 370 740
101 175 227
90 360
109 705
105 395 430 465 940
385 791 898 938 941
190 321 581
29 202 229 291 335 584 610 673
61 82 101 117 164 306 955 977
5 39
92 142 586 590
851 890
17 22
5 7 25 73 93 196 210 271 435
4 67 87 179 212 234 281 408 888
121 185 335
19 162 350 469 721
34 52 402 504
15 46 572
24 286
473 544 567 771 783
35 85 135 264 812 888
863 888
95 835
334 352 410 899
9 34 154 681
14 28 329 386 414 860 894 896 946 990
9 174 957
457 787
47 224 724 997
45 58 133 160 177 810 812
24 134 155 286 303 483 670 831 988
26 731
65 202
14 376
633 656
5 11 133 156 186 242 421 965
38 101 313 454
81 170 465 659 762 775 815
176 366 392
143 231 270
34 520 538
25 176 915
175 327
100 110 283
2 151 222 900
1 14 23 108 168 294 301 802
16 66 180 294 508 780
132 316
10 60 146 154 200 256 797 861
114 139 733 770 975
153 454 934
154 410 683
17 19 29 33 214 974
216 271 292 744
13 263 545 600 931
111 112 252 337 420
47 66 70 433 620 778 915
40 69 91 919
6 13
74 92 115 134
13 48 310 394
35 79 86 193 480 956
341 889
36 40 96 247 628 666
2 94 165 299 794 861
306 820
27 74 142 155 398 496
534 889 937 951
206 249
75 245 288 531 660 750 774 850
43 392 621
265 283 410 523 610 968
75 158 276 827
62 605 864 903
5 28 645
7 52 62 64 268 289 537
12 15 54 478 782
719 857
93 133 185 401
7 22 176 287 522 634
54 62 77 113
71 78 144
10 41 971
184 516 945 956
87 219 250 501 806 918
37 103 282 314 542 608 981
74 168 180 891
73 132 274 304 628 698 712 941
24 31 155 507 512
27 44 71 110 122 386 451 509 570 821
182 296 353
53 195 247 279 649
42 190
248 688
165 239 256 329 858 954 980
62 64 148 473 521
4 10 225
27 74 108 115 254 322
102 743
24 509
31 158
10 338
244 259 284 364 374 652 677 855
8 92 178 273 495 503 507 868
4 72 617 847 973
403 451
42 165 189 333 446
5 13 228
15 77 174 555
5 13 19 147 350 422 557
2 3 8 17 18 111 137 345 920
39 112 784
15 33 86 174 402 606 680
15 28 213 241 253 396 605 717 740
114 563 619 770 808
15 46 129 152 161 500 691 887
112 380 657
23 65 95 102
8 418 838
31 55 158 399 562
37 103 181 314 614 901
178 239 683
4 72 138 347 411 969
144 178 305 357 361 447 460
1 18 345 401 920
80 114 159 173 201 297 865
11 38 124 153 331 421 595 820
18 45
99 351
14 41 81 106 286
25 118 181
29 69 88 416 526 761 966
143 187
2 34 36 52
5 238 431 462 967
76 196
7 123 482
226 941
12 32 262
1 76 328 349 431 513 826
109 150 372
223 853
48 105 468
16 175 193 227 349 431 530
324 439
476 489 493 650
133 233 315
64 123 131 152
56 100 232 265 283 821 865 917
36 59 75 359 378 501 552 609 982
150 162 193 303 307 317 508 697 706
17 84 168 203 374
1 130 571 685 709 958
54 323
26 175 220
16 149 154 193 333 549
45 844
51 57 110 194 267 373 631 655 664
46 151 222 402 430 803 924 992
51 179 240 267 499 539 578 674 961
241 451
302 561 596
4 253 455 489 682
7 28 370 489 742
12 35 106 169 202 555 668 724 843 881
55 178 279 582
139 613
97 206 274 340 562 893
110 318
9 393
45 115 167 186 257 885
10 498 559
75 179 181 319 382 434 531 703 837
36 59 85
15 38 101 387 454 461 543 624 665 959
24 92 134 496 774 776
67 90 191 260 346
69 91 226 705 851
45 64 74 194 423 427 649
33 101 117 390 461 535 772
1 31 534
250 281 408
54 89 171 172
59 201 562 874
105 491
15 384
112 285 337 405
49 523
11 16 31 158 194 966
34 504
13 263
100 865
112 122 252 379 389 404 787
59 277 458 845
12 107 520 567
15 105 181 940
63 261 353 443 500 548 848
6 111 445 595
55 63 223 509 533 626
4 718
366 592 648
145 188 296 428
67 198 260 588 828
183 675
33 201 287 305
36 39 59 377 474
74 398 512
100 173
287 702
1 199 528 886
3 680
119 159 184 261 418 464 477
44 102 728 985 997
1 325 623
5 53 82 266 895 952
133 506
41 42 392 573 767
13 545 929
205 814
28 241 396 403 593 650 717
51 72 75 219 250 347 408 580 971
148 473 808
1 173 265 355
59 377
59 375 609
58 99 165 236 549 599 683 730 926 985
78 236 341 388
37 200
8 35 912
12 21 79 215
13 169 208 209 211 533 613 834
61 143 228 323 334 557 582 699 930
35 359
35 209 214
16 30 50 85 166 694 951 995
387 421
104 139 564 677 846
300 566 585
20 781
35 314 492 756
12 21 106 140 759
217 268
110 285 399 404
16 61 143 168 828
104 130 453 547 715
274 285 405
182 644
52 200 245
7 29 43
198 822
6 237 445 1000
50 57
2 11 17 58 211 877
7 43 198 289 801
110 252 404 479
141 163 336 356 397 400 663
5 39 44 150 439 568 675
91 204 304 309 724 728
40 96 126 187 682
5 39 634 795 799 852
336 611
111 318
226 234 438
184 716
272 288
1 21 106 160 299
61 84 116 158 166 352 599
239 427 861
89 262 311
144 217 268 583 924
253 593 947
49 92 159 169 213 256 430 591 714 737
12 169
65 312
177 222 232 269
68 127 250
490 810
2 22 192 358 877
43 876
49 162
31 166 341
124 477 517 577 872
61 143 930
72 120 201 212 273
97 135
111 631
39 795
6 19 33 460 991
2 25 958
9 139 176 242 374 570 680 785 937
140 178 293 413 495 699 932
132 331 535
15 152
93 256 660 673 733 761 999
12 415 755
17 94 125 206 230 309 515 560 818
317 649 883
131 574 867
1 199 380 546 857
1 45 484
103 245 690
218 491 919
11 58 90 191 260 607 839
3 103 192 608 850
101 117 120 164 461 535
1 18
80 100 355
75 703 817
136 361 429 609 678
23 50 74 485 553 554 849 852
225 655 700 805 830
216 712 949 998
48 444 912
29 60
24 54 56 85 437 554 777
519 856
26 36 329
3 22 47 104 130 284 299 687 984
84 231 766
47 182 188 499 696 996
41 272 425 946
212 313 955
320 643 846
27 145 290 749
185 259
24 74 383 425 512
87 225 539 840
183 858
8 17 25 348 695
7 289
72 138 171 246 354 365 898 916
6 119 301
735 944
122 405 479
631 643
78 336 400 611 814
7 693
80 100 297 880 994
3 32
31 78 140 158 532
12 114 403 613 781 802 843 979
2 151 167 192 296 441 524 544 692
16 168 193 424
115 546
50 57 79 97 293 553 653
16 684 706 822 906
6 27 42 454 507 635 927
586 640 872
37 139 344 379 693 809 981
330 779
94 274 389 450 456
27 281 841
64 69 91 96 123 298 449 932
27 109 117 212 601 777 913 961
43 154 928 948
38 81 459 746 773
40 91 98 298
7 289 582
15 102 105 220 349 510 679 812 869 967
22 104 481 689 785
199 811
496 511
60 308 369 594 963
136 219 227 327 615 869
240 262 885 886
185 584
6 44 161 371 833 973
87 91 110 122 255 308
44 135
87 179
122 191 194 260 423 907
581 884
1 9 45 128 227 228 233 334 401
74 115 142 883
44 107
97 488
57 80 86 265 393 433 523 610 876
40 859
98 137 199 548
142 159 511 556 735 855
4 83 669
11 550
28 124 493 990
8 41 149 339 446 458 492
1 45 49 167 339 372 709
338 428
157 672 818 851
305 460
5 965
290 332
178 939
21 89 148 169 279 406 778
144 357 658
296 644
51 254 565 614 703 723 745 750 788 800
84 862
15 377 491 572 737 999
50 161
2 3 9 16 19 25 35 168
84 321 358 535 557 928
23 175 229 328 679 732 764 962
33 597
68 494
71 287 911
156 902
48 324 554 602 882 921
27 92 419 556 606 774 950
64 76 109 138 249 365 371 440 623
5 210 220 324 819 1000
69 116 187 352 741
144 178
7 33 269 616
7 129 275 326 478 589
1 14
8 126 139 261 443 607 873 975
30 71 92 115 134 159 546 593
52 60 121 130 416 842 855 924 976
243 768
21 412 558 597
24 84 142 270 541 543 868
33 37 74 141 166 579 646 725 748
20 51 63 113 780
330 436 447 581 682 974
27 120 419 912 964 969
11 66 90 324 453
26 34 52 69 96 116 268 295 690 745
342 585 627 751
145 332 514
18 53 167 463 666 792
112 516 577
11 315 506
57 120 147 177 212 577 676 728 744
