0.999
0.999
0.999
0.999
0.999
0.999
0.99
0.976
0.943
0.85
0.665
0.665
0.642
0.312
0.211
0.158
0.105
0.039
0.039
0.024
0.015
0.014
0.014
0.013
0.012
0.007
0.007
0.007
0.007
0.007
0.007
0.007
0.007
0.007
0.005
0.005
0.005
0.005
0.005
0.005
0.005
0.005
0.005
0.005
0.005
0.004
0.003
0.003
0.003
0.003
0.003
0.003
0.003
0.003
0.003
0.003
0.003
0.003
0.003
0.003
0.003
0.003
0.003
0.003
0.003
0.003
0.003
0.003
0.003
0.003
0.003
0.003
0.003
0.003
0.003
0.003
0.003
0.003
0.003
0.0
0.0
0.0
0.0
0.0
0.0
0.0
0.0
0.0
0.0
0.0
0.0
0.0
0.0
0.0
0.0
0.0
0.0
0.0
0.0
0.0
0
