0.046522191623399614
0.046522191623450525
0.046522191623449144
0.04652219162345629
0.046522191623449075
0.04652219162344379
0.04652219162339264
0.048177362687746195
0.052232059013235015
0.057018276687177336
0.06501151191561243
0.06501151191561302
0.06501151191564963
0.11150949597532049
0.11066636510930128
0.11141536163762013
0.11135482909800919
0.12517145023389703
0.12356458414162465
0.12300658154121698
0.12036490380438926
0.11907772263865202
0.11907772263865071
0.11836254464287513
0.11697886851937289
0.0554339065092564
0.055433906509259674
0.052658881301780695
0.052658881301778745
0.05265888130176548
0.0516913286382981
0.0516913286383081
0.05169132863831344
0.04992288635090399
0.04922624037233453
0.04638509837729929
0.04638509837730027
0.04646101670537668
0.04567335467458978
0.0456733546746038
0.04567335467459123
0.04567335467460269
0.043911146474164955
0.0439111464742109
0.0434215353702204
0.04342153537016553
0.04342153537023377
0.043421535370220254
0.04342153537023137
0.04342153537023053
0.04149127956105873
0.04100306403506164
0.04100306403506164
0.04100306403506164
0.04100306403506164
0.04100306403506164
0.04100306403506164
0.04100306403506164
0.04100306403506164
0.04100306403506164
0.040648396803313065
0.040648396803313065
0.040648396803313065
0.040648396803313065
0.040648396803313065
0.040648396803313065
0.040648396803313065
0.040648396803313065
0.040648396803313065
0.040648396803313065
0.040648396803313065
0.040648396803313065
0.040648396803313065
0.040648396803313065
0.040648396803313065
0.040648396803313065
0.040648396803313065
0.040648396803313065
0.040648396803313065
0.040648396803313065
0.040648396803313065
0.040648396803313065
0.04041400000000001
0.04041400000000001
0.04041400000000001
0.04041400000000001
0.04041400000000001
0.04041400000000001
0.04041400000000001
0.04041400000000001
0.04041400000000001
0.04041400000000001
0.04041400000000001
0.04041400000000001
0.04041400000000001
0.04041400000000001
0.04041400000000001
0.04041400000000001
0.04041400000000001
0.04041400000000001
0.04041400000000001
