0.05607140516907947
0.05607140516905635
0.05607140516906447
0.05607140516905619
0.05607140516904916
0.05607140516905417
0.05607140516905668
0.05725741088855583
0.0612591514351019
0.06603689245961325
0.08136520558553403
0.08136520558555191
0.0813652055855192
0.11616047461160425
0.11591104695484324
0.11683474869042464
0.12094284250832614
0.11786060248400265
0.11689510324938623
0.11546383323927614
0.11422622206789597
0.1120520800238246
0.11205208002382289
0.10913917838560039
0.10820145646035237
0.06347769501383156
0.06347769501376828
0.06218436895895716
0.062184368958908436
0.06218436895895965
0.058937013889304904
0.05893701388930655
0.05862104506192354
0.05773164671050685
0.05733512244333845
0.05514694041041983
0.055146940410414264
0.05514694041042239
0.05298728023700245
0.052987280236933484
0.05298728023693873
0.05298728023700259
0.053348217901670464
0.053348217901664066
0.053348217901670436
0.05316000862641747
0.053160008626428217
0.053160008626423706
0.05316000862643218
0.053160008626426905
0.05058431082444698
0.05058431082444698
0.05058431082444698
0.05058431082444698
0.05058431082444698
0.05058431082444698
0.05058431082444698
0.05058431082444698
0.05019667192343226
0.05019667192343226
0.05019667192343226
0.05019667192343226
0.05019667192343226
0.05019667192343226
0.05019667192343226
0.05019667192343226
0.05019667192343226
0.05019667192343226
0.05019667192343226
0.04919985632573388
0.04919985632573388
0.04919985632573388
0.04919985632573388
0.04919985632573388
0.04919985632573388
0.04919985632573388
0.04919985632573388
0.04919985632573388
0.04919985632573388
0.04919985632573388
0.04919985632573388
0.04919985632573388
0.04919985632573388
0.04919985632573388
0.04919985632573388
0.04919985632573388
0.04919985632573388
0.04919985632573388
0.049366
0.049366
0.049366
0.049366
0.049366
0.049366
0.049366
0.049366
0.049366
0.049366
0.049366
0.049366
0.049366
