0.04797025881290968
0.047970258812917395
0.04797025881290798
0.047970258812915
0.04797025881290328
0.047970258812913585
0.04797025881290813
0.04995606691503472
0.05303245150349692
0.06275995197225671
0.0846321715560377
0.08463217155603843
0.08463217155603366
0.11196112432448616
0.11211902482655842
0.11198744785857181
0.11249133832146203
0.12776471348030427
0.1270049524562943
0.12566516443295
0.12454036150583997
0.12429660966556424
0.12429660966556219
0.12177635641390697
0.1221747845598355
0.05073637972785919
0.05073637972781923
0.04768071906762417
0.04768071906762792
0.04741713455578735
0.04613359201964204
0.04613359201964509
0.045616438826556416
0.045979420748450385
0.04441465671499882
0.04389469507017639
0.04389469507017639
0.04389469507017639
0.04345949708599993
0.04345949708599993
0.04353894763449926
0.04353894763449926
0.04353894763449926
0.04353894763449926
0.042731765089014315
0.042731765089014315
0.042731765089014315
0.042731765089014315
0.042731765089014315
0.042731765089014315
0.04050702106318947
0.04050702106318947
0.04050702106318947
0.04050702106318947
0.04050702106318947
0.04050702106318947
0.04050702106318947
0.04050702106318947
0.04050702106318947
0.04050702106318947
0.03998600000000003
0.03998600000000003
0.03998600000000003
0.03998600000000003
0.03998600000000003
0.03998600000000003
0.03998600000000003
0.03998600000000003
0.03998600000000003
0.03998600000000003
0.03998600000000003
0.03998600000000003
0.03998600000000003
0.03998600000000003
0.03998600000000003
0.03998600000000003
0.03998600000000003
0.03998600000000003
0.03998600000000003
0.03998600000000003
0.03998600000000003
0.03998600000000003
0.03998600000000003
0.03998600000000003
0.03998600000000003
0.03998600000000003
0.03998600000000003
0.03998600000000003
0.03998600000000003
0.03998600000000003
0.03998600000000003
0.03998600000000003
0.03998600000000003
0.03998600000000003
0.03998600000000003
0.03998600000000003
0.03998600000000003
0.03998600000000003
0.03998600000000003
0.03998600000000003
0.03998600000000003
