0.06147254555441421
0.06147254555439393
0.06147254555439073
0.061472545554405414
0.06147254555441531
0.06147254555440368
0.06147254555438033
0.06287989267167263
0.0653249819425408
0.07137550281433326
0.08511003851485809
0.08511003851484858
0.08511003851485054
0.12849436468294953
0.1293568646740257
0.12938394411777313
0.12927187487608738
0.11201172816778504
0.11154873096556495
0.1092048682662243
0.10900902230625668
0.10519215289783133
0.10519215289783133
0.10240181204031021
0.1021301257795962
0.06668870806466914
0.06668870806466959
0.06576192480777979
0.06576192480777365
0.06576192480772695
0.06339893454749461
0.0633989345475363
0.06367002364500617
0.06349020755460791
0.0620166910521277
0.06111085834061884
0.06111085834060753
0.06111085834060885
0.061158512204641344
0.061158512204641344
0.061158512204641344
0.061158512204641344
0.059679814643283015
0.059679814643283015
0.059679814643283015
0.059679814643283015
0.05916764717515963
0.05916764717515963
0.05916764717515963
0.05916764717515963
0.057999496981891115
0.057999496981891115
0.05726003009027076
0.05726003009027076
0.05726003009027076
0.05726003009027076
0.05726003009027076
0.05726003009027076
0.05726003009027076
0.05726003009027076
0.05726003009027076
0.05726003009027076
0.05726003009027076
0.05726003009027076
0.05726003009027076
0.05726003009027076
0.05726003009027076
0.05726003009027076
0.05726003009027076
0.05726003009027076
0.05726003009027076
0.05726003009027076
0.05726003009027076
0.05726003009027076
0.05726003009027076
0.05726003009027076
0.05726003009027076
0.05726003009027076
0.05726003009027076
0.05726003009027076
0.05726003009027076
0.05726003009027076
0.05726003009027076
0.05726003009027076
0.05704599999999991
0.05704599999999991
0.05704599999999991
0.05704599999999991
0.05704599999999991
0.05704599999999991
0.05704599999999991
0.05704599999999991
0.05704599999999991
0.05704599999999991
0.05704599999999991
0.05704599999999991
0.05704599999999991
0.05704599999999991
0.05704599999999991
0.05704599999999991
0.05704599999999991
