0.06434002677574961
0.06434002677575063
0.06434002677576554
0.0643400267757498
0.06434002677574734
0.06434002677575411
0.0643400267757579
0.0659822670564666
0.06727072077089266
0.07234310908287336
0.07623274158197482
0.07623274158197361
0.07623274158196969
0.10850707505649815
0.10832964005181549
0.10923962632943968
0.10891204955643287
0.11153323389417157
0.11128038468079737
0.11042795791200692
0.1085521475715359
0.10833155089076402
0.10833155089076411
0.10716167757028412
0.10570677987468807
0.06829413450181714
0.06829413450180193
0.06727257888281707
0.06727257888282424
0.06727257888281693
0.06645618511093679
0.06645618511093751
0.0660571844565088
0.0649496427028551
0.0649496427028551
0.0649496427028551
0.0649496427028551
0.06481849314799326
0.06488004058883275
0.06488004058890465
0.06488004058890452
0.06488004058890162
0.06384725878951278
0.06384725878952015
0.0638472587895233
0.06373112312653999
0.06373112312659944
0.06373112312655214
0.06373112312660068
0.06373112312660599
0.062115957906876115
0.062115957906876115
0.062115957906876115
0.062115957906876115
0.062115957906876115
0.062115957906876115
0.062115957906876115
0.062115957906876115
0.062115957906876115
0.062115957906876115
0.061622535211267336
0.061622535211267336
0.061622535211267336
0.061622535211267336
0.061622535211267336
0.061622535211267336
0.061622535211267336
0.060921965897693074
0.060921965897693074
0.060921965897693074
0.060921965897693074
0.060921965897693074
0.060921965897693074
0.060921965897693074
0.060921965897693074
0.060221999999999935
0.060221999999999935
0.060221999999999935
0.060221999999999935
0.060221999999999935
0.060221999999999935
0.060221999999999935
0.060221999999999935
0.060221999999999935
0.060221999999999935
0.060221999999999935
0.060221999999999935
0.060221999999999935
0.060221999999999935
0.060221999999999935
0.060221999999999935
0.060221999999999935
0.060221999999999935
0.060221999999999935
0.060221999999999935
0.060221999999999935
0.060221999999999935
0.060221999999999935
0.060221999999999935
0.060221999999999935
0.060221999999999935
