0.05369193383149995
0.05369193383146232
0.05369193383146221
0.053691933831461876
0.053691933831463985
0.05369193383146306
0.05369193383146258
0.055579619474934165
0.05849376127037956
0.0624505759332724
0.07192738706694865
0.07192738706694854
0.07192738706695129
0.10622856667100948
0.10600589443129076
0.10653073115010758
0.10662160099447157
0.1189700740867388
0.11824620987524878
0.11586624370690968
0.11434661275390508
0.11298992009175324
0.11298992009175365
0.11177514331993868
0.11030069347852735
0.06618062043530404
0.06618062043530748
0.06165561409331077
0.061655614093368075
0.06165561409337012
0.06008611690421303
0.06008611690414109
0.06008611690419856
0.06003191123474318
0.05866753327007585
0.0580765917065302
0.05807659170653323
0.05807659170653128
0.05489715978217701
0.0548971597821682
0.05442906836215804
0.05406308916512279
0.05406308916512766
0.0540630891651215
0.05380568912800017
0.05380568912801167
0.053805689128000905
0.053805689128008066
0.053514968420085705
0.05351496842008858
0.04913681670010024
0.04913681670010024
0.04913681670010024
0.04913681670010024
0.04913681670010024
0.04913681670010024
0.04913681670010024
0.04913681670010024
0.04913681670010024
0.04913681670010024
0.04913681670010024
0.04913681670010024
0.04913681670010024
0.04889199999999998
0.04889199999999998
0.04889199999999998
0.04889199999999998
0.04889199999999998
0.04889199999999998
0.04889199999999998
0.04889199999999998
0.04889199999999998
0.04889199999999998
0.04889199999999998
0.04889199999999998
0.04889199999999998
0.04889199999999998
0.04889199999999998
0.04889199999999998
0.04889199999999998
0.04889199999999998
0.04889199999999998
0.04889199999999998
0.04889199999999998
0.04889199999999998
0.04889199999999998
0.04889199999999998
0.04889199999999998
0.04889199999999998
0.04889199999999998
0.04889199999999998
0.04889199999999998
0.04889199999999998
0.04889199999999998
0.04889199999999998
0.04889199999999998
0.04889199999999998
0.04889199999999998
0.04889199999999998
0.04889199999999998
0.04889199999999998
