0.050030285118002726
0.05003028511800277
0.0500302851179367
0.05003028511800566
0.05003028511800289
0.05003028511793626
0.05003028511794338
0.05161003620787371
0.05441498853977528
0.06203869909416557
0.07854798555507546
0.07854798555507353
0.07854798555507506
0.12033727415577758
0.11906273945079492
0.11904595180500224
0.11792135105552734
0.11932452692752164
0.11763077122612785
0.11919381267093317
0.11950402765325188
0.11829110212275785
0.118291102122757
0.11452526384262583
0.11342876373082984
0.056808512987093274
0.056104939712247524
0.05554800086929321
0.05554800086929474
0.0555480008693686
0.055012462037361105
0.05501246203736163
0.05501246203735934
0.054726103182915806
0.054226959742507116
0.05249843229100264
0.05249843229096723
0.05249843229101049
0.050456361900017795
0.050456361900017795
0.050456361900017795
0.050456361900017795
0.050580003167757404
0.050580003167757404
0.050580003167757404
0.050580003167757404
0.050580003167757404
0.050580003167757404
0.050569436733960145
0.050569436733960145
0.04716307847082476
0.04716307847082476
0.04716307847082476
0.04716307847082476
0.04716307847082476
0.04617728184553656
0.04617728184553656
0.04617728184553656
0.04617728184553656
0.04617728184553656
0.04617728184553656
0.04617728184553656
0.04617728184553656
0.04617728184553656
0.04617728184553656
0.04617728184553656
0.04617728184553656
0.04617728184553656
0.04617728184553656
0.04617728184553656
0.04617728184553656
0.04617728184553656
0.04617728184553656
0.04617728184553656
0.04617728184553656
0.045353999999999985
0.045353999999999985
0.045353999999999985
0.045353999999999985
0.045353999999999985
0.045353999999999985
0.045353999999999985
0.045353999999999985
0.045353999999999985
0.045353999999999985
0.045353999999999985
0.045353999999999985
0.045353999999999985
0.045353999999999985
0.045353999999999985
0.045353999999999985
0.045353999999999985
0.045353999999999985
0.045353999999999985
0.045353999999999985
0.045353999999999985
0.045353999999999985
0.045353999999999985
0.045353999999999985
0.045353999999999985
0.045353999999999985
