0.050768211425297964
0.050768211425300594
0.05076821142533655
0.050768211425323034
0.05076821142531957
0.050768211425303196
0.050768211425303036
0.05151160718969733
0.05599973844714901
0.06248501102159553
0.07518288102147268
0.07518288102146783
0.07518288102147123
0.11916137604581684
0.1191613760458157
0.1202851176816998
0.12192709459078253
0.11731521420636673
0.11546231862131415
0.11511179553868388
0.11416937873811571
0.11327507429937365
0.11327507429937007
0.11105250865034524
0.11035711366853634
0.061415682856788466
0.06081039211147409
0.05895320256773408
0.058953202567729665
0.058953202567718126
0.05594740832840087
0.055947408328412634
0.055934618535048136
0.05476841362841363
0.053065619103118876
0.0525640444184486
0.0525640444184486
0.0525640444184486
0.05044694993256143
0.05044694993256143
0.05044694993256143
0.05044694993256143
0.04870033790340523
0.04870033790340523
0.04870033790340523
0.04870033790340523
0.04870033790340523
0.04870033790340523
0.04870033790340523
0.04870033790340523
0.045505747773353214
0.045505747773353214
0.04508537149911263
0.04508537149911263
0.04508537149911263
0.04508537149911263
0.04508537149911263
0.04508537149911263
0.04508537149911263
0.04508537149911263
0.04508537149911263
0.04508537149911263
0.04508537149911263
0.044751999999999965
0.044751999999999965
0.044751999999999965
0.044751999999999965
0.044751999999999965
0.044751999999999965
0.044751999999999965
0.044751999999999965
0.044751999999999965
0.044751999999999965
0.044751999999999965
0.044751999999999965
0.044751999999999965
0.044751999999999965
0.044751999999999965
0.044751999999999965
0.044751999999999965
0.044751999999999965
0.044751999999999965
0.044751999999999965
0.044751999999999965
0.044751999999999965
0.044751999999999965
0.044751999999999965
0.044751999999999965
0.044751999999999965
0.044751999999999965
0.044751999999999965
0.044751999999999965
0.044751999999999965
0.044751999999999965
0.044751999999999965
0.044751999999999965
0.044751999999999965
0.044751999999999965
0.044751999999999965
0.044751999999999965
0.044751999999999965
