0.04785385277330543
0.0478538527732945
0.04785385277331638
0.04785385277331612
0.04785385277329573
0.04785385277330335
0.047853852773312354
0.0505016903294203
0.05399629383100414
0.06128076504825324
0.07204160386976623
0.07204160386978622
0.07204160386977028
0.11700612713104788
0.11693518811405758
0.11738291391187387
0.1169207430397447
0.11840175461643675
0.1179881641621884
0.11744687981870887
0.11282807169302055
0.11245158694018348
0.11245158694018483
0.11128552437486405
0.10984289978254
0.05332839209761989
0.053328392097620705
0.05215675970400308
0.05215675970399042
0.05187362770607086
0.050941664670443206
0.0508816946265478
0.05037332660012
0.05009140598944654
0.04761262600512816
0.047408879232364344
0.047408879232364344
0.04740311218032005
0.04732425636548294
0.04732425636548294
0.046809360832419475
0.046809360832419475
0.04560359196457783
0.04560359196457783
0.04535209749005447
0.04535209749005447
0.04535209749005447
0.04535209749005447
0.04553603001396487
0.04553603001396487
0.04363192346424961
0.04363192346424961
0.04363192346424961
0.04363192346424961
0.04363192346424961
0.04363192346424961
0.04363192346424961
0.04363192346424961
0.04363192346424961
0.04363192346424961
0.04317718812877243
0.04317718812877243
0.04317718812877243
0.04317718812877243
0.04317718812877243
0.04317718812877243
0.04317718812877243
0.04317718812877243
0.04317718812877243
0.04317718812877243
0.04317718812877243
0.04317718812877243
0.04317718812877243
0.04317718812877243
0.04317718812877243
0.04257522567703101
0.04257522567703101
0.04204799999999999
0.04204799999999999
0.04204799999999999
0.04204799999999999
0.04204799999999999
0.04204799999999999
0.04204799999999999
0.04204799999999999
0.04204799999999999
0.04204799999999999
0.04204799999999999
0.04204799999999999
0.04204799999999999
0.04204799999999999
0.04204799999999999
0.04204799999999999
0.04204799999999999
0.04204799999999999
0.04204799999999999
0.04204799999999999
0.04204799999999999
0.04204799999999999
0.04204799999999999
0.04204799999999999
