0.046463741226733066
0.046463741226741094
0.04646374122673868
0.04646374122673589
0.046463741226745896
0.04646374122674598
0.04646374122674191
0.04788006706493458
0.051128624315443315
0.05694156633348619
0.06983074475463363
0.06983074475462857
0.06983074475462832
0.10853946753929236
0.1114743558913668
0.11135134396366507
0.11298111253671168
0.11888107354072316
0.11831364427242679
0.11620639888148268
0.1136210293804757
0.11231980917869866
0.11231980917869823
0.10973546446037571
0.10861060001560234
0.059043336761911105
0.058878679106765565
0.05802022014446448
0.05802022014447693
0.056900365351681984
0.05373806879317069
0.05364713924047908
0.05346748607577568
0.053532237217909014
0.04969478003833666
0.048344597048825225
0.04834459704882904
0.048344597048819805
0.04701791295084662
0.04701791295078168
0.047017912950860614
0.04707150736682233
0.046232164642971384
0.04612060604013786
0.04612060604012629
0.04612060604013172
0.04612060604013574
0.04612060604012895
0.04593207938472942
0.045932079384733926
0.04184265593561348
0.04184265593561348
0.04184265593561348
0.04184265593561348
0.04184265593561348
0.04184265593561348
0.04184265593561348
0.04184265593561348
0.04184265593561348
0.04184265593561348
0.04184265593561348
0.04184265593561348
0.04184265593561348
0.04184265593561348
0.04184265593561348
0.04184265593561348
0.04184265593561348
0.04184265593561348
0.04184265593561348
0.04184265593561348
0.04184265593561348
0.04184265593561348
0.04184265593561348
0.04184265593561348
0.04184265593561348
0.04115376128385145
0.04115376128385145
0.04115376128385145
0.04115376128385145
0.04115376128385145
0.04115376128385145
0.04115376128385145
0.04115376128385145
0.04115376128385145
0.040184
0.040184
0.040184
0.040184
0.040184
0.040184
0.040184
0.040184
0.040184
0.040184
0.040184
0.040184
0.040184
0.040184
0.040184
0.040184
0.040184
