0.08959080871251084
0.08959080871251127
0.08959080871251067
0.08959080871251138
0.08959080871251325
0.08959080871251297
0.08959080871251193
0.09765611927408084
0.11950574227568599
0.1342228042780722
0.12929511328863127
0.1292951132886328
0.12929511328863333
0.10824894411566197
0.10738537570944616
0.10668678588826191
0.10668678588826296
0.06636147529580821
0.06636147529581196
0.0662453102023217
0.0662453102023217
0.06325828486587125
0.06325828486587125
0.06297638596904633
0.06297638596904633
0.06142610441767059
0.06142610441767059
0.06142610441767059
0.06142610441767059
0.06142610441767059
0.06142610441767059
0.06142610441767059
0.06142610441767059
0.06142610441767059
0.06142610441767059
0.06142610441767059
0.06142610441767059
0.06142610441767059
0.060221999999999935
0.060221999999999935
0.060221999999999935
0.060221999999999935
0.060221999999999935
0.060221999999999935
0.060221999999999935
0.060221999999999935
0.060221999999999935
0.060221999999999935
0.060221999999999935
0.060221999999999935
0.060221999999999935
0.060221999999999935
0.060221999999999935
0.060221999999999935
0.060221999999999935
0.060221999999999935
0.060221999999999935
0.060221999999999935
0.060221999999999935
0.060221999999999935
0.060221999999999935
0.060221999999999935
0.060221999999999935
0.060221999999999935
0.060221999999999935
0.060221999999999935
0.060221999999999935
0.060221999999999935
0.060221999999999935
0.060221999999999935
0.060221999999999935
0.060221999999999935
0.060221999999999935
0.060221999999999935
0.060221999999999935
0.060221999999999935
0.060221999999999935
0.060221999999999935
0.060221999999999935
0.060221999999999935
0.060221999999999935
0.060221999999999935
0.060221999999999935
0.060221999999999935
0.060221999999999935
0.060221999999999935
0.060221999999999935
0.060221999999999935
0.060221999999999935
0.060221999999999935
0.060221999999999935
0.060221999999999935
0.060221999999999935
0.060221999999999935
0.060221999999999935
0.060221999999999935
0.060221999999999935
0.060221999999999935
0.060221999999999935
0.060221999999999935
0.060221999999999935
