0.07684744118879772
0.07684744118879956
0.07684744118880028
0.07684744118879971
0.0768474411887975
0.07684744118879988
0.0768474411887976
0.08703397543871381
0.11338129533546508
0.13020930497359953
0.12929151431673053
0.12929151431673605
0.1292915143167301
0.11027061692949389
0.11027061692949294
0.11027061692949446
0.11027061692948951
0.04689996025960183
0.04614801667511557
0.046148016675079104
0.04582304226366007
0.04520679343355458
0.045206793433552855
0.04520679343355934
0.044683288611302385
0.040184
0.040184
0.040184
0.040184
0.040184
0.040184
0.040184
0.040184
0.040184
0.040184
0.040184
0.040184
0.040184
0.040184
0.040184
0.040184
0.040184
0.040184
0.040184
0.040184
0.040184
0.040184
0.040184
0.040184
0.040184
0.040184
0.040184
0.040184
0.040184
0.040184
0.040184
0.040184
0.040184
0.040184
0.040184
0.040184
0.040184
0.040184
0.040184
0.040184
0.040184
0.040184
0.040184
0.040184
0.040184
0.040184
0.040184
0.040184
0.040184
0.040184
0.040184
0.040184
0.040184
0.040184
0.040184
0.040184
0.040184
0.040184
0.040184
0.040184
0.040184
0.040184
0.040184
0.040184
0.040184
0.040184
0.040184
0.040184
0.040184
0.040184
0.040184
0.040184
0.040184
0.040184
0.040184
0.040184
