0.08190396612008183
0.08190396612007947
0.08190396612007947
0.08190396612008044
0.0819039661200635
0.08190396612008072
0.08190396612007851
0.09598090870606305
0.11087037787766758
0.13386019899456872
0.12936337693760924
0.1293633769376073
0.1293633769376109
0.11038795515889692
0.10980314351220395
0.10980314351220345
0.10866835855806789
0.047535365809969136
0.047535365809969136
0.04720669057769163
0.04720669057769163
0.047109470707933226
0.047109470707933226
0.04684905562347091
0.046359318596779976
0.04624170365673213
0.04624170365673213
0.04624170365673213
0.04624170365673213
0.04624170365673213
0.04624170365673213
0.04624170365673213
0.04624170365673213
0.045353999999999985
0.045353999999999985
0.045353999999999985
0.045353999999999985
0.045353999999999985
0.045353999999999985
0.045353999999999985
0.045353999999999985
0.045353999999999985
0.045353999999999985
0.045353999999999985
0.045353999999999985
0.045353999999999985
0.045353999999999985
0.045353999999999985
0.045353999999999985
0.045353999999999985
0.045353999999999985
0.045353999999999985
0.045353999999999985
0.045353999999999985
0.045353999999999985
0.045353999999999985
0.045353999999999985
0.045353999999999985
0.045353999999999985
0.045353999999999985
0.045353999999999985
0.045353999999999985
0.045353999999999985
0.045353999999999985
0.045353999999999985
0.045353999999999985
0.045353999999999985
0.045353999999999985
0.045353999999999985
0.045353999999999985
0.045353999999999985
0.045353999999999985
0.045353999999999985
0.045353999999999985
0.045353999999999985
0.045353999999999985
0.045353999999999985
0.045353999999999985
0.045353999999999985
0.045353999999999985
0.045353999999999985
0.045353999999999985
0.045353999999999985
0.045353999999999985
0.045353999999999985
0.045353999999999985
0.045353999999999985
0.045353999999999985
0.045353999999999985
0.045353999999999985
0.045353999999999985
0.045353999999999985
0.045353999999999985
0.045353999999999985
0.045353999999999985
0.045353999999999985
0.045353999999999985
0.045353999999999985
0.045353999999999985
0.045353999999999985
0.045353999999999985
