0.09006977735745704
0.0900697773574549
0.09006977735745492
0.0900697773574588
0.0900697773574588
0.09006977735746272
0.09006977735745732
0.1006712861182545
0.12331554560258946
0.1391289288750765
0.1385421681777126
0.13854216817771284
0.13854216817771167
0.11377891275143205
0.11377891275143198
0.11314354707130961
0.11314354707130934
0.05730090175078017
0.056769720183069944
0.055582955292949224
0.05439157118852508
0.05439157118847168
0.05439157118853636
0.052826247322811284
0.05109277918157069
0.04937155071900499
0.04937155071900499
0.04937155071900499
0.04937155071900499
0.04937155071900499
0.04937155071900499
0.04937155071900499
0.04937155071900499
0.04937155071900499
0.04889199999999998
0.04889199999999998
0.04889199999999998
0.04889199999999998
0.04889199999999998
0.04889199999999998
0.04889199999999998
0.04889199999999998
0.04889199999999998
0.04889199999999998
0.04889199999999998
0.04889199999999998
0.04889199999999998
0.04889199999999998
0.04889199999999998
0.04889199999999998
0.04889199999999998
0.04889199999999998
0.04889199999999998
0.04889199999999998
0.04889199999999998
0.04889199999999998
0.04889199999999998
0.04889199999999998
0.04889199999999998
0.04889199999999998
0.04889199999999998
0.04889199999999998
0.04889199999999998
0.04889199999999998
0.04889199999999998
0.04889199999999998
0.04889199999999998
0.04889199999999998
0.04889199999999998
0.04889199999999998
0.04889199999999998
0.04889199999999998
0.04889199999999998
0.04889199999999998
0.04889199999999998
0.04889199999999998
0.04889199999999998
0.04889199999999998
0.04889199999999998
0.04889199999999998
0.04889199999999998
0.04889199999999998
0.04889199999999998
0.04889199999999998
0.04889199999999998
0.04889199999999998
0.04889199999999998
0.04889199999999998
0.04889199999999998
0.04889199999999998
0.04889199999999998
0.04889199999999998
0.04889199999999998
0.04889199999999998
0.04889199999999998
0.04889199999999998
0.04889199999999998
0.04889199999999998
0.04889199999999998
0.04889199999999998
0.04889199999999998
