0.09107702683871664
0.09107702683871588
0.09107702683871786
0.09107702683871752
0.0910770268387172
0.09107702683871784
0.09107702683872039
0.10200887501166588
0.12270378799889269
0.14648621152456995
0.14574158633358095
0.14574158633358172
0.14574158633358128
0.11253777832481648
0.11253777832481564
0.11154279626433555
0.11154279626433604
0.05346737940737948
0.05346737940737948
0.05346737940737948
0.05343856358651423
0.05234013878308338
0.05234013878308338
0.052512953758167426
0.0517297354407108
0.050678954871293425
0.050678954871293425
0.048946756723865066
0.048946756723865066
0.048946756723865066
0.048946756723865066
0.048946756723865066
0.049366
0.049366
0.049366
0.049366
0.049366
0.049366
0.049366
0.049366
0.049366
0.049366
0.049366
0.049366
0.049366
0.049366
0.049366
0.049366
0.049366
0.049366
0.049366
0.049366
0.049366
0.049366
0.049366
0.049366
0.049366
0.049366
0.049366
0.049366
0.049366
0.049366
0.049366
0.049366
0.049366
0.049366
0.049366
0.049366
0.049366
0.049366
0.049366
0.049366
0.049366
0.049366
0.049366
0.049366
0.049366
0.049366
0.049366
0.049366
0.049366
0.049366
0.049366
0.049366
0.049366
0.049366
0.049366
0.049366
0.049366
0.049366
0.049366
0.049366
0.049366
0.049366
0.049366
0.049366
0.049366
0.049366
0.049366
0.049366
0.049366
