0.10132320609665103
0.10132320609664996
0.1013232060966485
0.10132320609664822
0.1013232060966489
0.10132320609664537
0.10132320609664791
0.11158577766441169
0.13131303094425184
0.14340927858418961
0.13829183559020594
0.13829183559020775
0.138291835590207
0.11716420155503045
0.11661216565226909
0.11661216565226923
0.11651517945298812
0.06026248417435427
0.05977805702926327
0.05977805702926327
0.05977805702926327
0.05977805702926327
0.05977805702926327
0.05747123054162904
0.05717737820934809
0.057558297706956765
0.057558297706956765
0.057558297706956765
0.057558297706956765
0.057558297706956765
0.057558297706956765
0.057558297706956765
0.05704599999999991
0.05704599999999991
0.05704599999999991
0.05704599999999991
0.05704599999999991
0.05704599999999991
0.05704599999999991
0.05704599999999991
0.05704599999999991
0.05704599999999991
0.05704599999999991
0.05704599999999991
0.05704599999999991
0.05704599999999991
0.05704599999999991
0.05704599999999991
0.05704599999999991
0.05704599999999991
0.05704599999999991
0.05704599999999991
0.05704599999999991
0.05704599999999991
0.05704599999999991
0.05704599999999991
0.05704599999999991
0.05704599999999991
0.05704599999999991
0.05704599999999991
0.05704599999999991
0.05704599999999991
0.05704599999999991
0.05704599999999991
0.05704599999999991
0.05704599999999991
0.05704599999999991
0.05704599999999991
0.05704599999999991
0.05704599999999991
0.05704599999999991
0.05704599999999991
0.05704599999999991
0.05704599999999991
0.05704599999999991
0.05704599999999991
0.05704599999999991
0.05704599999999991
0.05704599999999991
0.05704599999999991
0.05704599999999991
0.05704599999999991
0.05704599999999991
0.05704599999999991
0.05704599999999991
0.05704599999999991
0.05704599999999991
0.05704599999999991
0.05704599999999991
0.05704599999999991
0.05704599999999991
0.05704599999999991
0.05704599999999991
0.05704599999999991
0.05704599999999991
0.05704599999999991
0.05704599999999991
0.05704599999999991
0.05704599999999991
0.05704599999999991
0.05704599999999991
