0.1296397892265473
0.12963978922654765
0.12963978922654945
0.12963978922654837
0.12963978922654887
0.1296397892265481
0.12963978922654762
0.13333140617206185
0.12871112674441682
0.11852069262991735
0.09642143483595057
0.09642143483595057
0.09642143483595057
0.06208249496981864
0.06208249496981864
0.06208249496981864
0.06208249496981864
0.0615291696578129
0.060221999999999935
0.060221999999999935
0.060221999999999935
0.060221999999999935
0.060221999999999935
0.060221999999999935
0.060221999999999935
0.060221999999999935
0.060221999999999935
0.060221999999999935
0.060221999999999935
0.060221999999999935
0.060221999999999935
0.060221999999999935
0.060221999999999935
0.060221999999999935
0.060221999999999935
0.060221999999999935
0.060221999999999935
0.060221999999999935
0.060221999999999935
0.060221999999999935
0.060221999999999935
0.060221999999999935
0.060221999999999935
0.060221999999999935
0.060221999999999935
0.060221999999999935
0.060221999999999935
0.060221999999999935
0.060221999999999935
0.060221999999999935
0.060221999999999935
0.060221999999999935
0.060221999999999935
0.060221999999999935
0.060221999999999935
0.060221999999999935
0.060221999999999935
0.060221999999999935
0.060221999999999935
0.060221999999999935
0.060221999999999935
0.060221999999999935
0.060221999999999935
0.060221999999999935
0.060221999999999935
0.060221999999999935
0.060221999999999935
0.060221999999999935
0.060221999999999935
0.060221999999999935
0.060221999999999935
0.060221999999999935
0.060221999999999935
0.060221999999999935
0.060221999999999935
0.060221999999999935
0.060221999999999935
0.060221999999999935
0.060221999999999935
0.060221999999999935
0.060221999999999935
0.060221999999999935
0.060221999999999935
0.060221999999999935
0.060221999999999935
0.060221999999999935
0.060221999999999935
0.060221999999999935
0.060221999999999935
0.060221999999999935
0.060221999999999935
0.060221999999999935
0.060221999999999935
0.060221999999999935
0.060221999999999935
0.060221999999999935
0.060221999999999935
0.060221999999999935
0.060221999999999935
0.060221999999999935
0.060221999999999935
