0.12474510769213239
0.12474510769213629
0.12474510769212928
0.12474510769213143
0.1247451076921276
0.1247451076921303
0.12474510769213376
0.12970112719940682
0.12963983646485303
0.1210702967841018
0.09338481815223042
0.09338481815223042
0.09338481815223042
0.045353999999999985
0.045353999999999985
0.045353999999999985
0.045353999999999985
0.045353999999999985
0.045353999999999985
0.045353999999999985
0.045353999999999985
0.045353999999999985
0.045353999999999985
0.045353999999999985
0.045353999999999985
0.045353999999999985
0.045353999999999985
0.045353999999999985
0.045353999999999985
0.045353999999999985
0.045353999999999985
0.045353999999999985
0.045353999999999985
0.045353999999999985
0.045353999999999985
0.045353999999999985
0.045353999999999985
0.045353999999999985
0.045353999999999985
0.045353999999999985
0.045353999999999985
0.045353999999999985
0.045353999999999985
0.045353999999999985
0.045353999999999985
0.045353999999999985
0.045353999999999985
0.045353999999999985
0.045353999999999985
0.045353999999999985
0.045353999999999985
0.045353999999999985
0.045353999999999985
0.045353999999999985
0.045353999999999985
0.045353999999999985
0.045353999999999985
0.045353999999999985
0.045353999999999985
0.045353999999999985
0.045353999999999985
0.045353999999999985
0.045353999999999985
0.045353999999999985
0.045353999999999985
0.045353999999999985
0.045353999999999985
0.045353999999999985
0.045353999999999985
0.045353999999999985
0.045353999999999985
0.045353999999999985
0.045353999999999985
0.045353999999999985
0.045353999999999985
0.045353999999999985
0.045353999999999985
0.045353999999999985
0.045353999999999985
0.045353999999999985
0.045353999999999985
0.045353999999999985
0.045353999999999985
0.045353999999999985
0.045353999999999985
0.045353999999999985
0.045353999999999985
0.045353999999999985
0.045353999999999985
0.045353999999999985
0.045353999999999985
0.045353999999999985
0.045353999999999985
0.045353999999999985
0.045353999999999985
0.045353999999999985
0.045353999999999985
0.045353999999999985
0.045353999999999985
0.045353999999999985
0.045353999999999985
