0.12342422998175535
0.12342422998175535
0.12342422998175674
0.12342422998175744
0.12342422998175721
0.12342422998175934
0.12342422998175394
0.12543655317821137
0.12937237703381235
0.12698393947158884
0.09649816306476353
0.09649816306476353
0.09649816306476353
0.04393548756353304
0.04393548756353304
0.04393548756353304
0.04393548756353304
0.03998600000000003
0.03998600000000003
0.03998600000000003
0.03998600000000003
0.03998600000000003
0.03998600000000003
0.03998600000000003
0.03998600000000003
0.03998600000000003
0.03998600000000003
0.03998600000000003
0.03998600000000003
0.03998600000000003
0.03998600000000003
0.03998600000000003
0.03998600000000003
0.03998600000000003
0.03998600000000003
0.03998600000000003
0.03998600000000003
0.03998600000000003
0.03998600000000003
0.03998600000000003
0.03998600000000003
0.03998600000000003
0.03998600000000003
0.03998600000000003
0.03998600000000003
0.03998600000000003
0.03998600000000003
0.03998600000000003
0.03998600000000003
0.03998600000000003
0.03998600000000003
0.03998600000000003
0.03998600000000003
0.03998600000000003
0.03998600000000003
0.03998600000000003
0.03998600000000003
0.03998600000000003
0.03998600000000003
0.03998600000000003
0.03998600000000003
0.03998600000000003
0.03998600000000003
0.03998600000000003
0.03998600000000003
0.03998600000000003
0.03998600000000003
0.03998600000000003
0.03998600000000003
0.03998600000000003
0.03998600000000003
0.03998600000000003
0.03998600000000003
0.03998600000000003
0.03998600000000003
0.03998600000000003
0.03998600000000003
0.03998600000000003
0.03998600000000003
0.03998600000000003
0.03998600000000003
0.03998600000000003
0.03998600000000003
0.03998600000000003
0.03998600000000003
0.03998600000000003
0.03998600000000003
0.03998600000000003
0.03998600000000003
0.03998600000000003
0.03998600000000003
0.03998600000000003
0.03998600000000003
0.03998600000000003
0.03998600000000003
0.03998600000000003
0.03998600000000003
0.03998600000000003
0.03998600000000003
0.03998600000000003
0.03998600000000003
