0.1282411673636164
0.1282411673636106
0.12824116736361613
0.12824116736361496
0.12824116736361452
0.12824116736361665
0.12824116736361088
0.13435980084728008
0.13696552409221832
0.14066914515977766
0.10547626070223608
0.10547626070223608
0.10547626070223608
0.05173453334133942
0.051734533341338845
0.05187081265552501
0.0518708126555246
0.050339427908774624
0.050339427908774624
0.050339427908774624
0.049366
0.049366
0.049366
0.049366
0.049366
0.049366
0.049366
0.049366
0.049366
0.049366
0.049366
0.049366
0.049366
0.049366
0.049366
0.049366
0.049366
0.049366
0.049366
0.049366
0.049366
0.049366
0.049366
0.049366
0.049366
0.049366
0.049366
0.049366
0.049366
0.049366
0.049366
0.049366
0.049366
0.049366
0.049366
0.049366
0.049366
0.049366
0.049366
0.049366
0.049366
0.049366
0.049366
0.049366
0.049366
0.049366
0.049366
0.049366
0.049366
0.049366
0.049366
0.049366
0.049366
0.049366
0.049366
0.049366
0.049366
0.049366
0.049366
0.049366
0.049366
0.049366
0.049366
0.049366
0.049366
0.049366
0.049366
0.049366
0.049366
0.049366
0.049366
0.049366
0.049366
0.049366
0.049366
0.049366
0.049366
0.049366
0.049366
0.049366
0.049366
