6
5
4
28
9
4
4
30
7
4
5
4
5
125
4
5
10
4
7
5
5
4
4
4
4
5
14
4
4
6
5
4
6
4
5
4
4
5
4
5
7
23
4
4
14
5
6
7
4
5
18
5
4
6
5
5
11
5
4
4
7
6
5
4
6
4
5
7
4
4
4
6
6
4
6
5
4
5
5
6
6
4
5
4
4
5
4
6
6
4
5
4
11
4
5
4
4
5
6
5
5
6
11
6
5
5
4
4
12
4
5
4
10
4
4
5
4
6
6
6
5
5
6
5
4
4
4
4
4
6
5
12
4
4
5
18
5
4
4
5
4
4
6
14
4
4
4
4
5
15
4
5
4
5
5
7
5
4
4
6
5
6
16
5
5
4
10
4
5
6
5
5
5
4
5
4
4
5
6
4
5
4
5
4
6
4
4
4
6
6
5
6
9
4
5
5
6
6
4
12
4
5
4
4
6
5
4
4
5
5
4
4
4
4
4
4
5
6
5
4
4
4
4
6
4
5
12
6
4
7
6
4
4
4
4
4
6
6
4
4
4
5
5
4
5
5
6
5
4
6
5
6
5
5
10
4
6
4
10
4
5
4
7
4
4
5
4
5
5
4
4
4
5
4
6
4
4
4
4
4
6
4
4
4
4
4
6
4
4
4
4
5
6
6
4
4
7
5
6
6
4
4
4
4
4
4
