5
4
9
4
4
23
4
5
4
5
4
5
4
50
5
5
4
4
4
4
5
12
4
4
5
4
4
6
4
11
5
4
5
4
5
4
4
4
5
8
11
4
4
4
5
5
4
6
5
8
4
5
5
5
7
5
4
4
4
9
4
5
5
7
4
4
4
4
5
4
5
5
6
4
5
4
4
5
4
5
4
4
5
4
4
5
4
4
5
5
5
5
5
6
4
5
4
4
4
5
4
5
4
4
5
4
4
5
5
5
4
4
4
4
5
5
9
4
4
5
14
4
5
4
5
4
4
4
4
4
4
4
6
5
4
5
4
5
4
5
5
5
6
5
4
4
5
5
4
6
5
4
4
4
5
4
4
4
4
5
5
5
5
4
4
5
4
4
5
4
5
4
5
4
4
5
5
4
5
5
4
4
4
4
5
4
5
4
4
5
5
4
4
6
4
4
4
4
5
7
5
4
4
4
4
4
5
8
4
4
4
4
4
4
4
6
4
4
6
4
7
5
5
4
4
5
5
5
5
5
5
4
4
4
4
5
4
4
4
5
4
4
5
5
4
4
4
5
4
4
4
4
4
4
4
4
4
4
4
4
4
4
4
5
4
4
7
5
4
4
6
4
4
4
4
4
4
4
