10
5
13
38
5
5
32
5
7
7
5
6
5
7
5
5
64
9
22
56
12
9
8
8
7
7
6
6
6
6
5
6
27
7
5
9
5
6
6
5
7
5
9
5
6
7
9
9
8
9
9
7
8
7
5
6
5
9
9
5
6
5
6
5
11
7
5
5
5
9
6
43
10
5
7
10
8
6
6
6
10
8
7
10
9
8
5
5
6
5
7
5
7
5
8
11
7
5
8
6
5
6
8
6
6
6
6
7
11
19
9
5
5
7
9
5
24
5
5
5
6
8
5
5
7
5
9
9
5
6
5
5
7
7
5
5
5
6
8
6
6
9
7
9
8
5
6
9
5
7
8
5
8
7
7
5
7
7
6
6
26
5
9
5
24
11
9
6
6
7
27
7
5
7
6
5
6
9
7
7
5
8
5
5
7
5
7
9
8
5
5
8
6
8
5
10
6
8
27
11
6
6
7
8
5
6
14
6
5
9
8
5
6
6
5
6
7
8
8
10
5
9
6
5
7
6
8
8
5
5
6
13
5
6
7
13
5
5
7
6
9
5
5
8
5
5
7
7
9
5
8
9
5
5
6
5
5
7
5
6
7
5
5
6
5
9
5
6
5
8
5
5
6
5
5
6
5
7
19
8
6
6
6
6
5
7
6
6
7
7
5
5
6
5
5
6
5
5
7
5
6
5
8
5
6
6
5
5
8
7
6
5
5
5
5
5
8
8
5
6
7
5
7
8
12
5
7
6
7
5
7
5
5
7
7
7
6
6
5
5
5
6
6
