6
7
5
7
7
7
7
5
7
8
7
7
6
5
5
6
8
6
5
5
8
23
7
6
5
6
5
22
7
5
6
39
5
26
5
6
5
12
6
7
5
5
5
6
6
5
6
5
5
5
9
6
5
6
5
7
5
5
7
5
6
7
7
5
6
10
6
6
6
5
7
5
5
7
5
7
7
7
5
5
6
5
7
8
5
6
10
6
7
6
7
5
6
6
6
12
5
14
7
5
6
6
5
7
7
7
5
5
7
5
7
6
7
6
7
5
6
6
5
6
6
6
6
5
5
7
7
5
10
6
7
6
6
5
6
7
5
6
5
5
5
6
8
13
6
11
7
6
5
6
5
5
5
6
6
7
5
6
5
7
13
7
6
5
6
7
6
5
6
7
5
7
7
5
5
7
7
5
7
6
6
5
7
5
6
5
6
5
5
7
6
6
5
7
5
5
6
5
5
7
5
7
5
5
5
7
5
5
5
5
6
6
5
5
5
5
7
6
5
6
5
7
6
6
6
7
7
5
6
5
6
6
6
5
6
5
5
7
8
5
6
7
5
5
7
5
5
5
5
6
5
7
5
6
7
5
6
6
6
5
6
5
6
5
5
7
6
6
6
5
7
7
6
7
6
5
5
5
6
6
5
5
6
5
5
5
5
6
6
5
5
5
6
