18
326
103
7
5
11
15
9
8
5
6
5
7
75
10
11
38
36
10
9
15
5
6
5
8
5
5
9
6
5
112
8
12
10
8
5
8
7
5
6
5
5
7
5
7
6
7
10
5
6
5
6
9
6
5
67
7
9
5
6
5
5
5
9
10
7
8
6
8
5
6
9
7
5
40
9
7
10
5
7
7
7
5
5
5
7
7
7
6
9
8
5
5
5
8
7
8
6
5
6
8
7
5
7
5
5
9
8
8
9
17
5
6
5
5
5
10
6
9
6
9
9
5
10
7
5
6
5
7
37
7
5
7
5
5
8
8
9
5
8
6
5
5
7
5
11
6
5
7
5
10
5
6
8
9
7
10
6
6
5
6
6
6
5
5
7
8
5
7
7
5
5
8
5
8
5
8
7
6
10
9
5
9
5
6
5
8
6
6
6
5
5
6
6
10
5
8
6
7
7
6
5
15
5
5
5
5
5
7
6
6
10
11
6
6
6
9
5
8
8
5
6
10
5
7
6
8
5
10
9
5
6
8
6
7
5
9
9
6
16
8
6
6
8
5
6
8
5
5
5
5
10
7
8
7
6
5
9
5
5
9
6
8
5
5
5
6
8
6
7
6
5
5
6
6
7
7
5
7
5
6
6
5
5
5
5
6
5
6
5
5
6
7
6
5
5
5
5
6
5
5
