7
5
6
7
5
7
5
6
7
21
8
40
5
24
6
5
7
7
5
5
7
18
5
6
9
5
6
7
5
6
5
7
7
6
8
5
7
8
16
5
7
5
5
6
6
7
6
5
5
5
10
6
6
5
11
6
10
5
5
5
7
11
7
5
5
6
7
6
6
6
5
5
6
5
6
7
6
5
5
7
6
5
5
7
5
7
6
5
6
6
5
5
7
5
6
6
6
5
7
7
5
5
6
6
5
7
5
11
6
6
5
5
5
5
8
5
7
7
7
7
5
6
5
7
5
5
7
6
13
7
7
5
5
5
5
6
5
7
5
8
5
5
6
7
6
5
5
6
6
7
5
6
5
5
5
7
6
5
7
6
5
6
5
5
5
5
5
7
6
5
9
5
6
9
7
7
7
6
6
5
5
6
5
5
6
5
5
6
5
6
7
5
6
5
7
5
5
5
7
7
6
7
7
6
7
5
6
6
5
7
6
5
7
7
6
5
6
7
6
5
6
5
12
6
6
5
5
6
7
7
7
6
7
5
5
6
5
6
6
6
6
5
5
7
5
5
5
5
5
5
7
6
6
5
5
7
5
6
7
6
6
9
7
5
5
5
5
5
5
7
5
5
5
6
5
6
7
6
7
6
7
5
6
6
6
7
5
6
6
7
5
5
5
5
5
5
