5
6
7
6
6
6
5
7
8
5
8
5
7
7
22
6
7
5
8
6
5
7
7
7
5
6
6
5
5
5
6
7
6
8
6
5
5
6
9
6
5
6
6
5
5
5
7
7
6
5
5
7
7
5
8
7
6
5
6
5
5
6
5
5
7
7
7
7
10
6
7
6
6
5
6
5
5
7
6
6
5
6
5
7
5
7
6
5
7
10
6
5
7
5
5
6
7
5
5
6
9
7
11
6
7
7
7
8
5
6
5
7
7
5
5
10
7
5
7
6
7
5
5
7
7
6
5
5
6
5
6
7
7
8
7
6
5
9
6
7
5
6
7
6
5
6
6
7
6
7
6
5
17
7
6
6
7
6
6
6
7
7
7
5
10
7
6
8
6
7
5
5
5
5
5
7
6
5
7
6
13
6
6
6
6
6
5
6
10
7
5
6
6
5
7
5
5
6
5
5
7
6
5
5
7
5
5
5
5
6
5
7
5
5
6
6
5
7
5
6
7
5
5
5
5
7
6
6
7
5
7
6
5
7
8
5
7
5
5
7
5
5
5
6
5
5
5
6
6
7
5
6
6
6
5
7
7
6
5
5
5
5
5
5
5
5
7
5
5
7
5
6
5
5
7
5
5
6
5
7
6
5
5
5
7
5
7
6
7
6
6
7
7
5
6
5
7
5
5
5
5
6
5
