21
15
4
6
14
4
6
80
5
7
5
7
6
4
4
7
121
8
5
65
34
6
4
4
41
10
6
4
4
5
4
5
44
7
5
7
5
4
6
4
32
4
9
5
5
5
5
5
5
7
16
5
4
7
4
8
60
5
4
13
7
20
10
37
5
5
5
6
78
4
6
5
11
5
4
11
6
5
4
7
5
4
6
4
7
7
4
7
5
7
5
7
7
4
7
5
4
4
7
17
6
4
6
4
7
7
5
6
4
4
6
4
4
5
4
4
5
6
7
4
4
6
11
8
4
6
4
5
8
4
4
4
5
8
4
4
6
5
5
5
4
4
7
7
6
6
4
4
4
5
5
10
5
6
6
5
7
7
5
4
4
4
7
4
5
6
6
8
7
4
6
7
5
5
5
6
4
8
4
5
5
7
4
4
4
4
4
4
5
4
5
6
4
4
5
4
7
5
6
4
5
4
5
4
5
4
4
6
6
8
6
5
6
5
4
5
4
4
6
4
7
10
4
4
4
4
5
6
4
5
4
6
7
7
4
5
5
5
6
15
4
4
4
4
4
4
7
6
4
4
4
6
4
5
4
4
7
4
5
6
4
4
4
4
4
4
4
5
5
7
6
4
5
10
7
4
5
4
5
5
5
4
5
4
4
4
4
5
4
4
4
4
4
5
4
5
6
4
