5
5
5
4
4
5
6
4
4
5
4
12
5
5
6
53
5
7
9
4
36
5
6
5
6
5
32
5
6
6
4
4
84
7
6
6
4
6
4
5
6
7
6
4
4
7
9
5
8
9
5
4
5
5
6
26
23
4
6
17
4
4
4
5
6
4
5
10
5
7
6
6
18
6
7
5
4
5
4
4
4
4
15
6
4
5
4
5
4
5
4
5
4
4
4
6
7
4
10
4
4
7
40
4
4
5
5
11
4
4
7
27
5
5
14
10
5
4
4
11
5
4
4
5
4
5
5
4
5
4
5
4
6
6
4
4
6
4
4
4
6
4
5
5
6
4
6
4
5
4
6
4
4
5
4
4
5
4
4
4
6
6
4
6
4
5
4
6
4
13
6
4
5
7
4
4
4
5
6
4
4
5
4
4
4
5
5
4
11
4
4
4
4
4
5
6
5
5
5
4
5
5
4
4
4
5
4
5
9
5
4
5
5
4
4
5
4
4
4
4
4
5
4
5
5
5
5
5
4
4
5
11
4
4
5
5
6
6
4
4
4
6
4
5
5
4
6
6
4
6
5
4
5
5
5
13
5
5
6
4
6
4
4
5
5
5
4
4
4
5
4
4
4
4
5
4
4
4
4
6
4
5
4
6
5
4
4
4
5
6
5
5
4
4
6
4
5
5
5
4
4
4
4
4
4
4
4
4
6
