92
35
7
29
18
8
7
17
5
18
26
14
6
7
8
6
7
8
6
5
8
10
7
9
43
7
5
8
7
6
7
9
11
9
5
5
11
69
8
6
7
9
6
5
8
32
6
6
15
5
10
5
5
5
5
10
7
7
16
5
8
7
5
7
5
5
5
5
7
8
13
5
8
6
7
6
13
5
5
17
14
5
6
5
5
42
5
11
7
5
6
5
6
8
5
7
55
9
10
10
7
8
9
6
6
9
6
18
5
11
6
5
5
6
6
5
6
5
26
11
7
6
5
7
6
5
6
7
10
6
6
5
8
7
8
6
7
8
8
8
6
5
9
5
7
8
7
5
13
8
5
5
7
6
5
9
7
7
7
14
5
5
8
7
7
6
5
10
6
9
5
5
9
6
8
7
8
6
5
7
6
5
7
9
8
6
6
6
7
6
7
6
8
5
10
6
8
9
7
34
6
6
7
8
5
5
5
6
5
5
5
6
5
7
5
6
5
7
6
7
6
6
5
6
8
10
9
7
5
7
6
29
5
8
5
5
6
5
5
7
5
9
5
5
6
7
5
5
5
5
5
7
8
8
9
9
5
5
8
6
7
6
9
5
5
6
6
5
5
6
5
5
5
5
6
6
5
5
6
5
6
8
5
8
5
6
8
8
5
8
5
5
9
5
7
5
5
6
5
7
5
6
6
8
6
5
5
6
9
6
7
7
5
5
8
5
5
5
6
6
7
6
7
6
8
7
5
5
5
8
5
5
6
