14
8
9
7
15
7
47
7
5
10
6
10
7
16
5
7
8
15
9
8
17
23
9
10
7
6
7
8
8
25
10
7
5
5
5
5
7
10
5
57
6
6
51
5
10
7
18
8
62
22
6
7
65
9
24
13
5
6
5
7
5
5
5
6
9
6
16
5
9
6
5
5
5
9
6
6
5
11
5
5
9
8
18
5
38
9
10
42
5
10
6
8
5
6
7
7
6
9
5
6
7
7
8
10
5
5
7
7
5
9
5
6
5
5
5
6
5
6
5
8
6
9
9
8
5
6
7
8
6
16
6
38
8
5
5
6
5
8
7
8
8
22
7
9
5
7
7
9
7
5
8
5
6
12
9
9
6
9
6
6
6
6
7
5
5
7
7
7
10
6
6
5
6
7
5
6
5
5
19
6
5
9
5
6
6
8
9
5
6
9
7
10
6
5
5
8
5
5
6
6
7
5
6
5
7
6
7
5
8
8
20
5
7
6
6
5
8
6
8
5
7
9
10
5
5
7
6
8
5
7
6
5
6
7
5
8
5
6
5
8
5
7
5
7
6
5
6
5
7
7
5
5
9
5
9
6
6
5
5
5
5
5
5
6
7
6
6
6
6
8
5
7
9
6
9
7
5
5
6
6
8
7
5
6
7
5
5
10
5
5
5
6
5
9
9
5
7
5
7
7
9
5
7
9
6
6
5
5
6
6
6
5
7
7
6
6
7
6
8
5
7
5
6
5
8
6
5
6
5
5
8
5
5
6
5
5
5
6
