9
5
270
8
5
206
10
6
22
7
6
7
7
5
5
8
6
10
6
65
7
7
7
6
9
7
9
5
5
5
6
7
5
10
7
5
10
5
5
7
8
31
5
5
7
5
6
5
8
8
10
5
9
6
73
8
5
8
6
5
13
5
66
9
5
6
5
8
10
5
5
11
5
6
8
5
8
5
5
5
5
6
6
5
9
6
8
7
5
6
7
7
5
6
11
5
6
5
6
5
9
10
5
31
7
5
8
6
6
5
5
10
5
5
5
6
6
7
9
9
29
14
11
7
17
8
8
5
7
7
5
5
6
5
6
8
5
7
5
11
5
9
5
25
5
9
6
6
17
10
5
5
7
10
5
5
10
7
7
5
8
6
5
10
7
5
5
5
6
7
5
7
6
7
9
5
6
7
6
10
8
5
5
6
7
6
9
5
21
9
7
8
5
7
5
8
9
5
5
6
7
5
5
6
17
10
5
5
6
10
6
6
6
5
6
5
5
6
7
11
9
5
6
5
7
7
6
8
8
6
5
5
8
6
9
6
6
7
6
6
5
5
6
7
8
5
7
5
9
7
5
5
10
5
8
5
6
5
10
6
9
5
8
5
5
7
7
8
6
7
6
5
6
6
7
7
7
5
6
8
7
5
6
6
7
5
7
5
6
5
5
6
5
6
8
5
7
5
5
5
6
5
