7
5
9
5
5
24
5
5
7
5
7
5
5
5
6
5
5
5
26
5
6
7
6
6
7
6
6
5
6
7
6
5
6
7
5
9
7
5
5
6
7
7
8
7
5
5
6
5
5
8
6
5
7
5
5
5
7
5
6
6
5
5
6
6
5
6
5
6
6
6
6
7
5
5
5
5
5
14
6
6
7
5
6
5
6
5
5
7
7
5
6
5
5
7
12
5
5
5
6
12
5
5
6
7
7
6
6
6
5
5
6
7
5
7
7
7
5
7
7
5
6
7
5
7
7
6
5
6
7
7
5
5
5
7
5
5
7
5
5
6
5
5
7
6
8
5
11
6
6
5
7
6
5
7
6
5
6
6
5
7
5
6
5
6
6
7
7
7
7
6
6
5
6
6
5
7
9
5
6
5
6
5
5
5
7
6
5
5
6
7
5
7
6
6
5
5
7
7
7
6
6
5
5
7
6
5
5
5
5
5
6
5
5
7
5
5
6
5
7
8
6
5
6
5
7
6
6
5
5
6
7
6
7
6
8
6
5
7
7
5
6
7
6
5
5
6
6
6
7
5
5
5
8
7
6
5
5
5
5
6
5
5
6
5
6
5
7
5
5
5
6
6
6
5
7
5
5
5
7
5
7
7
5
6
7
6
7
6
7
6
5
5
5
5
7
