7
64
8
18
11
5
5
6
13
5
9
6
6
7
6
6
8
7
7
7
7
108
7
7
8
48
5
30
25
7
7
6
33
6
5
7
9
8
10
6
6
5
8
9
6
5
5
5
6
8
5
11
6
5
7
5
6
5
7
9
8
6
7
7
5
10
5
5
5
5
5
5
8
10
5
5
5
5
5
7
6
9
5
6
33
7
23
5
23
5
6
5
9
5
8
14
9
5
5
5
12
7
6
11
5
7
9
5
6
17
7
6
8
28
8
7
5
6
7
5
6
7
5
6
5
7
8
6
7
7
6
7
6
6
8
7
5
5
6
13
6
7
8
9
6
7
5
5
21
8
7
5
6
43
8
7
5
8
10
8
30
8
9
5
5
5
17
7
7
7
7
6
8
5
6
8
5
8
5
5
6
7
6
6
5
5
23
8
5
5
7
9
5
6
7
8
6
6
9
5
9
7
7
5
9
7
6
5
8
6
5
6
6
7
6
9
6
6
7
9
5
5
8
6
8
5
6
6
5
5
7
8
8
5
8
5
6
5
6
6
5
7
7
5
7
8
6
5
5
7
5
6
6
6
5
6
5
10
5
6
7
7
8
7
6
6
8
7
7
11
5
5
8
7
9
9
6
6
6
7
6
7
5
5
5
5
5
8
6
6
5
21
10
7
7
7
6
7
5
5
7
6
5
6
5
8
8
5
7
5
5
8
7
6
5
5
7
5
5
5
5
5
6
5
7
5
5
5
5
6
5
5
