4
27
4
4
8
3
8
17
3
8
3
4
3
132
3
20
50
3
4
3
3
47
3
3
3
4
3
19
4
3
4
4
3
3
3
3
18
3
3
3
3
4
8
4
9
4
3
3
18
3
3
5
3
4
3
4
3
3
4
3
5
3
6
3
4
4
3
5
3
3
7
3
4
3
3
9
3
3
4
4
14
3
4
4
3
3
4
3
4
3
3
3
3
3
3
9
3
4
4
3
6
3
3
3
3
3
5
3
3
6
4
3
4
12
5
4
3
3
7
3
3
5
4
3
3
3
4
3
4
4
3
4
3
3
3
3
6
3
4
3
3
3
3
4
6
3
3
4
4
3
8
3
3
4
3
3
3
3
3
3
4
3
4
4
4
3
5
3
4
3
4
3
3
3
4
4
4
3
4
4
3
4
4
3
3
3
3
3
4
3
4
4
4
3
3
3
4
3
4
3
3
3
3
4
4
3
3
3
3
3
3
3
4
4
3
3
3
4
3
6
4
3
3
4
3
4
3
3
3
3
3
3
4
3
3
4
4
3
3
3
4
4
3
3
3
3
4
