46
5
9
6
20
36
7
5
6
8
5
7
5
7
9
7
5
5
6
11
7
5
5
8
10
24
8
41
8
7
10
5
5
5
5
6
5
7
17
5
13
6
6
5
8
8
5
12
5
5
5
8
20
6
5
6
7
8
7
6
5
6
9
7
5
7
25
7
6
7
7
5
5
6
5
8
7
6
5
8
6
8
5
5
5
7
7
8
10
6
6
5
8
10
8
8
7
6
8
5
5
7
6
8
7
7
8
5
9
8
6
7
5
6
6
8
7
6
7
8
12
7
8
8
6
5
8
12
5
5
6
6
5
8
5
5
7
6
8
13
7
5
6
11
5
6
7
6
8
5
5
7
5
6
7
7
5
7
7
5
5
8
8
5
6
5
5
7
6
5
6
8
5
5
7
6
5
5
8
8
8
6
8
9
7
8
10
6
6
5
5
7
6
5
7
6
13
9
6
5
7
7
5
8
5
7
6
7
8
7
5
6
7
5
7
8
7
5
6
6
6
5
5
6
5
7
7
8
8
5
6
6
5
6
6
5
7
7
5
5
5
5
5
7
5
7
6
6
8
7
5
6
7
5
6
8
5
8
6
6
7
8
6
5
8
9
5
6
12
8
5
5
5
5
6
6
5
7
8
5
6
5
5
6
6
5
8
5
5
9
6
8
5
5
6
5
5
5
6
5
6
5
15
6
7
6
6
8
7
5
5
5
6
6
5
5
5
5
6
7
5
6
5
7
5
6
6
5
5
6
5
5
