6
9
10
10
5
49
36
4
7
4
4
7
7
5
42
4
25
304
7
4
5
34
4
7
5
7
4
5
5
6
4
5
12
44
10
4
4
4
4
4
5
6
7
5
5
5
4
6
5
14
5
15
5
4
4
39
6
5
4
7
6
6
4
76
9
6
4
5
4
7
4
7
5
4
7
5
5
4
4
6
5
4
6
6
6
4
6
4
5
5
4
5
4
4
4
7
7
4
4
6
7
13
7
6
5
4
4
5
6
6
5
4
5
4
6
4
5
4
5
5
6
6
7
5
4
4
4
7
4
7
7
4
5
10
5
7
4
5
6
4
6
5
5
6
4
4
4
5
6
5
5
7
9
5
5
7
4
4
7
5
7
4
9
5
7
5
8
5
5
11
6
6
5
5
5
4
5
4
5
6
5
4
6
4
6
7
4
4
5
4
4
5
4
4
4
4
5
6
5
4
4
4
5
7
5
9
4
6
7
4
7
5
5
5
5
6
4
5
4
7
5
4
4
11
5
4
4
4
6
4
4
4
6
4
6
4
7
4
6
6
6
4
4
6
7
7
4
5
5
5
6
6
5
4
5
5
4
4
5
4
5
6
6
4
4
4
4
4
4
4
5
4
4
6
4
