6
10
7
5
8
8
7
7
7
7
5
7
7
8
7
8
7
5
14
8
10
9
16
8
5
6
5
8
5
28
7
6
5
6
5
35
10
7
5
45
24
6
10
39
7
8
5
6
5
12
6
7
5
5
5
6
9
6
5
10
5
6
5
5
5
6
9
9
6
5
5
8
8
18
5
5
28
6
5
6
7
7
6
5
6
7
7
5
8
10
5
5
5
6
6
7
8
7
5
7
7
5
5
6
5
5
6
5
6
5
8
6
16
8
5
6
7
8
6
7
5
6
6
8
5
5
19
6
7
8
5
8
6
8
7
5
8
7
5
7
7
7
8
5
8
5
6
12
9
6
8
7
6
6
6
8
6
12
5
5
7
7
6
6
5
6
7
5
6
5
5
5
6
13
18
5
6
8
8
9
5
6
8
6
10
5
7
5
8
5
5
6
6
7
5
6
5
7
6
7
5
8
8
20
5
7
6
6
5
8
6
6
8
5
7
7
5
5
7
6
8
5
7
7
6
5
6
7
5
6
8
5
5
6
8
5
7
5
7
16
6
5
5
6
5
7
7
5
5
7
5
6
6
5
5
5
5
5
5
6
7
6
9
6
5
7
15
8
6
6
8
5
6
7
5
5
6
6
6
7
8
5
7
5
7
6
5
5
5
5
5
6
5
9
7
5
7
5
7
7
5
8
6
5
6
5
6
5
5
6
5
7
7
6
6
7
6
8
5
5
5
6
8
6
5
6
5
5
5
6
5
5
6
