5
4
4
10
5
5
4
5
15
6
7
4
4
5
4
4
5
29
5
5
4
4
5
5
4
8
5
4
4
5
4
6
5
4
5
5
5
5
4
5
12
5
4
5
5
5
4
5
4
5
6
5
5
4
6
4
5
5
4
13
4
4
6
6
5
4
6
5
5
5
4
5
4
5
4
4
4
7
5
5
5
5
7
4
5
4
5
4
6
4
4
4
9
4
4
5
5
5
4
5
5
4
4
5
4
4
4
4
5
5
14
5
4
4
4
5
4
4
4
16
5
4
5
4
4
4
4
5
5
4
5
4
5
5
4
4
5
5
7
5
5
5
5
4
4
4
4
5
5
5
4
5
4
4
4
5
4
5
5
5
4
5
5
4
5
4
4
4
6
5
4
4
4
4
5
4
4
5
4
5
4
5
5
4
4
4
5
4
4
5
4
4
4
5
4
5
5
4
4
5
4
5
4
4
4
5
4
4
4
4
4
5
5
4
4
4
5
5
5
12
4
4
4
4
4
4
4
5
5
4
4
4
4
4
4
4
4
5
4
4
4
4
5
4
4
4
4
4
5
5
5
4
4
4
4
4
5
5
4
4
5
4
5
5
4
5
5
5
4
4
5
4
4
4
4
4
4
4
4
4
5
4
4
