15
5
5
5
7
6
7
7
5
6
7
5
7
6
7
6
5
7
6
7
6
7
5
5
6
6
5
7
14
5
7
6
5
6
5
5
6
6
5
5
7
5
8
6
6
5
5
7
5
5
7
5
6
5
8
5
6
5
21
6
5
5
8
5
6
17
5
5
21
6
5
6
7
7
6
15
7
5
6
5
5
16
5
5
5
6
5
7
5
6
5
6
5
6
5
5
5
5
11
5
6
6
5
5
6
20
6
7
7
7
5
7
7
5
5
5
5
7
6
6
7
5
7
7
6
6
6
6
5
6
7
5
7
5
6
6
7
5
5
5
5
7
6
5
6
5
7
17
5
6
5
6
8
7
5
5
6
5
5
7
7
6
5
7
10
6
5
7
6
5
6
5
7
5
5
5
5
7
5
5
7
5
7
7
5
7
10
7
6
6
5
5
5
6
7
5
6
7
5
6
7
7
5
6
7
6
7
5
5
5
8
6
6
5
5
6
7
6
6
6
5
5
5
7
7
5
5
7
6
6
6
7
7
5
5
6
7
5
5
5
6
6
5
5
6
5
5
5
6
11
6
7
6
5
6
6
5
5
5
6
5
7
5
6
5
7
5
8
5
6
5
5
5
7
6
6
5
6
5
6
5
7
7
6
7
5
6
7
5
5
6
6
