5
4
19
4
6
5
6
5
5
4
5
4
15
4
4
6
4
4
5
25
5
4
4
5
8
9
5
4
4
4
5
5
4
4
7
4
4
4
4
5
4
12
5
4
4
4
4
9
5
5
4
4
4
5
4
4
4
4
4
5
4
5
4
12
5
6
4
4
5
5
7
4
4
4
5
4
5
5
4
4
11
9
4
4
7
4
4
5
4
4
5
5
5
4
5
5
7
4
5
4
10
4
5
5
4
5
5
5
4
5
5
4
5
4
6
5
4
4
4
16
5
4
4
5
4
5
6
4
6
4
5
5
4
11
4
5
5
4
5
4
5
4
5
5
4
4
5
5
4
4
4
4
8
4
4
5
5
5
4
5
5
5
4
4
4
4
5
5
4
5
4
5
4
4
4
5
5
4
4
5
4
4
5
4
4
4
4
4
5
5
4
5
5
4
5
4
4
4
7
4
4
4
5
5
4
4
4
5
5
5
4
4
4
6
5
4
4
4
5
4
4
4
5
4
5
4
5
5
5
4
4
5
5
4
4
4
5
4
8
4
5
4
4
5
5
4
4
4
5
5
4
4
5
5
4
4
4
4
4
4
4
4
4
5
5
5
5
5
4
4
5
4
4
4
5
4
4
5
4
4
4
5
4
4
4
5
5
