5
8
17
6
4
5
5
4
7
4
5
46
5
24
4
6
4
4
6
4
4
6
6
5
10
12
4
4
6
5
4
5
4
5
6
5
7
4
5
4
5
5
4
15
6
6
4
4
4
4
17
5
4
4
4
6
9
4
6
4
4
10
4
11
4
4
4
4
17
5
4
23
5
5
6
5
5
4
4
5
4
6
4
5
5
4
6
5
4
5
4
6
6
11
5
26
10
6
4
4
7
4
6
34
10
5
5
6
6
4
6
4
4
8
5
4
4
4
5
7
6
4
4
4
4
4
5
5
5
6
5
7
4
4
7
8
5
4
5
11
6
5
8
4
4
4
11
5
4
4
4
5
6
7
4
5
6
6
4
6
4
5
4
4
6
6
5
5
4
6
6
5
4
4
6
5
4
4
18
4
6
4
4
4
5
5
6
5
7
5
4
4
4
4
6
15
4
6
12
5
4
6
6
6
4
4
5
4
6
5
5
4
4
5
6
5
5
4
6
4
4
5
5
6
6
6
5
6
5
5
6
4
4
5
4
6
6
4
15
4
7
4
6
5
4
4
4
4
4
9
5
5
4
6
4
4
6
4
6
4
5
4
4
6
4
5
5
6
6
4
4
4
4
4
4
4
9
4
4
4
4
5
6
4
4
4
5
4
4
5
5
5
5
4
6
4
7
4
4
6
5
4
5
4
4
4
4
4
4
5
4
4
5
5
4
5
5
4
4
4
