15
105
4
3
23
4
3
47
3
9
4
4
23
8
3
5
4
3
12
21
3
3
3
3
3
3
5
10
20
3
3
3
36
3
3
3
4
7
4
3
6
3
4
6
4
6
4
3
14
3
6
7
3
5
3
3
4
4
4
4
3
8
3
3
3
3
3
4
3
3
3
7
3
4
3
4
3
3
4
3
4
6
3
4
4
11
4
5
3
3
5
3
4
27
5
3
3
4
3
3
4
3
3
4
4
4
3
4
4
3
5
16
3
3
3
4
7
3
6
4
3
4
3
3
3
4
3
3
3
3
4
3
3
3
3
3
3
3
4
4
3
3
3
4
3
3
9
4
4
4
3
11
3
3
3
4
4
7
3
3
4
4
4
3
3
4
4
4
3
3
3
3
4
3
3
3
3
3
3
4
3
4
4
4
3
3
4
3
3
3
3
3
3
4
4
3
3
3
3
3
3
3
3
3
3
3
4
3
3
3
3
3
4
3
3
3
3
3
3
4
4
4
4
3
3
3
3
3
3
3
3
3
3
3
3
3
3
3
3
3
3
3
