29
10
118
9
8
7
8
6
5
7
6
22
6
8
7
5
7
5
5
5
14
10
6
68
49
7
7
7
6
9
7
9
5
7
80
5
10
7
6
9
5
5
6
5
5
7
8
17
5
9
5
7
5
6
5
8
8
10
5
9
6
37
8
8
5
8
6
5
13
5
5
7
6
5
9
35
6
5
5
6
21
8
6
6
9
5
6
5
5
5
21
8
9
5
5
5
6
7
5
7
5
6
5
6
5
6
8
5
5
8
5
16
16
5
5
6
6
5
9
5
8
25
6
5
7
7
7
7
8
5
9
5
5
5
7
7
12
8
7
6
5
7
7
6
8
7
6
6
6
5
24
7
5
8
6
6
5
5
5
6
5
5
5
6
7
6
8
8
6
5
5
6
5
5
6
8
5
10
5
9
7
6
5
7
10
7
6
9
7
6
5
17
5
5
7
5
5
5
7
9
22
7
13
7
7
9
5
7
5
6
5
6
5
17
6
8
8
7
5
6
7
9
7
5
8
6
7
6
8
5
5
10
5
9
8
6
5
5
6
7
6
7
5
9
7
8
7
5
7
10
5
8
9
6
6
7
7
5
5
6
5
5
8
16
5
9
6
6
5
5
5
5
6
9
5
6
5
6
6
8
5
6
8
5
6
5
8
9
6
6
5
6
5
7
5
5
6
5
5
9
7
5
5
6
5
5
6
8
6
6
5
6
7
7
6
5
6
8
7
5
7
5
6
5
6
