268
7
5
7
5
8
6
5
4
6
4
15
8
7
6
4
35
23
6
5
4
4
5
6
5
4
31
4
5
14
4
4
6
6
7
5
7
4
6
5
7
68
7
13
6
4
4
6
4
4
5
5
6
6
6
14
4
50
4
19
5
6
4
5
7
6
30
11
4
7
6
4
6
22
4
6
7
8
4
4
7
4
7
4
6
5
6
5
5
6
4
32
15
16
5
7
6
7
4
4
5
4
4
5
4
4
6
11
7
5
4
4
12
4
5
4
4
7
5
4
6
4
4
7
4
8
6
6
4
4
4
5
6
5
4
5
4
5
5
4
5
4
4
4
6
4
4
16
6
6
6
4
4
5
5
4
6
4
7
5
4
6
5
5
4
4
4
7
11
4
10
6
5
4
5
4
4
5
5
4
4
5
17
11
4
4
4
4
4
5
10
4
4
6
6
7
4
5
5
7
5
5
4
7
7
5
4
6
8
5
5
5
4
7
6
4
4
4
4
5
4
5
4
6
4
5
10
4
4
5
6
4
4
7
4
5
4
4
4
10
7
4
4
4
5
5
4
5
4
4
4
5
6
5
7
4
6
4
6
7
5
4
6
4
4
5
6
4
5
7
6
6
7
4
5
4
6
4
4
4
6
5
4
4
5
4
4
5
4
5
4
6
5
5
4
4
6
4
4
5
5
4
4
4
5
4
4
4
