4
377
7
7
8
4
4
4
4
5
5
7
19
5
60
15
4
6
4
7
5
4
5
6
4
5
5
5
18
4
5
4
28
4
11
5
6
6
7
5
7
7
5
5
7
4
5
5
4
6
5
7
13
6
5
5
7
6
4
4
7
5
7
6
4
6
4
4
32
4
4
5
4
33
4
4
4
4
5
5
7
4
10
6
5
5
5
4
7
5
13
5
5
9
7
4
6
7
5
7
4
5
4
16
5
5
4
7
6
4
4
5
4
5
5
4
4
7
20
7
5
4
4
4
6
7
4
37
4
5
7
4
7
7
4
4
5
4
5
4
9
6
4
7
5
6
6
8
6
5
5
6
5
7
4
4
4
4
6
4
4
6
6
4
6
4
7
5
4
7
5
5
4
6
5
4
4
7
6
4
7
4
5
4
9
7
4
5
5
4
4
8
6
6
4
5
4
5
6
6
4
4
5
6
4
7
4
4
4
5
4
4
5
4
4
4
4
5
4
6
4
5
4
5
4
6
8
5
5
6
4
5
5
4
4
6
4
5
6
5
4
6
4
6
8
6
7
4
4
4
7
4
10
4
4
4
4
6
6
4
4
5
4
4
4
5
4
4
5
4
6
4
4
4
5
4
4
4
4
4
4
5
4
6
5
5
4
