4
681
7
7
5
9
4
5
5
4
4
4
4
4
5
5
10
6
44
6
8
4
4
5
34
4
5
4
4
8
4
4
4
5
4
4
4
44
7
31
8
4
7
4
5
4
7
4
5
5
8
4
8
5
5
4
7
4
7
21
10
5
7
5
4
4
6
7
4
4
4
5
6
8
6
5
4
7
5
7
8
4
6
9
6
4
5
5
7
5
4
7
5
5
4
6
5
7
7
8
9
7
5
4
8
4
7
6
4
5
4
4
4
5
6
4
5
4
4
7
4
5
5
7
5
4
4
5
5
4
7
6
4
7
5
6
5
4
7
5
5
5
4
4
5
5
4
5
5
4
6
5
7
5
4
6
8
4
5
6
4
6
4
4
6
4
7
7
5
5
5
4
5
23
4
5
5
4
4
4
4
4
4
4
4
4
4
5
12
4
5
4
5
4
5
4
8
6
5
6
5
4
4
6
6
5
4
4
5
4
4
4
4
5
5
4
6
4
5
5
4
6
4
4
4
4
4
4
6
6
5
6
5
5
4
4
5
4
4
4
4
5
6
4
5
4
7
4
4
6
4
6
7
4
5
