8
5
8
5
21
9
8
6
7
5
7
6
8
7
7
5
5
6
6
7
6
6
9
7
7
17
7
5
7
15
5
7
6
9
5
6
5
5
5
7
8
5
9
5
7
5
6
5
8
8
5
6
37
8
8
5
8
6
5
5
8
6
5
31
6
5
25
5
26
6
5
6
15
7
6
6
21
5
6
5
5
6
21
8
5
5
5
7
6
7
5
8
5
6
5
6
5
6
15
8
5
8
5
5
8
5
6
6
5
5
9
5
8
25
6
5
7
12
7
7
7
7
8
5
5
5
5
6
12
8
7
6
5
7
7
6
8
7
6
6
33
6
5
6
19
7
5
8
6
6
5
5
5
5
6
5
5
5
6
7
8
8
6
5
5
6
8
7
5
5
6
6
8
5
7
5
7
5
10
7
6
9
7
6
5
5
13
5
7
5
5
5
5
7
5
5
7
9
5
22
13
7
7
5
5
5
6
7
6
5
6
8
8
7
5
6
7
7
5
8
6
7
6
17
7
5
5
5
8
6
5
5
6
7
6
6
7
5
7
8
7
5
7
10
5
8
6
6
7
7
5
5
6
5
5
6
8
5
8
6
6
5
5
5
6
6
5
5
6
7
6
6
5
6
8
5
6
8
5
5
6
8
6
6
5
6
5
7
5
5
6
5
5
7
5
8
5
5
6
5
5
7
6
8
6
6
5
6
5
7
7
6
5
6
8
7
5
7
5
6
5
6
