4
5
4
5
5
37
5
4
11
4
25
4
5
4
26
5
6
6
4
4
5
35
10
6
5
6
6
4
4
5
26
15
4
4
4
5
5
4
4
23
4
6
4
6
6
7
5
6
13
4
6
15
6
6
4
7
5
4
12
5
4
4
14
6
4
9
6
5
5
4
4
5
5
4
7
4
4
4
4
4
6
4
6
9
4
6
5
29
5
13
4
4
4
5
4
4
4
6
6
22
9
4
4
7
4
4
6
7
5
5
4
8
10
5
4
5
6
4
6
4
6
5
6
4
5
5
7
5
7
4
9
5
5
5
4
6
5
4
5
6
5
4
6
4
21
5
4
4
5
4
5
6
4
6
4
5
4
13
4
14
5
5
4
5
5
5
4
4
5
5
4
4
6
4
4
6
4
5
5
6
5
5
5
4
6
4
4
4
5
5
4
5
4
7
12
4
5
5
6
5
4
4
6
5
4
4
5
4
6
4
6
5
5
6
5
5
4
5
5
6
4
6
4
4
5
7
5
4
4
4
6
4
4
5
5
4
4
10
6
5
6
4
4
5
4
7
4
4
5
5
5
6
4
5
6
5
6
5
5
4
5
4
6
6
4
4
4
5
4
5
4
4
6
5
4
4
4
5
5
4
6
4
5
4
6
4
4
4
4
5
4
4
4
4
6
6
4
5
6
5
4
5
5
5
4
4
5
6
5
4
4
6
5
4
4
5
6
4
4
4
5
4
4
4
4
5
4
