5
4
16
4
6
4
5
6
4
4
5
4
7
5
4
5
4
25
4
12
4
5
5
4
4
28
17
4
4
4
4
4
4
5
8
5
5
5
5
4
4
5
5
15
5
5
4
5
5
4
5
4
11
5
4
5
4
5
11
4
5
4
5
4
4
5
4
4
4
4
5
4
5
4
5
5
4
14
5
4
4
5
4
4
4
4
4
5
4
5
5
5
4
4
4
4
4
5
4
6
8
4
14
4
4
5
5
5
4
5
4
4
4
4
5
4
4
5
5
5
4
4
5
4
4
5
4
5
4
5
5
5
4
5
4
5
4
5
4
5
4
5
5
4
4
5
5
4
5
4
5
4
4
4
4
4
4
4
5
5
5
4
5
5
4
4
4
9
5
5
4
5
5
5
5
4
5
5
5
5
5
5
4
4
5
4
4
4
4
4
4
4
4
4
5
4
4
5
4
5
4
4
4
4
4
4
10
4
4
5
5
4
5
4
4
7
5
5
5
5
5
4
4
5
4
4
4
5
4
4
4
4
4
4
4
4
4
5
4
4
5
4
4
4
4
4
5
4
4
5
5
5
4
5
4
5
5
5
4
4
5
4
4
4
4
4
4
5
