17
157
5
7
7
5
15
9
23
8
5
6
5
8
59
7
14
11
28
18
9
22
7
5
6
8
5
5
9
6
9
5
57
35
8
8
8
7
5
5
5
5
6
7
7
5
7
7
6
7
6
5
51
5
6
6
9
8
5
36
5
9
9
5
6
8
33
6
5
5
5
9
5
7
8
6
6
9
7
9
5
35
7
5
7
6
7
7
5
5
5
7
7
7
6
9
5
5
5
8
10
7
7
8
10
6
8
5
8
5
7
6
5
6
6
5
8
7
7
5
6
6
9
5
7
5
5
9
8
8
7
5
5
5
6
5
5
8
9
5
5
9
6
6
9
8
5
5
7
6
10
8
15
9
9
5
7
6
7
7
5
5
7
5
5
8
5
6
8
8
9
5
8
6
5
5
7
5
6
6
5
7
6
5
6
8
9
5
7
10
6
6
5
6
5
5
7
6
13
7
5
7
21
7
5
8
7
6
8
5
7
6
10
9
10
5
9
5
6
5
6
7
5
8
6
6
6
5
6
6
10
5
8
6
7
6
5
15
5
5
5
5
7
9
5
7
6
6
6
9
5
8
7
5
6
5
7
6
8
5
8
5
6
8
6
7
5
9
9
9
6
8
9
5
6
6
8
5
5
5
5
10
7
8
7
6
5
9
5
5
9
6
5
5
6
8
6
6
5
5
6
6
7
7
5
7
5
6
6
5
5
5
6
5
6
5
5
6
7
6
5
5
5
6
5
