6
178
4
3
3
10
3
4
21
3
18
4
3
29
3
3
3
7
7
4
3
5
14
3
3
4
3
4
16
3
4
5
11
3
3
8
3
4
4
7
3
32
6
3
3
3
10
3
3
7
6
11
4
4
4
3
3
3
7
10
4
9
3
3
5
3
8
3
3
4
3
9
18
3
4
5
6
3
6
3
3
3
4
3
8
3
3
11
20
3
10
3
3
6
3
4
4
3
4
3
3
4
5
3
3
3
5
4
3
3
4
3
3
4
3
5
3
4
4
7
3
3
3
3
3
4
4
4
4
8
4
3
3
3
10
3
4
3
8
3
4
4
3
4
3
4
4
3
3
3
4
3
3
3
5
3
4
3
3
3
3
3
4
3
3
4
3
3
3
3
3
4
3
3
3
11
4
3
4
4
4
4
4
4
4
4
3
3
3
4
4
4
3
3
4
3
3
3
4
3
3
3
4
3
3
3
6
3
3
3
3
4
3
3
4
3
3
3
3
4
3
3
3
3
3
3
3
3
3
3
3
4
3
3
3
4
3
3
3
3
3
3
3
