114
11
28
7
21
8
5
4
6
5
4
61
4
7
6
13
5
7
8
4
16
6
6
6
8
7
7
7
41
6
10
4
4
8
5
4
7
6
4
5
9
35
5
9
5
7
66
4
11
5
5
22
7
5
4
5
4
11
44
22
5
5
17
4
4
6
23
80
4
6
6
11
4
4
4
6
4
5
5
6
4
5
4
4
39
4
5
4
6
7
4
6
7
4
6
4
5
10
4
6
6
4
4
9
4
7
7
7
13
7
8
4
4
4
4
7
6
5
9
6
6
4
4
6
4
6
5
5
8
5
5
4
5
4
4
5
4
4
5
6
4
5
6
5
6
4
5
5
7
4
7
4
4
12
4
10
7
5
4
4
5
8
4
4
5
5
7
5
12
5
4
4
7
4
4
7
5
4
5
14
4
6
7
4
4
7
4
5
6
7
4
4
4
5
5
4
4
4
4
6
5
6
6
4
4
8
7
4
5
7
4
4
4
6
4
6
23
4
5
5
6
4
5
4
5
6
4
4
4
6
7
5
4
4
4
6
5
4
4
4
5
4
4
5
4
4
4
6
4
4
5
4
7
4
5
4
10
4
6
4
5
4
4
6
9
4
6
4
4
4
4
7
4
6
4
7
5
5
4
6
4
4
7
5
4
5
6
4
4
4
4
