64
27
5
9
22
3
7
4
4
16
3
5
64
3
25
4
3
4
4
5
3
4
3
3
3
3
3
3
4
5
3
3
3
3
4
3
9
6
3
3
3
9
4
4
3
4
3
7
5
4
4
3
4
13
10
3
13
3
4
5
4
3
3
4
9
3
3
3
3
4
3
4
3
4
4
3
4
4
6
3
3
4
3
3
4
5
4
3
4
4
7
4
4
3
3
4
4
4
5
3
18
4
3
4
4
3
4
3
3
4
3
3
4
4
3
4
14
7
3
3
4
3
4
7
3
3
4
3
3
3
4
6
3
3
3
4
4
4
4
15
4
3
3
5
3
7
11
3
3
3
3
3
3
4
9
3
3
3
3
3
3
3
4
4
4
3
4
4
3
4
6
3
3
3
3
3
6
3
4
4
3
3
3
3
3
3
4
4
4
4
4
3
3
4
3
4
4
3
4
3
3
3
3
3
3
3
3
3
4
3
3
4
3
4
4
3
3
4
3
3
3
4
3
3
3
4
3
4
4
4
4
3
3
5
4
3
3
3
3
3
3
3
3
4
4
4
3
3
3
3
3
3
3
3
3
3
3
3
3
