7
11
5
8
12
7
8
5
5
6
6
6
7
7
7
7
7
7
5
7
15
6
29
6
5
7
8
6
6
5
7
8
8
6
45
5
6
28
5
5
8
5
6
17
7
5
5
5
7
6
11
5
7
6
5
5
5
5
5
5
8
5
5
5
5
5
7
6
9
5
6
23
7
14
5
18
5
6
5
9
5
8
21
6
5
5
5
7
6
5
7
5
6
5
6
8
7
8
7
5
7
6
7
5
6
7
5
6
5
7
6
8
5
6
7
7
6
6
7
6
8
9
7
5
8
5
5
6
12
6
8
7
5
7
8
6
6
7
5
5
8
7
5
6
9
11
7
8
7
7
5
8
6
18
8
21
24
8
5
5
5
17
7
7
7
5
7
6
7
6
5
8
5
8
8
5
5
6
6
7
6
6
5
5
8
5
8
7
5
5
7
5
6
6
8
6
6
7
5
7
7
5
9
6
5
6
6
6
5
6
6
7
6
6
6
7
5
5
8
6
8
5
7
15
8
5
6
6
5
5
7
8
7
8
5
8
5
6
5
6
6
5
7
5
7
8
6
5
5
7
5
5
6
6
6
5
6
5
6
5
6
7
7
8
7
6
5
6
8
7
7
11
5
5
8
7
6
6
6
7
6
7
5
5
5
5
8
6
6
5
9
10
5
8
7
8
7
7
6
6
7
6
5
5
6
7
6
5
6
5
8
6
8
5
7
5
5
8
7
6
5
5
7
5
5
5
5
5
5
6
5
7
5
5
5
5
5
6
5
5
