7
9
276
70
8
7
9
9
7
5
11
5
5
5
235
6
27
5
5
6
7
7
6
6
5
7
5
6
6
5
7
40
44
5
8
5
14
5
10
6
6
13
58
6
9
7
5
8
12
5
16
6
7
5
8
5
7
9
5
7
5
8
5
5
7
6
9
8
9
14
9
6
5
6
9
8
5
5
5
9
7
6
6
6
10
5
5
5
5
5
7
9
10
6
6
66
7
5
5
7
10
9
11
10
8
5
8
9
9
13
11
10
5
8
6
8
6
8
5
7
12
7
9
7
5
7
16
7
6
6
13
5
7
9
6
8
11
9
5
6
5
10
5
6
7
5
5
8
5
8
6
5
10
7
10
7
9
8
5
8
7
5
8
6
8
7
7
6
9
5
5
8
12
5
9
5
9
5
7
5
5
5
6
5
8
6
5
5
7
7
5
10
5
10
6
7
7
6
5
7
6
9
11
7
5
5
5
6
10
8
10
5
5
5
10
5
5
7
6
5
9
6
8
5
6
9
6
10
6
5
6
8
7
5
5
5
10
5
7
6
7
6
7
7
8
8
5
5
6
5
5
7
7
7
5
8
6
5
5
7
6
7
5
6
5
5
5
9
9
6
8
6
6
5
5
7
5
7
5
5
5
6
5
5
6
6
6
5
5
6
6
5
9
5
5
5
6
5
5
8
5
6
5
5
7
7
5
7
6
7
5
5
5
5
