503
5
9
11
83
5
5
7
8
4
4
5
5
19
4
4
56
6
4
4
7
12
4
4
6
7
8
10
7
5
6
33
4
4
8
6
4
5
7
5
6
6
4
71
5
4
6
26
10
5
10
4
4
4
5
5
5
5
4
4
4
8
8
6
4
4
4
7
6
5
7
15
5
4
6
4
22
5
13
7
4
5
4
4
4
19
4
4
4
7
5
5
7
7
5
5
6
8
7
12
4
22
4
27
4
5
4
7
5
4
4
8
4
4
4
4
5
7
6
4
8
4
4
5
7
6
4
7
8
4
4
8
6
5
6
6
6
4
5
4
8
4
4
5
5
4
7
5
4
8
4
16
6
4
5
6
5
4
5
5
8
4
4
8
5
4
5
5
5
4
6
4
15
6
4
6
7
6
6
5
5
4
6
6
5
4
7
7
5
6
4
4
4
8
4
4
5
5
6
4
4
4
4
5
6
5
4
6
5
4
8
4
5
7
5
4
4
4
4
4
4
5
7
4
4
7
5
7
4
5
7
4
7
5
4
4
5
4
6
4
5
4
4
4
5
4
6
4
4
4
4
5
8
4
4
5
4
4
4
