5
8
6
5
5
4
17
4
4
5
5
5
20
5
4
4
4
4
4
5
4
4
6
5
4
5
4
5
4
8
4
5
4
14
5
4
6
4
5
4
4
5
4
5
5
5
5
5
9
4
4
4
5
4
4
4
4
4
4
4
5
5
5
5
5
5
5
4
4
6
4
5
4
5
4
5
4
5
5
5
11
6
10
20
5
5
4
4
5
4
4
8
5
5
4
4
4
4
4
4
4
4
5
5
5
4
5
4
12
5
7
6
4
5
12
5
4
7
5
4
4
5
4
4
5
5
5
4
4
5
4
4
4
4
4
4
4
5
4
4
5
4
4
4
4
4
4
4
5
4
5
4
11
4
5
4
4
4
5
5
4
6
5
4
4
12
4
4
4
5
5
4
5
4
5
6
4
5
5
4
5
5
4
4
5
4
5
5
5
5
4
4
4
4
5
5
5
4
5
4
4
7
4
5
4
4
5
4
4
4
4
4
4
5
5
4
4
4
4
4
5
4
4
4
5
5
6
6
5
4
4
5
5
4
5
7
4
4
4
4
9
4
4
4
5
4
5
4
4
4
4
5
5
4
5
5
4
5
4
4
4
4
4
4
4
4
5
4
4
4
4
4
4
4
4
5
4
4
5
4
4
4
