67
28
23
9
5
3
7
4
69
16
3
5
3
30
4
3
3
4
17
5
9
7
3
3
3
4
5
3
3
3
3
4
3
3
3
3
9
4
4
3
4
3
7
5
4
4
3
4
13
12
13
3
4
5
4
3
3
4
9
3
3
3
3
4
10
3
3
4
3
5
4
6
3
3
4
3
3
4
5
4
3
4
7
4
4
3
6
3
4
4
5
3
18
4
4
3
4
4
3
4
3
3
4
3
3
4
4
3
4
15
7
3
3
4
3
4
8
3
3
4
3
3
3
4
6
3
3
3
4
4
4
4
15
4
3
3
5
3
7
11
3
3
3
3
3
3
4
9
3
3
3
3
3
3
3
5
4
4
3
4
4
3
4
6
3
3
3
3
3
6
3
4
3
3
3
3
3
4
4
3
4
4
3
3
4
3
4
4
3
4
3
3
3
3
3
3
3
3
3
4
3
3
4
3
4
4
3
3
4
3
3
3
4
3
3
3
4
3
4
4
4
4
3
3
4
3
3
3
3
3
3
3
3
4
4
4
3
3
3
3
3
3
3
3
3
3
3
3
3
