5
469
5
5
10
11
5
15
5
10
5
5
5
6
13
9
7
10
11
6
5
5
6
6
5
14
7
42
6
225
9
9
7
5
7
5
5
6
12
25
8
10
6
46
5
8
9
6
5
5
5
5
5
6
5
12
7
7
5
8
5
10
12
9
5
5
6
10
5
5
7
7
8
5
5
5
8
11
9
5
7
6
6
5
5
5
11
6
10
6
6
10
8
8
6
15
6
5
5
5
5
9
6
8
9
6
5
9
6
8
5
6
5
8
5
6
6
10
6
5
7
8
7
6
7
5
7
9
8
5
10
6
7
27
6
5
8
28
8
8
5
14
14
5
8
5
6
6
6
9
6
9
6
5
8
6
8
7
7
8
9
7
16
6
8
11
17
7
5
6
8
5
5
6
7
8
5
5
7
5
5
5
10
6
7
5
8
5
8
8
5
6
5
9
8
5
6
6
9
7
8
5
17
5
11
6
5
7
6
6
5
9
5
6
5
5
5
5
5
5
7
6
7
7
6
6
7
5
6
8
5
6
5
5
5
5
7
6
6
6
5
7
6
5
7
7
6
5
5
5
9
6
10
5
5
6
5
5
6
6
5
8
7
7
7
5
7
6
6
5
10
7
5
5
5
6
5
6
9
5
5
5
5
6
7
5
5
6
5
6
5
6
