5
37
38
373
8
41
6
10
6
5
11
7
38
9
7
17
8
5
5
7
8
7
10
8
6
7
12
6
6
9
5
6
8
5
14
9
5
7
14
10
10
6
5
7
73
10
9
9
5
5
5
9
6
8
5
6
10
7
11
5
8
15
8
6
5
6
54
5
5
12
5
6
8
6
7
10
8
9
6
5
6
5
9
8
5
8
9
5
5
7
6
14
6
5
28
6
7
5
6
6
5
6
10
7
6
10
7
5
6
5
6
11
5
39
7
8
27
5
11
5
5
6
7
8
6
6
5
5
9
8
5
8
6
5
11
7
9
8
6
9
13
5
5
5
8
6
8
9
8
9
5
9
10
10
9
10
6
5
8
7
6
5
9
7
7
6
5
6
6
6
9
11
5
6
6
5
11
5
7
5
6
5
5
6
5
9
9
5
7
5
9
6
6
8
8
5
6
6
6
9
5
9
5
6
5
9
7
5
6
5
10
7
7
8
6
11
7
5
5
5
5
12
7
6
5
5
5
9
6
7
9
7
5
8
6
7
5
5
6
5
5
6
7
5
8
7
5
9
9
7
5
15
6
5
7
5
6
7
6
5
6
8
5
7
7
5
6
5
8
5
6
6
5
5
10
5
6
5
5
5
5
5
8
5
5
5
6
9
8
5
5
5
5
5
8
6
6
6
6
7
6
5
6
6
6
5
9
8
7
10
5
5
7
10
6
8
5
6
8
5
5
5
6
