15
7
7
275
20
5
4
54
4
4
5
4
7
4
5
7
21
4
4
5
4
6
4
4
11
4
4
5
17
23
7
4
7
63
7
5
6
5
4
7
5
4
6
5
5
5
4
38
4
6
4
5
4
6
5
7
27
7
4
4
17
6
23
6
4
6
26
4
5
6
7
6
4
5
5
18
4
5
4
4
6
11
6
5
5
4
4
7
4
5
4
6
4
6
6
7
7
5
4
5
4
6
7
4
4
5
4
4
4
5
6
5
4
4
5
7
5
4
4
4
4
20
7
4
4
5
4
4
16
4
8
7
5
4
7
6
5
6
4
5
6
5
7
5
5
4
5
4
4
5
4
5
18
4
5
4
8
11
4
6
6
6
6
8
9
5
6
5
6
4
12
4
5
4
4
6
7
4
4
5
5
4
7
7
7
10
4
4
4
5
6
5
4
6
6
4
6
4
7
5
4
4
4
4
8
4
7
6
5
6
4
4
6
5
4
10
5
5
4
5
5
5
4
5
5
4
6
4
15
4
10
10
4
5
4
4
5
4
4
4
5
5
4
4
5
5
4
4
4
5
4
6
4
4
4
5
7
4
4
4
4
7
4
4
6
4
4
7
4
4
5
6
4
4
5
6
6
7
4
4
4
5
4
4
4
4
5
4
4
4
4
4
