119 233 238 384 409 553 598 704 790
1 233
33 710
55 98 152 450 816
149 339
52 442
36 83 448
112 145
168 890
6 23 163 222 332 604 942 957
30 47 55 160 924 997
15 75 84 408 466 496 775 787
650 683
97 203 461
78 131 154
119 308 513 573 981
84 102 220 289 912
8 108 121 144 151 180 411 521 621 935
42 812 914
23 227 258 382 548 639
60 182 352 523
37 59 647 702
12 30 36 71 228 373 387 632 642 850
49 145 159 254 307 353 760 827
39 67 94 101 270 271 367 834
169 310
44 380
340 889
57 66 180 184 242 390 515 579 935
12 922
3 7 79 415 417 646 848
46 447 710
18 88 213 462
1 58 67 550 555 747
40 104 153 339 378 533 697
60 182 232 400 933
23 138 222 268 284
128 983
266 342 531 594
56 136
3 45 57 72 74 349 377
17 27 61 97 187
515 641
31 44 119 122 369 655 974
30 47 74 229 479 666 724
3 251 575
4 17 34 230 412 562 794
41 77 262 264 797
15 26 34 144 394
395 748 758 896
123 991
76 107 504
33 47 177
65 72 158 161
87 631
129 308 384 477 579
80 135 296 315 318
141 162 826
59 213
5 337 425 542 673 741
10 55 98 145 149 161 369 842 948
65 211 259 492 614
2 450 571
60 195 482 653 974
11 23
142 235 253
6 56 226 388
68 85
25 594 638
18 27 388 915
51 80 195 566
29 34 46 425 477 783 853 869 941
330 405 493 510 540 723 854 863
62 83 90 172 256 402 625 766 772
5 67 519 526 539 562 966 979
8 33 276 527
373 507
253 424 584 648
139 249 271 924
19 79 121 267 394 729 790 835 843 962
14 364 438 737
31 53 127 409 644
162 240 623 824
31 165 405 636 719 721 788
6 11 88 372 635 750 778
10 25 218 335 522 545
10 28 248 391 511 798
54 112 238
7 129 267 384 517 646 686 706
112 847 868
12 53 481 703
67 172 488
5 242 382 481 702
74 107 133
14 128 512
19 137 151 290 506 946
38 60 132 179 187 293 848 908
15 289
3 38 299 476
157 925
58 244 368
101 316 671
19 151 167 290 325 538 785 835 927
60 176 354
22 36 119 129 356
50 420
13 31 38 66 416 828 903
13 66
553 667
1 234 266 459
61 320 361 506 640
64 396 779
21 108 166 512 549 599 688 699
4 29 35 114 198 245 516 741
10 759 953
295 314 325 471 659 821 870 964
78 131 393 592 653 916
56 134
38 158 171 189 277
102 190 206 208 517 965
2 39 77 504 555 784
67 816
12 554
30 47 260
4 15 110 171 466 661
80 128
30 86
42 78 107
8 11 57 69 386 676 865
64 127
2 41 71 228 250 369 450 525
40 45 63 337 575 742
267 649 891
2 88 137 198 360 488
19 44 413 509 628 676 733
87 271 548 645
34 118 233 357 933
9 402 691 986
61 63
14 57 377 488 540
38 162 223 412
29 244
385 875 948 956
132 184
41 53 104 687 731
567 822
14 44 491 771
25 74 201 654 762 839
52 558 560
16 64 108 143 161 207 235 313
41 250 587
9 139
18 134 136 222 311 371 374 707 943
79 121 373 391 419 428 569 724
117 303
4 794
40 79 183 248 294
36 160 448
121 586
13 31 529 734
187 359
111 143 517 689 714
17 50 89 96 315 525 557 732 788
40 147 183 185 414 578
6 163 511 590
161 312
37 683
72 716
2 54 98 182 195 674
140 954
77 947
42 107 327 504 695 773 808 850
28 65 462 513 562 573
24 497
81 211 444
24 57 96 103 132 155 273 969
55 781
118 463 490 902
157 291 452
209 620
10 14 136 407 612
111 137 435 523
221 387 561 632
6 20 23 147 153 275 753
44 162 395 501 585 623 774
56 311
10 218 434 559 971
2 145 207 256 385 547
12 57 139 352 418 478 505 574 714 863
77 137 272 335 785
32 52 60 73 78 95 182 293 837
682 839 907
13 99 191 231 265 670
157 258 263 913
124 255 425 477 609 668 830 934
430 563
62 121 283 408 801
2 256 313 360 520 842 956
30 556
321 977
87 139 271
889 967
150 860 910
19 119 287 662
39 47 76 176
2 54 55 196 571
95 244
162 963
217 246 764 776 897 899
38 299 446 494
32 49 55 90 112 118 153 164 228
9 130 603 972
23 163 275 371
89 229 393
77 305 730
25 46 92 167 175 207 273 362 499
39 150 277 763
31 66 93 156 312 437
14 44 708 733 932
42 72 92 327 475 539
114 991
112 246 486 755 897
33 214
28 792
89 133
33 39 191 899
49 55 104 181 248 368 951 997
212 224
25 243
91 141 387 681
1 124 158 186 519
8 33 59
90 110 124 295 541 618 636 652
130 280
15 22 822
41 54 159
165 486
10 93 126 279 644
9 130 560
42 57 169 377 455 527 688 889
39 125 136 159
10 16 41 49 235 467 631 955 956
7 19 22 483 745
7 233 285 338 357 383 457 937
59 174 268 319 921
13 52 82 117 122 130 225 691 872 950
159 256 287 520
2 13 17 99 112 113 119 871
24 96
15 39 51 152 214 381 509 710
1 58 67 95 753 780 958
125 134 136 809
659 758
58 776
27 461
13 529 552
141 195 232 308 582 908
222 240
318 734 788 918
101 326 693 894
87 139 249 645 941
323 472
9 163 324
13 227 577 736
5 20 196 379 542 667 869 926
303 663
16 75
5 8 350 386
543 656
53 143 554
10 70 126 155 279 401 953
3 45 205 291 339 665
72 87 104 149 176 183 207 354 701 861
19 57 69 72 175 521 880
21 32 166 535 893
1 206 221 345 484 523 536 572 958
5 696 739 830
258 925
6 138 162 222
17 34 277 412
22 184 319 370 386 478 562 606 834
53 86 140 404 880
125 136
1 20 979
42 200 459
10 79 230 401 820
18 76 252
3 350
6 23 37 261 443 451 565 952
22 49 50 86 193
63 96 97 649 749
27 31 63 231 294 777
190 208 404 497
129 356
33 139 199 392 566 631 645 941
39 231 351
5 20 43
10 46 49 397 654
334 418
28 348
8 57 144 407 613 624 980
120 344 910
66 300 420 580 988
12 572 725
14 56 125 201 438 900 901 949
15 102 206 221 224 505 583 817
65 81 84 300 397
21 317
34 380 413
56 85 133 146 185 201 366
7 257 314 321 395 547 569 692 959
193 296 519
281 595
278 470
116 229 439 478 820
86 153 215 394 767 851
85 105 201 351 365 419 622 737
69 180
11 301 390
2 91 359 360 467 603 745 784
70 86 179 193 476
107 328 399 796
170 498
8 12 106 404 882
100 296 297 615
172 209 564
1 186 385
72 92 175 224 351 632 728
2 71 104 264 298 513
83 372 830
11 375
251 265
20 36 177 255
133 166 279 535 873 895 898
40 100 213 866
74 286 468 556
3 349 575
33 100 214
109 207 339 449 605 731
25 61 200 202 241 362
13 25 51 217 630
8 69 596 880
105 886
15 237 680
68 89
27 165 557 658 749
22 48 56 134 136 148 311 913 983
48 56 287 407 455
29 35 43 124 245 786
96 187 936
28 251 252 423 463 492 591
10 41 218 269 335
26 86 113
122 333 570
78 80 236 432 674 858 876
7 119 137 370 388 503 795
94 96
50 499 525 555
104 600
6 7 138 163 618
72 92 489
21 166 512 599
31 39 86 101 231 465
64 127 206 221 346 554 583 689 703 944
45 53 216
1 160 197 260 552
47 374
59 268 800
117 225 230 343 402 709 853
479 530 832
486 823
33 54 80 128 135 217 276 731
48 125 211
16 52 385 893
1 28 34 372 779
87 249 568 762 815 861
872 930
55 98 250 984
278 468 765 847 871
263 274
147 228
27 502
2 12 106
18 212
2 18 250 498 592 864 970
55 339 449
4 17 277 336
158 444
129 165 287 409
315 628 761
32 273 354
92 109 146 152 206 466 492 509 891
44 176 603 995
77 101 240 398
4 114 430
7 19
154 546
1 458 940
4 17 79 215
4 17 100 192 194 888
145 152
32 531
117 619
62 93 607
69 71 312 527 540
3 616
5 29 613 696
18 331
9 52 66 955
62 93 102 372 376 470 782
100 122 581 984
29 50 579
169 675 812 895
30 229
8 97 493
87 271 568
131 141 435 582 766
9 304
12 15 64 210 288 378 664 960
57 570
44 173 188 314
18 42 461 588
41 200 832
17 52 75 82 186 225 551 833
7 208 290 309
27 743 928
196 262
21 73 78 166 482
33 46 829
12 28 102 127 239 433
68 74 153 177 286 346 813 840
54 98 103 723 997
9 52 213 905 906 955 972
16 25 46 273 406 500 638
259 626 919
160 351 762
20 29 35 40 301 314 414 425 786 869
49 55 71
25 126 181 243 281 335 508 522 690 744
23 109 122 131 275 369
25 52 218 234 239
149 189 220 264 763
18 105 165 226 461 515
64 352 714
14 45 48 90 172 652 985
3 349
12 190
44 120
31 38 39 144 320 325 417 503
55 109 149 722
220 725 996
474 720
29 161 184 484 968
1 30 160 168 728 949
22 30 47 321 500 770 877
49 98 254 840
107 504 629 812
5 20 242
19 377 421
491 938
28 65 193 416 786
35 73 154 602 868
291 452 685
36 44 85 558
34 81 113 116 204 319 540 767 854
18 27 56
13 31 50 114 140 415 455 719
83 453
4 16 40 305 367 414 465 954
77 188 264
4 546 876
21 36 89 322 857
40 183 257 447
18 27 53 294 331 388 751
174 213 283 779 800 801 978 1000
8 282 390 574
64 143 352 673
144 421
546 668
5 840
47 89
79 356 706 745
36 47 85 133 177 212 626 831
566 568
16 40 480 999
4 60 194 364 655
16 269
80 81 315 610 630 973
10 32 237 266 298 335 352 497 558 874
38 246 620 862
141 333
851 962
190 208 221 342 427 435
226 939
3 45 481
123 197 265 454 994
16 71 115 943
4 14 48 241 326 947
93 309 422
57 108 205 282 379 553
74 85 229 470 479 530
25 248 401 559
78 400
7 320 394 417 676 885
197 265 454 469 532 657
70 591 679
10 26 46 95 113 155 230 236
107 475
122 195
241 311
16 139 866
118 120 234 434
59 128 296
7 19 507 785 791 819
78 122 353
21 599 699
24 63
21 127 773 960
5 99 195 227 306 787
53 86 990
41 112 149 845
80 214 362 426 498
20 35 43 247 410 491 715
8 184 570
89 366
21 299 713
54 72 484 520 890
126 230 341 727 942
10 32 46 594 832
340 409
65 148 261 376 502 910
6 9 130 324 911
90 906
8 914
15 237
5 124 245
329 482 836
9 82 130
153 196 313 608 888
16 270 307 426 480 722 909
7 36 79 113 204 209 460 487 503 538
66 431 552 752
142 361 944
18 70 105 485 486 751
46 558
62 1000
24 132
30 74 286 346 381 530 930
2 45 207 948
92 175 487
36 374 573 642 706 857
71 98 109 765 995
69 70 99 165 212 334 485 555 557 897
11 27 178 576
73 135 154 172 257 581 643 920
28 81 84 94 148 158 178 403 457
14 44 120 585 844 919
29 43 926
194 225 343 421 551
15 20 509
21 73 535 657 929
22 113 236 879
27 28 178 194 233 294 338 549 571 768
21 62 682
19 47 151 325 440 904
202 234 625 799
34 81 118 357 383 463 490
72 278 309 483 795 865
42 76 169 328 544 675
22 86 236 288 514 981
11 23 295 301 371 818
11 23 37 163 185 375
48 142 330 611 806
64 954 965
180 330
523 802
148 220 277
116 205 479
1 864
13 97
30 622
7 14 19 569
174 801
54 91 597 722 737 875
50 577
100 106 143 200 297 426 764 858 966
38 94 732
20 926
127 703
102 166 427 544 849
43 65 846
2 91 131 141 232 909 936
274 429 498 580 639
173 392
7 38 50 70 79 227 471 534
15 142 216 235 759
28 36 224 602 705
38 48 136 407 445
289 495
36 150 263 510 637
67 251 884
2 191 305 669
15 85 146 272
117 280 619 855
33 135 257 966
25 32 155 953
15 36 111 143 201 225 289 701 845
188 964
4 17 90 146 782
157 239 274 292 510 597 665
22 86 129
147 247 521 716
126 279 829
173 964
13 31 38 156 209 543
204 237 441 495 496 841 977
10 25 126 559
267 646
92 975
6 23 268 871 978
61 72 254 436 649 709
47 256 262
12 24 61 103 155 829
216 324
50 179 903
36 64 106 164 192 831 931
96 103 187 329
27 216 226 584 887
53 206 341 396 583 932
27 28 203
494 743 928
24 103
28 84 148 171 457 549 614 746
22 26 101
39 191
28 65
23 332 353 358 405 518
1 2 3 107 228 310 746 998
1 58 77 100 101 125 428 566
95 178 252 536 814 881
292 685
375 961
38 355
68 85 160 278 617
20 35 124 515 739
314 395 841
95 230 243 279 738 886
29 43 143 307 539
6 144
14 34 44 94 170 344 708
6 24 27 63 96 332
19 33 170 217 399 740 973
16 40 202 253 350
4 9 293
71 89 91 176 207 307 561 943
56 82
7 62 88 93 110 117 563 586 772 950
8 34 133 148
312 975
717 934
190 259 326 344 406
430 660 774
139 199 249 924
12 102 319 901
196 360
295 640 805
2 35 147 302 360 609
251 532
317 824 929 963
5 35 302 311 585 870 996
518 674
7 137 320 378 569 621 692 962 971
36 212 556 700
253 314 423 699 959
18 34 97 226 348 572
34 68 87 89 99 589
21 203 535 983
5 43 629
147 616
76 204 308 377 393 475 616 980
168 245 255 491 667 921 957
15 146 505 544 931
132 134 777
49 109 270 354 602
12 28 61
76 112 260 286 592
88 90 119
42 169 695 850
20 21 29 43
229 617
32 508
173 188 321 392 758 989
22 26 51 76 370 735 828
48 102 241 359
124 168
2 238 450
73 898
80 108 116 439 761 820
11 56 255
40 242 253 361 641 887
593 787 823
50 70 300 476 917
29 241 908
84 189 232 363
49 55 559 600
85 110 322 494
11 26 37 63 777
49 71 112 153 159 185 275 343 451 600
18 98 115 238 806 909
661 988
78 333 400 808 859
9 304 551 950 982
432 982
300 430 918
19 399
14 576
52 982
44 545 759
198 372
156 385 842 970
85 374 622 642 700 705
269 365 406
63 111 241 305 445 671 701 804
58 67 114 186 448 752 834
5 78 154 393 815 825 968 993
89 160 346 500 831
62 92 110 867 1000
16 999
21 945
21 43 386 439 596
49 77 191 894
15 146 166 437 487 757
152 175 312 865
49 91 109 149 355 718 904
46 58 61 528
25 46 202 266
705 770 857
10 25 322
33 53 80 143 208 210 792 845
52 60 154 329 400 684
19 193 204 297 391
106 109 481 807
62 83 88 422 782
114 123 458 991
8 13 74 319
132 533 827
150 698
16 109 697
4 175 194 336 988
16 436 484 521 578
1 222 451 611
138 952
316 651
9 333 838
567 879
37 358 460 590 650
19 428 694 885
93 172 220 322
12 200 266 396 448 500 756 807
20 302 702 992
32 87 136 234 281 508 511 587
15 508 680
94 211
9 52 117 280
169 808
8 47 69 116 212 882
15 333 465
7 266 295 309
151 320
24 65 103 132 473 653 658
25 27 68 107 181 327 837
215 263 291 548
4 70 99 156 287 308 533
96 164 990
59 75 87 199 537 769 978
441 516
38 70 165 543 717
265 454
23 138 261 431 712
20 890
37 106 497
42 76 141 249 293 329 554
178 189 444 462 873
24 64 67 208 633 637 945
28 93 502 625
59 71 192 560 654 690
36 47 74 111 624
21 72 92 94 150 252 487 698 987
38 227 446
6 23 37 443 608 635 961
60 70 73 131 154 313 482 697 789 810
20 67 168 363 679
59 67 75 116 350 800 888
22 526
119 183 287 402 662
123 182 441 458 582
10 95
27 203
49 91 284 298 366 455 493 656 727 855
173 188 704 959
7 640
18 68 201 294 331 336 364 365 768
367 671
2 51 315 318 447
48 56 68
50 755
104 313
9 52 82 117 303 324 818 986
14 120
10 95 362
57 518
111 135 170 274 615 726
60 243 923
105 306 456 670 797
48 56
394 541
23 110 135 376
118 171
9 52 82 192 663 818
5 54 76 133 153 203 449 468 789
33 51 80 135 180
78 195
14 464
21 31 66 317 456 620 937
17 83 93 363 422 661 746
82 130 986
61 290 798 843
23 37 138 179 185
4 127 612 687 849
28 233 347
100 214 257 276
1 69 116 396 720 726 813
28 65 118 150 474 537
69 152 184 247 386 405 460 489
108 390
64 88 106 276 418 627 689 867
709 936
2 4 17 61 94 189
3 91 104 109
14 32 413 453 501 628
57 161 180 390 437 489 624 987
19 64 102 111 206 503 506 664 754
285 825
93 110 322 607 682 793 907
44 235
40 81 269 361 902
345 346 387 556
138 185 474 590
13 30 31 209 244 246 306 904 927
68 197 215 532 678
147 757
197 265 657 884
33 213 315 859
127 129 673
32 181
47 74 79 164 229 278 286 735 877
1 20 58 124 245 528
4 92
31 70 105 302 473 529 552 580 593
22 26 81 524
64 97 469 475
57 238 270 946
48 72 92 164
26 86
141 232 285 332 876
11 31 179
12 53 56 140 433
30 120 133 344 470
80 100
31 70
13 157
39 264 272
66 156 473
43 992
46 522
119 129 340 349 573 795
123 514 711
59 75
34 102 150 161
68 87 419
24 63 210
101 692
3 8 45 57 69 184 330
13 41 91 156 344 355
91 250
34 65 220 531
4 17 117 194
5 846
128 133 345 365 419 666 949
54 59 171 217 283 421 610
3 45 205
10 17 33 84 106 520
297 318
22 26 588
3 29 41 45 71 74 85 100 219 813
4 223
21 73 78 103 104 141 232 601
27 915
14 18 545 708
22 41 145 153 196 204 760 816
26 42 76 247 489 985 987
111 177 627 728 836 931 965
330 723 854
54 354
14 21 53 304 438 442 501 844
8 116 282 427 445 863
8 41 54 104 307 310 547
9 24 52 82 663 833 905
22 121 288 754 885
223 774
174 209 231 299 355 416 420 564
173 896
219 571 576
34 591 917
8 613
15 22 51 237 285 289
103 990
6 10 32 281 397
48 152 389 677 945
79 617 819
54 104 114 176 378 449 605 781 996
6 11 54 261 353 375 724
3 30 133 177 291 366 530 919
13 31 156 416 529 736
53 627
6 13 37 50 99 227 231 499 670
170 411 638 735
30 223
3 58 114 217 379 478
13 38 50 300 306
148 814
15 28 35 220 289 496 524 715
5 12 48 106 140 221 239 364 381 947
162 825
192 268
5 149 316 379 729
7 215 267 440 534 583 694
516 647
24 48 103 132 294
76 305 313 730 763 867
13 156
62 96 110
1 116 139 151 199 752
16 82 142 361 893
103 162 563
12 27 53 99 334 687
176 178 492
113 236
21 149 155 181 273 587
39 77 172 272 778 894
6 16 134 443
2 11 219 234 778
3 856 882
31 68 142 164 224 483 574 593 928
31 148 347 810
7 26 75 121 137 588
25 39 108 123 862
8 518 980
189 306
23 136 445 809
14 120 238 298 380 932
2 11 588 683 879
25 222 401 852
542 634
53 83 90 172 184 198 541 740
1 7 528
190 389
50 97 576 915
25 46 368 916
197 469
62 198 376
6 26 113 288
173 243 392 397
440 586 848
4 17 60 73 131 138 182 916 933
48 134
55 77 182 191 323 398 693 930 995
32 69 77 95 155 362 744 837
46 942
2 16 73 98 262 789
41 176
18 32 40 81 115 181 480
69 596
258 292 345 382 452 637
8 58 67 69 698 807
17 44 364 612 900
5 33 42 100 112 134 145 681 713
81 182 348 536
26 37 163 332 358 707 712 720
77 472 669
106 383 418 433 756 804
32 35 40 95 180 202 281
121 167 309
83 247 270
119 129 356 410 553 704 899
65 873
3 9 63 111 190 211 572 726 802
9 82 117 280 303 972
4 413 721
9 83 225 432 793 929 935
158 363 502
17 51 296 334 396 738 835
547 784
304 678 994
9 130 303 589 691 872
469 994
35 245 302 384 621 644 662
87 166 174 387 589
21 338
24 61 187 210
13 355
60 122 140 435
18 34 112 564 732 823
34 84 94 347 524 536 538
35 626 771
101 367
26 328
5 713
144 181 248 290 323 507 927
22 63 96 892
189 772
43 887
191 398
51 411 426
32 886
434 817 844
219 405 439 574
542 641 679
13 291
33 51 630
42 76 94 181 310 629 796
41 875
677 951
12 775 849
140 342 389
30 127 221
37 183 584
75 174 357
388 768
30 85 561 598
128 159 170
5 6 29 37 410 634
19 215 741
173 188 748
582 815
595 601 858 974
99 551 719
400 826
29 43 62 422 696 846 934
9 32 46 98 117 158 718 775 940
5 29 43 124 437 527 688 716 975
156 431 505 656
66 126 443 560 971
16 209 753 883 976 993
123 441
108 143 342
967 981
121 204 312 606 744
20 124 168 255 273
13 18 38 203 299 577 580
49 159 228 424 998
84 118 211 363 902
17 343 853
6 11 284 358
7 145 197 251 327 532 805
188 321 395 423 659 896 989
174 838
10 87 95
128 920
6 23 37 108 138 565
25 73 80 262 293 655 684 721 967
12 18 26 27 193 226 347 514
16 39 101 269 467 471 999
59 75 120 192 223 268 283 587 878
11 71 146 284 301 358 590
114 123 282
128 135
15 495 898 925
11 186 224 272 341 381 543 615 669
664 802
37 144 483 668 805 843 938
157 452 548 665
214 297 610
23 275 284 501 604
223 374 403
59 174
59 75 408 921
42 310 383 757
240 465 496 623 660
1 18 26 62 97 331 939
3 998
36 43 242 259 643 717
3 45 205 431
459 776
88 618
11 51 73 134 161 261 429 803
19 121 151 534 791
49 104 298
80 128 581
22 26 50 86 169 288 862
108 282
2 159 468
1 45 349
77 101 272 323 797 860 937
288 370 526 754 878
25 32 874
12 40 115 126 142 269 341 424 594 866
49 250
8 17 51
113 507
177 264 280 305 398 472
9 16 39 115 303 304 432 940
88 90 488 907
40 115 183 216 424 467 480 806
10 120 326
61 258 263 292 597
11 23 474
33 51 100 170 276 318
71 91 98 115 155 254 353 592 881
42 327 404
292 382
633 711 750
75 408
11 977
151 167 534 819
52 855
32 243
27 29
6 24 37 254 565 707 750
253 578
9 154 619 911 969
30 438 585
66 165 747
4 83 84 94 130 171 244 436 738
19 79 391 415 417
12 239
41 256
29 31 35 302
14 19 151 309 415 798
72 175 247 460
14 26 900
44 111 120 164 345 366 380 545 733
10 75 192 605
323 381 398 693 730
298 369 827
511 799
7 399 464
34 340 549 912
42 150 340 348 356 384 513 570 773
115 216 414 442
36 46 47 89 122 223 240 412
6 11 371 604 608 961
54 64 65 94 118 171 178 607
14 380 901
88 453
27 167 668 783
167 471 506
59 283 565 821
122 123 285
64 102 111 208 239 342 427
14 817
68 74 177 259 672
42 232 780 883
48 125
35 61 73 103 167 295 391 399 538 969
157 274 382
35 109
91 137 167 215 267 397 420 428
110 541
20 51 567 711 761 859 973
60 75 169 228 462 524 537 591 614 951
29 43 257
14 48 56 120 160 601
201 877
10 47 393 546 595 883
7 113 137 202 281 472 923
3 337 350 575
20 43 116 255 379 493
274 685
74 85 283 301 365 550
30 259 278 598
3 45 105 742 856
39 533 810
16 235
102 106 433 790
17 316 794
75 194 213 336 343
33 115 132 217 429 447 920
67 175 186 236 252 567
99 903
59 114 516 647
317 494
31 755 811
24 30 63 107 210 749
89 97 939
34 43 187 252 672 680 864 976
39 367
347 648
4 5 7 152 219 579
734 736
122 154
3 147 205 781 856 970
73 131 285 976
8 69 116
17 199 718
15 18 66 97 146 203 331 499 557 589
8 24 210 279 286 359 383 690 860 993
1 21 62 67 83 466
1 179 918 958
26 767
30 770
282 836
90 793
23 185
131 404 517 756
4 17
12 140 200 234 248 260 338 442 485
51 88 198 376 780 906
108 135 276 296 727 914 922
260 316 373 464
37 375
41 55 262 729 847
3 45 110 205 742
4 17 32 84 95 103 230
25 60 126 155 244 329 874
40 142 341
58 681 868
24 38 99 290 525 747 917
27 490 881
5 20 368 938
81 444 814
96 114 123 725 838 870
99 446
15 22 26 57 86 113 370 609 878
50 66 105 129 227 306 308
9 58 170 214 297 411 429 581 803 828
1 58 528 979
78 83 436 635 891
76 328 373 651 851
440 495 686
8 12 24 61 210 658
224 666
199 769
13 26 514 526 892
125 423 748
199 249 568 803 861
68 212 351
127 337
11 35 539
20 739
145 219 694 852 984
677 760
70 171 310 328 796
29 47 66 105 811
3 45 337 454 678
62 93
957 992
5 29 35 168 242 410 783
115 578 584
2 147 254 960
2 140 740
11 37
7 15 58 65 211 325 675
150 218 458 911
21 317 512 771 895 963
11 138 163 185 261 301 550 712 952
51 157 258 263 292 510 639 913
13 105 246 473 485
53 334 389 544
24 63 826
406 700
28 81 277 338 403 463 672
3 180
16 142 183 216 611 944
8 63 187 451 453 522 751
5 44 168 336 401
58 67 186 459 606
26 125 193 311 715 809 892
326 434
2 3 98 152 196
271 769
42 88 90 107 636 695
11 550
146 237
577 811
6 23 284
24 36 56 61 63 125 132 134 359
22 476 633 822
18 76 118 586
158 178 403 490
70 110 198 231 446 456 564 743
299 593
28 54 65 84 403 457 537 648
1 58 186 519
28 55 84 233 456 912
6 45 66
97 240 563 660 792 824
40 41 90 115 652 766 839 841 985
105 179 389 406 464 764 922
12 804
24 131 684
55 71 137 270 378 765 791
35 82
135 202 392 531 989
20 35 118
19 79 101 121 686 946
130 304
68 126 218 799 852 923
82 148 225 324 477 833
9 280 402
19 78 651
164 260
20 43 634 643
219 226 307
46 200 218 368
1 357
1 884
60 179 293 968
45 82 144 905
6 37 83 92 93 275 371 561 650 821
81 348
246 300
