85
81
60
46
24
31
20
20
18
14
54
44
56
20
77
17
4
43
30
17
34
15
26
20
12
67
36
20
10
88
71
69
39
11
23
19
11
88
37
21
20
18
15
14
26
38
60
12
11
9
18
15
48
15
19
9
18
65
31
17
27
109
72
46
57
28
20
12
44
38
40
34
51
26
26
26
15
15
20
53
32
28
21
19
15
40
28
8
46
11
22
8
85
36
20
18
12
13
66
33
10
50
7
26
12
85
28
13
12
45
21
29
15
8
24
14
16
68
11
58
54
49
16
102
41
16
15
56
33
16
7
40
22
26
14
16
15
69
36
11
26
12
20
88
75
24
15
39
116
77
17
25
24
23
14
14
28
26
71
56
49
11
94
33
27
19
21
18
23
7
36
27
20
10
45
23
64
32
28
24
101
58
16
13
39
13
16
39
22
19
21
17
19
13
30
9
38
31
10
47
36
45
43
14
11
10
36
8
93
26
16
15
39
24
26
15
24
73
37
33
16
51
12
6
44
45
31
22
16
11
60
26
13
13
43
21
25
29
48
36
15
11
63
31
25
46
34
9
29
25
21
10
60
19
15
28
24
20
17
87
74
19
32
20
66
59
43
23
16
7
30
8
24
23
19
14
16
40
44
40
22
13
19
14
18
12
24
10
14
12
58
19
22
20
11
44
52
24
17
19
21
16
10
28
26
15
27
32
18
18
9
19
16
14
18
43
28
11
9
49
36
26
21
12
16
19
37
13
77
19
21
14
94
25
12
14
12
69
67
41
28
19
19
15
22
14
25
20
19
12
9
50
11
17
63
49
12
11
20
16
14
39
28
22
20
14
12
13
12
14
17
22
16
6
35
15
28
16
16
17
23
26
17
18
25
9
18
9
26
31
14
31
25
17
15
46
16
15
26
20
13
32
19
13
38
27
15
22
72
57
30
20
21
14
51
28
13
20
23
11
54
30
10
41
16
16
29
7
22
14
38
53
29
7
35
31
9
20
11
11
58
18
15
14
71
36
19
38
32
13
12
25
11
23
36
7
16
6
25
22
32
19
41
45
17
16
14
29
13
30
46
11
20
10
13
28
16
12
12
13
21
13
26
20
7
18
49
47
45
19
13
15
28
21
15
14
37
27
19
16
12
11
76
25
13
13
23
57
19
17
20
8
28
10
21
9
47
29
21
4
14
22
30
15
21
34
39
27
28
17
25
20
19
31
20
33
6
12
31
21
41
18
20
16
17
12
14
23
19
21
20
17
20
17
26
30
22
13
9
38
6
24
16
10
37
16
10
19
19
14
5
20
13
14
13
9
28
14
15
9
8
44
14
16
11
58
8
13
10
23
28
18
21
22
20
20
11
24
28
23
18
11
28
14
12
18
40
20
22
16
16
14
15
31
15
19
14
12
34
38
12
18
11
17
30
18
8
35
32
23
13
9
32
23
18
20
11
16
29
35
17
11
19
10
11
21
25
16
15
22
18
21
28
49
19
24
20
23
27
26
25
14
9
24
25
12
40
30
16
12
19
20
19
14
7
12
26
14
10
27
20
8
4
16
23
16
17
20
22
16
28
19
18
30
15
15
10
10
28
15
11
11
29
23
29
22
22
21
16
15
9
19
16
29
16
26
13
17
16
24
7
15
11
6
12
14
11
13
11
29
20
21
35
16
39
26
12
18
13
14
15
8
31
23
14
33
18
22
31
14
9
8
29
9
17
25
18
23
16
18
15
12
10
12
20
13
6
13
8
14
16
21
8
13
16
21
24
17
19
12
19
13
11
19
29
13
18
14
29
25
10
15
22
21
24
17
19
9
20
16
17
11
19
28
22
25
8
32
30
18
19
18
17
21
13
8
15
16
52
20
16
15
25
18
24
27
21
20
13
25
14
12
10
11
16
14
13
14
32
17
21
9
5
16
13
12
28
7
19
16
18
14
13
10
10
30
18
17
11
14
9
17
31
22
9
7
11
8
8
10
9
15
10
15
14
15
12
24
12
13
9
24
18
21
15
15
11
15
13
21
16
17
12
14
13
21
32
6
11
11
14
13
13
6
8
12
15
20
16
16
13
28
15
15
9
23
17
5
11
14
8
25
17
13
14
14
21
16
12
14
8
28
18
18
18
15
15
9
10
8
6
8
14
15
12
12
22
14
18
21
14
15
21
14
9
5
21
19
19
14
16
12
17
20
12
12
12
19
13
14
15
13
8
21
18
15
17
14
4
13
17
15
15
8
16
23
11
11
6
20
13
15
19
13
21
10
19
19
18
15
