56
43
46
38
32
12
38
24
18
13
53
17
19
6
38
25
22
16
12
23
4
12
89
70
21
16
54
51
32
20
14
17
25
6
23
24
61
44
36
15
26
18
54
22
28
81
43
39
30
13
19
12
19
46
24
14
50
39
20
15
15
20
18
21
14
46
8
47
24
12
75
60
24
22
23
20
14
14
15
96
80
29
18
63
47
34
22
17
20
13
18
18
8
30
10
12
16
26
35
12
45
24
27
21
14
24
17
22
21
18
13
31
19
9
62
45
41
25
8
19
37
52
34
29
26
19
10
84
50
38
52
27
22
19
45
27
10
12
8
30
18
16
35
33
20
20
16
12
107
95
49
23
24
14
16
13
90
77
50
14
61
62
33
29
34
32
41
15
27
18
22
72
40
15
9
15
39
62
58
14
16
52
13
18
19
20
20
8
30
19
17
21
15
61
30
28
15
46
40
9
13
26
7
10
9
74
17
15
22
87
41
19
41
33
24
82
23
28
27
33
24
19
16
14
10
10
11
19
32
15
49
37
29
17
15
77
18
17
29
24
21
15
14
11
34
15
22
20
16
39
30
18
16
19
12
21
20
89
34
12
45
36
38
30
20
24
17
14
8
27
20
14
52
40
22
20
20
49
16
24
20
17
10
20
40
14
101
56
26
21
24
18
24
14
18
23
8
8
13
23
19
23
9
40
23
16
10
25
13
19
12
22
11
13
30
24
15
21
9
85
27
9
52
26
15
18
17
28
27
11
19
9
8
11
67
20
14
14
24
21
9
44
23
16
16
23
18
36
18
12
35
10
67
26
20
33
6
45
35
30
22
48
29
11
23
4
18
17
9
32
7
14
36
29
41
12
25
7
41
14
14
10
14
22
26
67
53
14
67
7
6
20
8
48
12
44
17
10
10
19
11
29
11
19
23
75
13
13
17
37
28
17
12
37
28
23
19
67
14
49
18
19
13
12
32
21
9
25
20
8
89
5
17
6
19
16
17
27
31
27
16
22
16
40
34
11
15
21
11
31
23
12
42
29
8
8
15
23
16
20
10
10
21
23
11
55
30
25
13
49
39
11
61
38
19
8
13
16
29
42
13
11
11
53
22
20
20
20
16
13
50
22
40
30
23
29
16
25
34
20
13
33
26
17
11
33
26
6
19
15
12
44
11
14
30
36
13
16
16
20
24
11
10
37
12
10
33
18
15
18
11
22
19
22
15
28
18
58
18
10
13
10
21
26
14
25
16
32
11
7
14
24
23
14
22
11
15
31
17
11
10
23
25
11
10
8
19
20
13
36
14
16
11
10
19
16
22
22
20
31
24
24
14
15
23
21
10
16
10
12
32
29
16
11
46
19
20
26
19
17
14
38
23
19
21
13
25
15
23
13
22
13
25
18
22
15
21
7
19
19
47
20
11
9
23
22
14
12
11
17
14
16
19
14
14
26
15
27
16
16
5
18
13
9
9
49
25
18
17
50
14
10
15
10
19
15
18
45
21
21
16
32
14
15
18
9
43
23
19
39
13
9
24
18
34
12
10
16
18
18
21
22
14
18
30
15
14
13
13
12
33
16
21
7
21
18
26
21
8
8
16
28
19
13
16
10
11
24
17
11
24
34
18
24
22
10
21
17
19
26
16
25
26
17
24
17
13
16
32
24
20
20
16
35
19
21
24
21
18
37
19
17
42
13
11
17
6
7
9
13
41
12
12
12
12
15
15
19
16
11
3
7
18
16
12
52
14
14
20
17
10
20
19
19
9
56
34
12
20
13
12
16
18
18
26
24
14
17
16
13
16
6
23
36
13
12
18
12
8
13
19
18
17
18
10
13
14
24
9
13
9
29
6
10
36
16
15
32
31
27
22
19
14
8
21
13
26
21
13
9
13
10
24
19
13
13
18
20
9
15
38
22
24
14
11
20
15
8
9
27
16
13
48
32
33
17
15
22
14
17
8
15
9
20
14
12
13
13
17
29
20
8
12
17
20
21
15
24
25
11
18
14
11
14
13
22
16
10
17
17
19
18
14
11
12
23
13
19
23
18
12
17
24
49
9
29
16
9
12
15
12
7
10
10
13
8
9
14
11
14
15
46
20
18
15
8
19
15
29
25
13
19
13
18
10
18
11
10
15
19
19
20
19
13
9
36
10
15
20
13
11
11
17
13
15
16
12
15
21
14
18
26
18
13
6
14
13
6
18
8
25
9
22
12
10
12
10
10
12
11
12
8
14
20
17
18
14
13
17
12
20
15
13
10
19
13
18
15
17
9
