56
14
19
14
12
9
42
43
39
46
39
13
13
14
17
65
63
46
65
27
12
21
27
12
19
29
23
36
25
13
7
13
15
27
23
22
13
59
79
56
46
81
21
4
44
39
14
9
70
42
12
105
40
111
45
59
22
32
12
22
70
18
14
9
91
49
60
31
15
19
64
60
7
99
85
66
40
42
43
22
24
21
16
18
6
7
53
67
51
47
31
18
14
17
95
79
54
48
29
29
29
25
26
10
36
29
15
56
30
15
14
8
37
23
26
15
90
46
48
35
25
17
65
62
67
41
22
16
22
21
18
64
23
14
99
21
21
15
43
32
50
17
35
13
92
42
9
64
23
10
66
34
23
16
17
15
7
61
55
35
28
18
15
18
38
37
21
88
50
37
30
19
12
12
56
41
34
42
26
20
41
45
16
12
57
28
32
36
26
19
12
75
36
16
13
11
20
17
19
13
11
57
11
13
29
24
25
18
23
25
9
31
47
11
6
53
27
23
18
9
43
20
8
36
16
9
14
59
12
90
11
12
31
16
32
6
56
44
20
15
17
44
13
40
29
15
77
65
58
38
32
15
15
16
13
19
32
26
14
21
14
93
51
18
14
17
51
19
20
21
11
8
80
43
20
12
12
69
64
39
29
25
23
18
18
37
25
15
17
14
52
28
34
34
35
15
95
56
55
27
30
14
22
14
36
78
20
11
49
13
81
65
31
29
20
34
17
16
26
19
12
19
33
25
26
23
24
16
19
47
22
29
20
13
47
19
16
18
15
8
119
47
27
14
24
12
26
24
36
29
13
13
31
13
5
18
9
9
10
24
26
17
5
12
21
20
20
15
21
16
12
45
10
28
7
47
13
27
19
16
21
21
15
15
18
16
12
16
35
15
24
19
17
19
20
12
8
16
29
14
20
18
74
31
6
83
22
17
16
20
34
34
33
17
18
57
35
13
45
14
13
10
31
26
24
21
15
15
15
16
36
17
11
13
15
15
12
19
8
17
11
15
20
94
44
12
19
26
21
18
18
24
71
39
23
15
13
35
7
36
23
24
49
12
9
97
19
18
21
11
33
25
33
17
25
20
18
25
7
56
26
21
11
64
10
62
33
28
23
19
19
11
18
26
8
54
27
11
7
8
25
11
17
14
17
22
12
9
27
13
20
44
34
28
20
16
18
45
19
23
15
13
15
20
6
17
11
6
15
24
23
23
23
20
20
14
7
10
6
18
10
21
21
16
9
65
44
26
78
39
46
15
10
14
20
13
31
20
15
28
14
7
56
31
33
8
10
14
19
13
14
26
25
17
16
47
39
21
17
15
16
11
12
19
11
37
23
15
19
14
15
39
21
26
10
20
16
14
33
52
13
63
22
30
9
19
30
26
19
10
15
26
20
16
28
14
22
11
10
8
13
13
24
11
49
47
29
23
9
8
8
14
13
26
18
23
16
8
11
25
14
28
9
35
24
13
20
12
28
15
12
17
19
13
18
35
15
24
17
18
11
19
18
37
33
14
19
41
40
27
25
22
15
21
21
11
21
16
16
12
11
15
16
9
15
16
15
17
16
17
9
24
20
14
31
23
26
74
10
13
37
16
17
11
13
17
23
6
14
38
34
22
20
10
30
19
14
24
14
10
9
29
28
20
12
17
16
7
14
20
12
6
28
9
9
11
12
13
22
13
41
10
10
26
46
10
19
13
17
17
9
14
18
10
38
26
19
18
17
31
22
17
25
25
17
13
28
14
10
18
15
17
20
12
26
16
15
29
6
15
10
13
42
13
7
17
16
18
15
17
13
20
21
20
23
18
19
25
20
14
18
47
15
19
13
37
34
45
15
9
19
17
38
14
10
18
25
23
18
18
14
12
20
12
21
10
34
11
9
13
26
9
8
14
26
19
21
20
9
22
11
22
19
12
21
11
39
25
20
18
21
10
12
13
14
22
16
15
13
19
7
13
10
14
33
25
12
18
12
25
15
9
12
23
18
12
14
11
10
15
19
28
15
29
16
21
9
12
13
11
17
15
20
12
32
10
21
15
19
15
31
17
14
22
14
6
14
18
23
16
18
9
18
22
11
19
12
22
15
15
9
21
19
7
13
11
19
4
6
12
18
16
7
13
17
16
19
15
8
17
14
17
25
18
11
40
9
19
17
14
13
10
16
15
12
9
12
14
15
16
17
16
28
11
13
9
15
7
7
20
24
8
9
12
21
4
7
14
17
18
16
34
12
11
10
14
16
13
10
18
12
11
10
14
17
15
17
13
16
16
