46
32
25
32
16
18
13
15
20
86
64
10
65
52
41
13
12
41
18
53
19
86
57
16
50
45
27
6
85
58
29
26
24
14
12
14
69
61
29
9
15
94
55
58
13
24
23
17
14
13
6
41
28
10
48
40
35
31
21
17
10
48
24
22
11
84
50
49
42
36
34
22
22
23
22
69
8
9
30
17
15
14
15
61
38
24
15
63
43
5
10
94
74
41
24
21
17
17
17
68
30
29
32
27
14
11
64
62
59
43
28
15
15
20
32
25
55
15
18
9
77
60
39
28
19
18
19
13
80
115
62
19
18
12
15
63
15
87
46
27
21
58
17
22
13
73
53
56
33
16
17
29
13
14
31
19
23
22
12
28
16
11
18
45
32
50
59
55
13
24
83
63
56
31
8
84
40
27
18
13
22
12
13
19
17
9
90
86
33
16
26
7
72
48
22
21
13
72
24
22
7
9
9
23
3
61
37
15
36
54
31
40
43
16
33
23
49
36
22
24
15
32
20
5
103
15
26
14
10
14
83
17
14
26
22
20
20
104
16
24
17
15
72
32
20
18
24
17
54
52
74
10
6
67
18
72
16
15
21
17
18
28
23
21
22
11
14
21
47
49
37
23
22
14
19
17
14
16
18
18
11
27
21
13
21
11
11
27
18
79
29
17
22
18
18
70
28
17
15
58
29
14
20
11
10
32
17
14
16
17
19
15
13
14
24
26
19
17
77
32
27
16
13
74
19
14
15
10
8
12
12
13
46
13
51
28
18
12
65
37
29
30
14
20
13
17
5
26
17
12
10
40
31
31
16
21
32
17
75
19
55
19
76
20
21
9
14
32
10
23
17
7
66
26
13
74
31
25
7
21
11
71
43
32
26
10
8
9
33
31
22
14
19
18
9
25
23
15
41
37
22
20
25
43
29
13
12
18
22
46
12
37
54
25
17
14
18
23
53
10
11
14
21
14
21
12
16
11
39
16
73
14
10
22
16
9
17
12
16
13
5
16
10
39
14
12
15
15
13
81
40
42
32
22
27
26
20
20
17
21
24
23
41
20
35
31
15
13
7
27
60
19
14
40
37
29
15
29
34
22
12
15
18
12
12
37
10
14
23
11
17
12
64
15
50
8
44
45
29
19
14
17
12
10
18
10
34
10
16
12
15
39
22
63
30
17
21
18
9
10
11
16
20
21
26
22
23
25
79
67
45
19
9
10
53
21
33
14
14
16
15
36
23
20
17
12
14
7
17
30
10
17
10
23
8
10
36
17
9
21
11
26
8
36
23
19
7
17
14
12
9
44
29
13
12
28
10
50
33
24
27
12
48
29
25
10
13
16
11
7
25
13
43
17
25
35
20
61
13
32
14
12
18
15
44
29
27
34
27
15
23
14
22
29
29
23
19
25
26
12
35
38
13
21
46
15
34
14
15
10
16
13
8
15
13
10
22
14
16
10
8
24
9
9
16
17
13
68
18
19
13
23
15
12
14
10
30
20
22
23
10
7
28
16
16
34
11
33
30
16
25
16
14
29
12
10
24
17
19
51
21
22
17
9
16
14
37
20
18
22
9
9
12
11
18
24
10
13
42
30
25
15
14
29
9
25
16
46
14
29
14
10
48
25
12
31
15
20
11
35
15
49
10
52
25
16
19
17
30
11
11
14
10
13
33
17
41
20
15
28
22
10
7
7
22
10
14
54
39
16
9
18
19
24
11
13
24
19
17
12
29
15
12
20
18
27
15
23
20
14
22
12
17
8
8
9
13
15
10
13
18
11
14
14
21
13
15
17
9
11
16
30
27
15
7
14
9
24
19
13
21
13
20
30
24
15
13
14
17
13
16
14
19
10
11
9
28
14
21
11
12
12
19
23
11
14
17
23
20
18
14
16
11
14
14
8
14
11
13
10
12
4
44
13
16
10
16
17
11
15
16
18
8
13
17
15
13
17
8
11
7
53
15
12
9
13
10
8
14
10
24
5
17
20
25
20
18
10
25
19
10
21
9
13
17
22
23
13
14
24
36
9
14
14
19
13
13
8
17
15
19
9
16
17
14
11
15
10
14
10
8
25
18
11
18
12
15
6
13
13
17
11
16
10
20
16
10
20
20
9
10
8
15
10
18
7
19
15
10
10
14
27
9
22
12
17
18
12
18
13
6
13
9
21
16
11
9
16
9
15
15
13
7
8
13
15
5
19
24
7
16
11
20
21
14
18
13
22
12
19
14
15
13
10
25
10
29
15
16
6
9
12
9
12
13
15
19
19
17
7
