36
8
86
25
88
55
31
13
32
13
6
40
17
36
28
18
56
17
17
17
8
61
7
80
15
40
28
26
25
23
16
47
22
19
19
12
19
42
24
16
12
27
5
43
34
102
12
13
76
33
22
12
19
4
18
10
11
34
17
16
17
10
53
18
109
56
32
16
20
13
14
96
66
37
98
36
22
16
37
41
31
21
19
16
13
15
16
54
63
36
24
14
12
77
35
16
11
49
32
22
12
17
36
23
22
17
16
19
44
34
38
11
67
60
57
34
30
17
18
42
34
26
34
22
21
13
72
17
18
11
46
19
12
6
76
33
26
18
37
41
40
32
28
16
14
23
26
18
21
11
45
12
18
49
21
46
18
14
14
5
101
43
36
33
42
35
18
28
48
36
16
17
16
11
78
27
19
21
15
13
50
28
44
17
14
18
52
26
90
30
73
19
17
12
52
8
26
22
25
15
79
61
16
18
19
13
105
38
29
23
18
68
32
21
22
25
24
13
18
121
26
16
11
13
13
8
47
16
14
18
21
29
15
25
13
17
39
27
29
14
14
45
27
26
23
27
15
22
15
42
11
27
28
22
12
18
14
42
11
52
25
72
38
20
30
24
8
14
36
14
11
19
14
47
55
19
16
81
43
23
18
15
15
19
16
51
50
17
16
104
27
36
33
22
5
32
6
52
49
31
28
13
12
21
10
32
23
8
14
26
15
25
10
41
74
17
81
32
19
42
13
19
13
14
23
14
36
12
12
20
11
11
15
11
16
12
62
42
25
23
18
45
14
15
14
15
12
30
29
17
77
35
13
15
20
19
14
15
12
22
28
18
20
23
14
11
26
21
17
21
85
28
12
13
50
11
14
8
12
74
17
64
13
15
10
13
27
20
21
24
22
19
22
56
14
12
20
24
26
20
8
23
69
18
67
15
25
16
10
13
12
22
8
19
9
43
12
48
30
20
17
18
16
18
8
13
59
25
12
10
24
61
12
14
15
21
12
45
26
16
13
14
40
17
15
22
16
23
11
12
8
12
21
10
4
21
51
17
18
65
30
26
18
23
30
16
21
8
63
25
25
14
59
29
32
13
16
41
31
25
23
21
15
7
70
28
21
15
20
20
21
33
16
30
10
33
23
14
16
56
36
25
13
13
10
7
17
23
26
89
16
13
16
26
33
23
18
36
21
12
14
47
37
16
59
16
46
16
7
27
23
20
28
34
15
49
13
29
19
16
16
9
33
13
32
23
34
28
16
10
11
18
21
12
52
21
20
23
28
10
12
11
16
18
17
13
18
16
39
24
28
26
10
17
32
25
16
17
15
18
24
15
14
51
33
17
17
20
19
12
30
10
14
42
12
10
16
30
12
11
44
16
10
22
15
31
11
28
29
14
24
23
12
18
19
8
20
19
8
21
20
8
16
18
12
17
34
12
21
28
9
30
13
6
16
47
12
35
32
11
15
13
4
5
9
16
24
14
8
5
16
6
12
12
19
25
14
23
26
22
17
19
22
24
14
22
13
20
17
25
11
26
14
11
16
40
12
20
27
22
37
20
12
25
17
16
11
14
22
12
15
12
15
47
29
17
16
8
12
23
13
28
12
10
36
41
27
19
32
35
18
10
38
9
17
22
11
14
21
8
16
9
15
26
23
26
21
17
21
40
12
23
21
15
13
40
17
19
10
29
14
17
24
19
13
17
10
10
11
31
15
18
15
14
15
16
19
19
20
19
29
14
14
10
21
15
24
13
26
14
20
18
10
13
6
24
19
16
7
14
24
15
12
15
18
15
18
22
16
23
20
12
13
20
19
21
3
17
18
15
22
20
19
30
9
18
18
17
29
8
8
16
19
12
25
10
19
7
28
10
19
17
40
11
12
10
23
15
17
27
17
9
13
14
15
14
15
9
19
11
11
9
15
15
24
14
13
20
18
8
33
24
19
22
15
12
9
9
18
22
18
17
14
14
8
11
13
11
15
11
9
20
19
10
11
15
18
23
12
29
17
13
15
15
17
15
19
12
21
29
10
18
13
20
6
7
15
11
21
23
10
10
13
20
10
10
4
15
29
20
24
16
12
18
17
9
12
16
11
12
12
15
11
15
15
23
24
9
22
17
20
13
11
7
8
19
13
18
13
20
17
11
8
13
19
12
5
15
17
11
13
12
17
19
9
11
15
12
10
11
10
9
8
15
7
8
16
17
11
27
11
12
18
14
11
11
12
16
8
16
5
8
10
9
12
18
14
12
14
18
15
10
11
15
19
14
15
10
9
8
