22
18
21
86
32
19
27
17
39
30
40
28
30
16
27
19
42
37
31
20
17
13
83
33
14
31
23
18
17
15
11
10
76
43
31
13
82
38
13
71
84
59
28
19
13
21
47
10
31
27
62
72
21
21
16
13
19
50
41
19
19
17
14
12
100
21
7
59
39
62
42
26
26
29
24
26
20
14
50
35
33
20
27
11
80
55
26
22
12
11
40
8
93
35
18
18
61
44
54
55
21
10
78
68
45
56
42
40
25
61
8
45
16
19
21
22
16
11
14
12
16
9
49
33
34
7
11
115
47
11
13
72
22
14
9
16
18
71
31
78
85
27
37
25
13
15
35
15
17
16
13
34
22
16
14
15
38
27
10
112
43
28
9
69
39
37
25
22
25
20
55
31
55
11
7
37
31
19
14
17
9
42
19
18
13
21
23
13
27
14
20
23
13
55
24
16
11
18
46
32
30
16
24
15
17
31
19
23
17
56
29
32
13
11
22
11
66
53
20
14
33
16
16
49
30
22
12
20
15
57
13
85
59
54
38
55
6
12
18
10
57
39
13
66
51
24
15
16
16
15
38
28
65
38
34
42
28
16
8
77
31
29
21
15
21
87
20
10
9
8
45
34
20
57
17
13
13
35
33
27
15
21
15
18
17
41
18
114
27
26
19
49
51
30
40
27
25
23
6
14
15
22
36
37
11
50
35
26
18
21
26
10
19
81
20
14
9
66
21
15
15
52
12
51
50
39
17
10
16
39
13
15
82
36
38
16
14
28
18
23
24
69
21
11
35
15
21
10
5
40
15
10
13
9
32
5
20
14
8
27
84
31
17
18
16
18
30
11
55
37
21
23
23
13
17
11
15
17
12
18
30
81
20
17
17
26
30
15
13
17
14
19
12
8
27
17
17
86
33
14
30
19
13
14
15
34
26
21
15
20
46
23
23
18
19
15
23
9
13
15
24
23
39
35
17
14
16
43
41
39
31
15
18
19
15
25
19
22
13
16
47
37
18
15
22
33
51
36
23
20
18
17
16
9
14
15
14
56
22
46
14
23
12
7
23
16
16
28
8
19
12
21
18
11
29
13
13
14
18
34
25
14
29
16
21
20
14
19
17
42
33
67
14
32
26
30
16
16
22
22
11
10
55
22
20
22
58
39
25
17
18
23
33
33
16
73
42
30
32
17
14
12
13
33
18
12
73
42
10
17
18
10
11
20
16
35
28
15
19
40
14
25
13
9
16
19
29
20
15
19
12
14
41
22
17
32
33
19
23
19
14
19
32
20
19
20
20
9
14
42
26
21
15
9
15
25
12
11
15
7
30
18
4
35
15
13
17
22
58
35
23
12
12
22
10
13
18
14
10
18
51
18
28
19
14
24
17
11
19
39
19
32
15
15
24
14
16
10
28
20
14
12
12
8
12
24
13
12
24
8
9
17
12
24
19
44
36
18
12
17
10
25
9
19
18
8
33
16
12
23
12
12
34
7
36
49
15
17
20
14
10
19
16
79
21
22
10
12
19
32
14
28
52
26
12
11
13
13
8
38
28
16
18
10
9
34
13
13
31
17
22
19
21
20
22
11
18
14
23
13
28
13
17
37
36
19
20
21
31
18
22
14
46
11
10
10
16
18
43
13
19
19
41
11
17
25
24
7
15
20
21
29
30
12
7
25
19
19
16
25
31
17
20
20
30
28
12
16
45
25
24
15
30
19
9
25
19
19
9
27
15
5
23
26
9
4
16
27
27
11
13
25
9
17
10
6
7
8
13
25
25
15
19
18
19
13
12
28
23
25
14
16
8
18
18
6
49
24
17
15
17
28
23
15
18
20
25
17
18
14
9
15
8
10
12
16
15
28
19
22
21
17
37
8
7
6
17
16
18
12
20
33
11
22
15
11
22
18
3
23
15
16
21
23
17
12
10
13
16
9
14
42
19
13
14
36
11
10
16
21
21
21
18
11
15
15
47
17
16
12
16
13
11
18
20
14
19
18
14
26
8
13
13
17
31
11
27
20
17
15
14
11
19
27
30
19
21
47
16
14
10
15
14
23
21
12
12
25
25
20
21
17
17
18
16
18
5
11
9
18
6
18
28
19
17
14
20
15
17
11
13
18
9
23
14
16
19
15
27
25
16
10
10
14
17
10
16
18
11
41
20
12
9
19
27
22
17
14
8
20
11
17
16
16
13
15
15
7
18
14
12
19
15
21
19
11
18
14
15
23
13
8
17
9
18
14
23
10
15
19
17
20
8
14
20
18
12
11
9
9
