91
35
44
30
28
17
15
19
18
91
89
63
36
22
17
99
74
82
15
60
35
24
27
18
16
24
14
19
42
34
79
46
44
61
50
30
12
9
74
44
23
24
28
24
18
22
17
12
93
77
36
35
70
22
28
31
22
22
17
12
15
71
61
28
19
14
79
87
69
43
16
16
14
29
24
13
15
48
46
43
13
58
29
12
15
76
16
52
34
31
23
12
40
21
13
85
15
18
22
15
21
18
38
24
17
22
18
48
36
15
15
38
19
32
16
77
11
40
30
39
23
22
15
18
9
9
48
35
24
15
14
14
29
51
27
15
16
16
41
45
12
41
40
33
33
19
18
12
56
29
28
20
18
15
12
15
47
44
30
26
18
23
40
41
15
10
31
21
13
7
10
54
24
24
10
40
35
12
23
26
27
17
18
23
14
18
48
18
21
17
17
96
28
27
22
8
43
15
20
13
66
22
41
20
40
37
45
35
27
21
15
14
17
23
20
17
24
27
23
22
8
35
48
33
21
31
27
20
12
69
41
22
13
10
6
76
10
100
65
24
16
16
14
29
10
37
30
14
7
16
13
27
77
37
50
34
13
20
23
11
7
10
36
24
17
13
47
45
36
37
27
20
18
43
10
3
13
34
9
11
25
15
10
47
34
33
39
13
55
41
20
23
43
11
17
5
29
26
16
19
30
36
25
17
20
16
11
31
21
16
19
32
17
20
15
11
19
25
50
14
18
13
13
15
14
14
13
10
11
42
46
10
11
11
32
19
12
3
75
65
61
31
23
20
21
19
29
16
17
31
13
11
27
14
26
20
17
22
25
11
18
38
63
22
16
29
29
9
87
33
26
25
15
25
21
20
31
34
22
25
18
20
5
17
13
11
12
13
18
86
11
14
18
12
21
19
16
53
17
13
83
37
21
19
23
16
48
11
37
17
16
12
72
11
23
21
19
17
25
13
22
7
46
23
17
13
45
39
40
14
44
24
16
17
15
8
12
41
24
23
16
16
12
30
16
35
38
26
46
24
14
8
62
19
20
18
19
33
9
47
27
24
59
39
17
33
11
18
7
20
14
25
14
34
25
9
23
20
12
33
27
17
16
12
25
20
25
34
18
22
17
11
14
12
11
17
18
12
52
31
32
21
15
45
39
37
18
19
22
19
21
18
12
13
14
14
28
7
23
12
13
17
21
15
29
21
29
21
21
24
17
12
15
26
23
16
8
72
26
16
31
46
30
19
11
13
9
33
12
43
15
12
52
15
7
37
16
21
15
14
14
22
33
17
14
20
30
22
19
21
14
20
19
27
27
21
19
28
13
17
34
15
17
30
25
23
16
18
12
10
8
21
15
16
27
16
7
11
6
13
16
19
9
23
41
27
21
15
36
26
18
9
34
29
20
20
18
15
18
18
8
34
22
17
8
60
21
20
34
14
9
6
14
12
11
11
15
14
12
9
29
21
20
13
36
17
23
24
11
14
14
19
11
18
42
19
19
12
15
16
26
18
10
10
12
18
14
15
24
13
13
21
12
14
14
27
13
13
9
44
14
32
11
37
33
26
16
17
9
11
35
14
57
33
12
25
11
11
14
19
30
18
7
19
9
25
10
31
16
17
16
14
13
18
15
21
21
22
24
28
11
10
61
17
9
12
23
14
11
11
14
7
15
18
22
25
12
22
15
21
16
12
6
11
8
11
23
20
16
16
19
9
10
7
10
20
10
17
13
47
30
15
8
12
10
13
10
10
9
20
16
11
13
30
25
8
14
15
20
14
13
15
16
13
18
11
15
30
11
13
17
22
28
16
13
23
21
33
19
10
11
18
11
8
13
26
22
30
14
14
18
19
25
60
11
18
24
16
17
10
13
30
14
11
29
16
23
14
18
9
11
5
18
14
13
46
22
13
23
9
12
11
15
15
13
13
17
11
32
16
19
16
26
9
12
19
55
22
15
15
17
14
18
18
11
11
11
19
9
20
13
10
12
46
10
18
21
17
11
19
24
10
46
27
18
15
13
25
15
14
19
18
16
35
18
12
5
45
22
16
15
15
5
10
17
14
9
16
4
19
14
18
18
18
22
17
12
13
19
12
6
11
15
19
18
13
11
16
12
11
16
6
31
32
18
16
12
18
17
12
10
11
33
22
11
22
17
10
19
17
12
17
18
7
16
11
9
7
14
21
5
14
12
19
15
13
16
17
17
12
11
16
14
7
12
15
16
21
27
7
21
5
12
21
12
15
13
12
18
17
11
9
12
15
10
12
12
17
9
14
