56
17
20
13
41
59
21
12
19
15
9
46
18
24
61
10
8
70
10
82
53
45
21
21
27
22
20
17
81
46
18
47
27
29
7
66
48
20
20
13
8
15
77
29
18
33
13
37
12
104
45
22
57
48
33
29
15
21
14
10
54
52
33
30
29
28
27
14
19
17
82
25
68
33
28
10
12
95
44
24
13
12
72
35
11
13
14
89
52
29
33
27
19
16
14
37
38
12
12
21
24
11
51
47
32
19
24
17
18
16
37
32
28
32
23
14
63
52
32
31
31
31
21
19
69
37
17
13
13
26
30
15
14
74
17
28
30
14
40
35
10
66
27
22
16
79
15
13
27
24
13
17
8
25
10
16
14
12
20
19
8
24
24
11
82
35
15
17
22
12
50
37
12
16
15
19
17
15
29
13
44
29
16
21
15
67
37
25
19
17
20
16
33
15
69
25
21
9
19
81
12
79
65
14
33
27
20
16
16
19
73
31
27
14
20
18
14
13
42
42
24
18
8
15
14
50
36
31
23
16
34
21
15
17
47
10
79
61
34
17
62
27
24
9
38
15
37
47
33
23
20
20
32
21
24
23
19
22
13
12
15
46
21
11
55
52
35
27
15
36
23
18
14
66
40
20
16
26
16
5
20
48
25
29
69
40
20
30
35
22
9
13
11
55
19
22
18
16
15
16
10
58
43
33
32
17
30
18
24
65
42
13
13
59
61
28
23
48
31
10
13
20
60
16
23
9
10
59
42
37
17
10
47
45
20
24
20
22
10
14
53
27
19
11
19
13
23
14
8
49
46
27
19
24
19
31
12
14
18
15
22
33
13
24
11
17
76
59
51
50
10
26
18
44
37
28
17
27
25
47
19
21
14
17
39
25
22
24
25
24
16
29
13
13
15
25
25
22
26
20
23
70
25
12
32
21
42
17
17
58
29
11
9
5
26
54
7
78
34
26
14
15
16
16
15
8
89
73
50
14
33
14
14
11
26
33
22
15
42
15
19
30
18
13
14
12
24
55
18
20
21
17
105
21
21
9
41
32
16
15
18
21
17
18
73
26
12
8
28
16
42
5
25
31
8
19
31
19
11
25
22
58
29
9
17
15
11
13
27
51
12
13
15
13
18
16
11
14
14
18
14
9
16
16
11
10
25
19
18
17
18
15
9
15
19
8
17
14
27
21
46
16
17
10
18
10
13
23
28
32
20
9
11
18
17
11
7
8
8
32
32
10
21
15
18
11
7
19
15
60
37
16
21
12
14
4
19
25
14
18
49
17
19
21
12
32
18
17
12
22
15
17
20
15
11
14
15
19
7
10
9
13
5
15
13
40
13
14
28
14
10
15
10
44
44
9
22
21
16
18
11
14
11
27
16
21
14
20
10
16
13
15
31
12
17
17
43
26
54
14
27
39
21
13
9
17
16
12
13
22
16
14
17
23
22
20
14
34
33
34
15
24
7
17
17
20
11
42
30
17
17
19
12
17
16
22
8
51
26
21
13
12
22
19
13
20
20
16
22
21
11
18
13
20
18
13
17
11
7
14
22
15
45
44
21
18
17
21
18
33
21
14
12
14
22
15
27
21
10
22
12
18
19
24
19
18
14
39
23
10
23
23
46
43
23
16
19
12
10
12
13
25
22
19
22
20
20
25
16
17
23
15
5
4
7
11
20
14
11
10
23
37
9
53
35
12
14
18
17
5
15
32
25
14
32
11
17
17
14
17
20
20
16
13
10
16
22
24
19
18
20
9
20
21
18
21
15
15
19
14
19
16
9
11
20
13
10
26
25
16
11
24
8
21
13
13
17
20
20
24
15
20
18
38
22
16
20
20
29
25
19
20
19
20
21
13
14
5
15
25
15
28
14
11
11
17
4
32
12
14
16
13
29
28
11
32
18
28
22
22
54
12
16
13
38
30
22
12
24
21
15
23
14
10
13
18
15
18
13
11
11
14
11
21
13
16
29
9
13
9
19
12
13
18
8
25
23
16
13
20
20
9
11
20
23
19
10
14
18
16
15
16
16
9
20
11
10
22
16
10
19
10
25
19
17
16
28
11
6
18
11
25
9
14
15
17
17
17
16
10
18
14
12
15
8
25
12
21
14
10
8
18
9
22
17
15
12
13
18
12
17
15
13
11
11
13
9
14
16
17
15
9
21
20
16
8
30
15
6
18
31
14
20
14
14
22
13
19
13
16
13
12
10
22
12
9
15
27
16
12
18
16
7
10
18
17
12
9
14
8
12
15
14
9
16
8
23
11
15
14
