73
38
28
11
75
30
56
25
75
13
32
14
48
33
26
24
11
109
27
27
12
12
47
28
8
16
51
72
50
24
11
12
29
9
15
9
76
56
35
27
14
46
26
38
20
7
23
11
5
56
76
50
34
26
19
16
45
44
13
9
67
62
22
21
10
13
39
45
32
16
19
9
18
15
15
63
22
17
13
11
15
91
22
16
22
11
60
7
40
98
47
109
72
52
23
28
25
9
51
30
43
26
15
10
29
91
10
66
48
27
34
24
24
15
13
21
27
21
9
46
54
43
30
18
20
21
9
12
30
21
14
11
19
16
8
9
61
42
23
29
18
13
75
35
23
14
8
37
13
26
21
17
15
21
19
17
75
59
16
15
23
20
16
42
36
20
11
41
31
22
28
22
16
16
14
8
16
12
50
22
14
25
20
8
27
20
27
14
21
16
18
11
12
38
29
92
50
71
40
31
36
32
23
23
21
9
11
27
36
10
8
15
83
44
34
17
17
16
60
63
34
11
11
89
29
11
73
42
50
20
14
76
69
50
40
29
18
18
15
16
27
14
26
27
16
14
11
21
13
14
48
38
27
27
32
16
18
13
12
30
23
18
11
15
10
48
11
29
27
21
21
17
97
22
17
65
26
25
58
24
18
11
44
31
35
28
16
14
21
27
14
8
10
14
34
32
12
41
12
12
13
65
32
32
19
22
19
21
7
14
16
19
8
24
12
9
19
5
74
44
24
12
15
15
30
24
56
37
22
9
14
18
15
26
5
51
12
24
18
11
11
27
17
15
19
10
29
7
14
15
51
13
20
39
19
21
15
14
65
53
38
27
16
20
17
13
55
21
18
15
15
31
29
19
16
14
14
38
21
16
21
23
19
28
36
28
16
29
33
22
19
21
21
22
15
13
14
14
21
19
15
19
8
25
7
28
24
15
35
41
34
24
9
23
23
20
48
48
15
20
8
50
26
5
15
9
58
12
17
89
8
14
15
11
23
12
9
99
19
12
16
18
34
80
62
17
13
23
88
36
32
20
11
33
25
30
29
13
20
19
27
39
28
25
18
17
17
21
24
16
19
15
9
18
17
21
6
9
43
34
23
14
28
23
20
15
22
22
19
19
13
26
12
15
31
11
8
13
30
17
14
16
26
18
27
18
75
31
26
23
21
17
18
15
11
36
11
7
26
15
47
46
22
17
19
26
21
17
7
16
13
12
31
14
16
37
32
23
16
12
31
25
20
17
19
3
22
16
13
15
23
12
20
39
23
38
16
11
22
18
19
18
35
15
11
7
13
17
26
21
13
13
10
12
35
20
11
41
37
21
15
23
16
16
14
13
15
39
18
25
18
22
25
25
17
60
42
26
31
24
45
20
14
19
18
14
7
27
12
23
42
11
16
8
17
13
31
19
15
13
11
18
18
12
15
32
36
20
22
14
32
43
12
31
21
18
31
28
21
9
20
10
58
12
14
11
21
14
9
26
21
10
5
13
14
17
13
9
13
17
14
20
23
18
12
8
14
15
15
26
9
12
11
12
30
27
13
30
25
17
12
18
8
35
13
32
31
26
30
13
22
12
12
21
16
10
46
17
22
12
8
23
11
17
19
14
5
12
20
12
18
12
15
17
9
31
43
23
18
14
21
8
18
51
10
16
70
15
17
10
17
48
20
12
18
6
16
10
21
8
70
8
22
18
14
48
39
18
8
20
14
13
13
7
6
12
18
8
21
9
20
18
19
30
17
17
28
13
12
19
22
21
19
18
15
27
17
15
15
9
10
8
11
4
20
16
20
19
15
16
8
18
14
9
23
9
18
14
24
24
16
17
8
19
18
14
17
21
13
16
12
20
18
9
5
22
16
15
49
9
15
19
9
18
24
19
5
23
20
16
4
12
24
16
8
39
6
16
11
14
10
9
27
13
8
30
16
10
11
9
14
17
14
13
12
21
19
29
22
17
16
40
18
28
11
16
15
12
14
14
13
8
13
27
11
19
20
19
8
20
5
26
13
10
14
10
18
18
15
13
6
13
12
12
7
11
5
11
11
17
8
28
19
11
22
15
16
18
35
13
15
17
18
28
28
21
19
23
9
15
36
13
12
7
13
19
18
12
18
22
11
15
19
15
18
15
17
13
14
18
18
15
15
23
15
10
17
16
20
20
15
16
11
15
9
18
6
14
20
36
16
9
24
17
9
7
20
8
25
16
10
13
24
21
18
7
18
13
18
10
23
20
13
18
17
20
5
18
10
19
13
10
10
16
9
22
17
7
15
14
