25
21
29
21
32
24
12
12
8
88
38
8
5
44
29
43
43
34
19
14
13
90
66
18
17
13
21
14
10
41
41
19
16
77
61
7
69
44
51
12
12
18
49
36
31
14
29
55
23
29
19
12
81
88
57
43
34
30
15
77
52
14
16
9
14
95
64
42
29
12
21
15
49
49
31
21
24
22
17
16
16
4
8
31
32
25
28
17
22
24
17
34
14
84
27
13
14
8
7
66
41
36
29
12
15
72
55
36
33
31
23
21
17
64
46
37
40
19
15
23
19
15
71
23
7
68
43
17
11
28
14
17
17
18
24
20
17
12
16
74
55
12
10
57
17
14
13
27
10
61
53
36
19
14
15
68
17
18
18
9
8
7
53
54
43
21
10
58
44
24
69
43
48
15
9
41
20
7
10
10
44
18
31
8
21
26
55
17
95
22
15
13
10
17
27
71
30
27
12
19
28
23
28
29
11
8
16
40
29
9
10
20
6
8
47
25
35
22
12
47
40
34
21
84
55
21
108
106
46
32
11
51
10
11
46
27
18
60
58
45
52
30
17
19
20
19
30
15
17
17
26
15
71
11
21
43
43
53
18
24
19
8
56
21
11
51
9
30
30
18
27
24
26
18
16
32
33
15
14
13
64
35
14
43
20
13
63
25
11
11
36
34
23
21
17
41
22
12
38
16
13
75
25
24
65
36
22
13
6
32
19
19
9
14
21
10
33
23
42
17
88
34
22
21
26
16
15
5
12
28
25
9
78
59
64
24
22
43
25
19
10
18
25
16
10
32
16
14
20
62
32
27
36
21
23
20
31
31
27
14
5
34
42
22
16
52
10
37
17
16
23
19
20
17
9
11
15
44
10
19
17
12
11
17
8
15
19
51
12
11
7
48
7
12
15
11
42
31
32
19
9
38
24
21
26
20
35
24
24
11
15
12
19
13
5
22
22
14
28
20
11
42
45
23
25
20
24
13
13
15
27
19
41
15
34
17
23
23
46
40
17
67
28
13
11
19
23
47
20
17
17
29
16
10
7
35
24
21
19
13
14
27
32
20
11
13
49
18
12
15
31
13
15
4
85
33
20
34
15
15
8
21
11
75
18
13
20
18
7
25
21
17
36
17
17
11
51
16
46
41
13
19
9
12
15
10
9
11
8
21
13
14
17
24
14
38
16
8
7
10
16
20
37
16
8
24
22
15
17
10
23
21
26
23
19
7
9
16
12
15
23
7
11
43
43
39
46
37
20
22
30
17
10
23
18
40
29
25
22
12
17
15
67
37
33
13
10
16
31
20
22
24
13
16
17
11
16
14
21
15
33
18
19
18
35
16
20
57
34
13
8
16
17
20
24
17
15
11
6
11
30
28
14
18
32
19
14
15
11
31
5
24
7
18
21
25
21
16
41
44
23
20
16
38
29
13
36
24
15
29
19
27
15
13
17
13
11
19
54
16
45
26
20
9
13
27
19
18
17
19
17
9
13
20
33
19
14
28
15
22
21
22
20
22
12
23
25
18
17
12
19
14
49
30
20
25
18
17
13
21
12
23
14
18
7
27
12
5
16
16
16
16
12
14
17
16
13
12
34
12
10
21
19
18
55
24
15
22
11
7
21
12
19
29
15
16
19
16
9
15
9
16
27
12
15
18
8
11
14
14
22
12
19
19
24
17
22
14
26
11
9
11
11
14
17
14
17
19
20
21
26
12
16
8
19
10
12
8
12
10
15
27
21
15
16
15
14
9
43
9
14
19
27
18
20
16
10
16
10
8
15
14
9
18
28
15
11
14
10
22
15
10
8
31
8
26
16
25
8
21
19
17
17
9
19
16
16
18
70
22
26
23
18
20
12
15
19
17
11
11
18
9
15
18
34
25
20
40
12
10
18
20
14
24
16
12
13
22
15
14
24
12
10
26
14
18
9
18
18
12
9
17
26
12
14
15
41
10
5
15
7
26
20
14
11
14
6
20
14
13
21
11
11
36
17
22
23
21
34
9
22
22
13
17
24
26
26
29
21
13
14
15
22
18
6
16
24
8
10
18
15
11
14
13
18
16
9
19
23
4
6
20
28
15
12
12
27
15
11
16
19
17
13
14
33
9
23
7
14
19
20
22
13
17
14
20
16
19
15
10
16
14
18
10
20
18
7
15
18
18
25
14
16
19
9
25
8
16
17
18
20
10
14
15
14
13
10
7
11
11
10
12
13
12
15
13
9
20
12
20
16
19
13
22
20
20
17
18
11
21
11
18
17
15
13
14
9
9
16
16
