270 276 324 463
133 223 344 502 771 811
192 613
24 53 61 160 173 213 307 751 783
36 111 837 880
53 105 173 176 357 503 778
34 289 516 539
247 649
261 280 384
5 10 174 222 346 572
50 94 162 287 441 490
11 21
72 352 427 536
70 611 938
16 152 251 428 474 566
94 204 346 492 595 880
205 261
110 281
84 394 948
236 286 317 637
174 240 401 928
113 953
18 126 307 345 791
91 105 464 568 936
4 194
26 207 211 349 869
8 54 119 227 275
2 88 97 125 135 177 268 335 347 473
45 665
4 136 285 604 790
265 320 438
1 135 320
334 960
30 33 45 394 581 592 610 698
133 207 371 459 576 846
11 821 907
9 143 408
4 285 461 508 772
28 73 128 940
148 334 527 968
264 317 465
30 437 506 676 798 922
24 296
3 36 101 179 203 324 577 729
19 76 298 312
2 229 328 347 859
61 351 578 614
3 21 25 69 150 164 362 541 716 890
48 67 291
55 81 156 185 283 287 298
67 148 155 334 480 610 989
17 38 44 416 444 522 844 913
284 817
55 78 284
6 59 81 104 125 130 227 287
528 888
86 302 454 895
620 949
61 68 105 280 563 614
86 210 302 358 460 463
34 72 160 237 639 742 821 848
121 166
9 47 170 393
43 246 336 760
12 13
122 877
60 147
63 115 228 673 741 753 896 982 990
36 203
7 29 79 144 429 756 985
733 929
25 30 33 392
337 860 974
573 638
3 316 703
1 29 79 134 168 883 950 966 971
255 306 391
38 160 556 736
558 764
71 103 136 206 209 431 666 758
262 395 405 418 735
91 980
182 407
234 692 866
76 407
156 197 889
20 65 271 438 525
6 14 104 251 509
127 252 946
538 591
325 994
30 440
59 196 254 714 899 917
73 89 143
53 120 748 936
78 163 178 272 640
72 477 489 578
7 42 168 344
155 537
12 351 443
3 10 138 158 336 373 627 850 958
16 25 96
20 863
92 580
185 272
90 133 353 630 644 979
1 74 111 468 966
76 121 757
20 178 300
32 55 78 106 112 118 380 656 741 830
106 732
122 591
2 17 38 90 818
17 38 116 410 670 692 919
78 316 413 801 885 943
21 40
43 46 144
14 45 124 163 311 348 971
123 357
31 49 196 276 303 903 917 993
28 30 68 205 579 779
63 588 601 829
4 13 31 164 169 194 239 300 689
143 221
140 468
46 83 86 175 302 458 556 602
21 22 30 73 177 305 430 512 525
1 15 507 520 618 703
21 545 839
14 41 56 172 943
2 582
40 241 476
91 144 180 452
26 291
31 55 72 84 197 199 310 348 534 918
36 54 227 568
21 592 632 676
137 655
41 965
4 40 71 500 667 731
261 402 862 925
24 139 422 449 515 549 919
386 777
56 100 535 573 690
422 599 602
231 263 280 499 580 674 764
109 682 826
15 197 216 397 520
133 211 353 451 615 624 672
56 186 203 463
90 191 259 345
8 11 54 59 681 711 789
411 799
89 564 629 908
2 634 812
3 10 101 111 131 134 250 349 389 959
55 237 263 530 654
5 15 29 42 66 323 368 438 699 840
31 239 248 254 282 399 579 845 935
62 67
47 51
58 69 846 856
9 221 408 421
4 52 71 149 759 902
37 554
7 122 883
14 113 897
19 35 983
37 869
191 861
14 233
827 841
38 117 504
24 174 488 891
120 215 280 325 381 419 441 559 805 904
30 41 253 765
51 136 166 847 875 931
71 624 807
21 30 592
192 214 473
61 68 87 215 248 443 755 798 855 994
34 40
14 128 255
714 935
23 49
37 118 342
229 232 377 519 551 777 782 875
210 599 909
8 139 142 358 620 949
122 390 949
30 33
163 603 749
17 18 129 172 266 596 957
524 906
433 559 560 775 787 835
28 223 247 366 959
129 616
63 100
18 952
125 278 339 698
198 414
7 19 98 206 242 298 404 484 675 992
33 60 126 384 664 756
468 626 703 881
81 176 197 199 231 381 482
6 231 471 764 773
396 439 440 819
15 28 131 133 236 570 719
47 51 121 472
42 93 111 182 250 256 307 538
10 533
15 29 42 101 660
290 512
193 318 398 831
69 93 504 722 733 784 824 826
12 13 279 383
12 23 49 113 123 181 183 259
541 954
18 53 88 183 259 306 444
116 218 401 914
6 10 145 373 565 773
53 402 721
31 61 109 258 300 370 389
15 23 29 79 134 140 153 337 768 950
54 270 774
12 319
56 434
25 243
321 415
2 178 301 355
28 32 57 84 204 238 566 617 650
857 862
207 377 635
16 102 148 400 527
30 164 269 948
11 57 145 287
65 567
34 212
371 672 924
12 18 149 172 214 267 272 625 744
5 20 25 96 200 226 320 512 658
5 73 874
8 38 59 90 783 879
8 47
18 175
26 40 436 498 708
35 80 118 191 277 836 843
16 102 147 152 170 195 314 415 933
5 6 20 287
22 137 245 574 751
51 342
43 46 83 95 220 305 355 927
5 20
2 3 66 178 200
112 274 295 446 499 595 770 815
3 6 77 135 222 358 530 534 654 848
218 401 433 434 436 515 550 559 891
13 70 123 124 234 611 633 655
2 35 88 98 386 976
32 72
7 60 69 107 229 445 548 621 671 955
121 219 931
23 49 60 300 303 646
4 19 298 593
186 330
2 58 100 155 538
1 18 29 186 249 284 374 495
101 270
9 76
7 407
19 22 188 427 885
1 47 51 59 166 219 558 757 966
44 94 165 181 461 651 834
13 366 624
66 142
44 104 939
118 331 354 554 929
55 63 165 586 612 754 996
28 672 686 811
41 128 195 369 564
50 58 456
73 99 116 180 186 296 330 334 930
117 118 331
44 60 83 414 690 853 932
122 250 660 916
61 154
81 167
23 288
269 716
9 76 95 220 600
148 155
13 915
9 221
12 114 126 235 438 464 658 861
57 156 185 231 281 695 817
5 35 65 271 417 511 554 870 900
91 144 181 246 565 990
110 111 208 250 260 384
522 648 901
4 13 257
276 941
669 812 946
3 70
381 763
127 217
61 325
480 762 766 985
341 805
20 65 85 159
13 23 31 95 196 198 212 429 894 953
108 127 309 613 884
10 69 87 107 179 445 533
52 283 942
154 204 450 481 770
25 98 230 243 619 794
45 458
44 96 181 243 249 372 456 605 624 625
552 789 814 879
95 958
57 156 167 222 788 939
190 391
82 571 586 972
58 137 165
29 100 173 218 560 724
12 13 114 161 163 176 319
42 141 170 251 747
167 404 410 667
8 789
62 64
3 533 774
69 200 512
19 136 249 266 472 700 791
696 792
24 82 118 354 401 549 942
175 193 491
39 717 821
15 108
120 579
5 65 268
10 279 480 537
58 70 152 311 606
367 403
98 254 270 361 725
3 5 10 36 65 93 270 343
165 295 347 427 575 594 851
71 292 854 910
60 137
363 607
303 999
67 416
10 88 119
2 26 27 39 75 88 123 213 332 352
16 76 221 431 708 790 812 823 976
4 136 257 404 902
330 433 914
64 264 289 365 876 979
67 182 419 494 508 630
22 89 102 662 786
376 726
178 688 874
34 223 349 502
21 49 169 211 437 884 999
8 106 409 421 583 597
11 80 802 853
38 80 126 160 360 385 744 915 934
263 363 569 607
2 84 466
16 22 36 69 102 423 499 687 808 864
54 59 119 126 379 444
5 20 66 242 265 271 301
45 46 184 253 320 760
15 42 74
239 294
9 500
36 37 93 101 417 478
33 362
53 61 568
206 350
199 695
649 973
10 912
105 248 411
22 94 125 165 395
4 19 48 103 161 209 426
66 200
34 109 267 742 751
75 267
19 52 185 244 322 543 677
39 513 521
19 149 209 340
7 260 972
117 132 521 549 826
112 380
49 133 196
80 548
16 89
120 171 205 318 721 778
82 118 795
199 310 364 477 590 830
37 69 331 504 549 563 679 733 957
5 10 49 67 367 593 860
81 108 127 199 217 309 312 664
210 447
32 145 237 817
2 98 816 892 992
32 401
93 138 139 175 210
32 432 773
157 569
73 142 178 265
16 89 314 584 586 646 864
17 88 347 634
43 105 120 158 357 691 922 997
35 82 137 486 542
358 510
150 216 410 419 479 507 547
3 245 288 359
67 97
55 106 765
345 598
94 295
255 259 844 995
444 616
18 129 385 720
66 268
6 27 39 40 75 77 337
26 27 30 131 222 290 531 539 666 724
29 53 154 192 579 660 748 873
2 39 180 187 530 816
14 58 124 587 905 959
13 91 123 144 319 383 991
19 52 298 313 398 555 731 746 799 820
137 822 832
76 258 282
44 79 249 300
60 147 198 273 505 621 622 987
28 366 371
11 57 72 84 106 167 310 572 623
27 146 241 465
12 13 429 861
159 801 995
31 130 328 872
60 853
13 91 163
24 123 163 452
4 17 103 182 385 414
4 22 68 224 305 380 449 545
86 137 447 606
44 135 488 897
1 232 688
8 227
203 955
26 34 628 948 981
18 61 68 318 540 603 862
40 75 77 365 513 683
19 392 506 744 756 839 883
6 11 78 104 206 222 250 683 964
25 149 530
153 415 824
364 913
108 217
17 24 359
4 7 99 168 219 340 474 708
246 561 665
176 680 705
26 39 67 77 149 521 552 746 759
53 351 411 418 437
33 51 396
22 25 63 96 115 153 346 418 446 954
9 925
38 113 140
53 68 194 261 402 491 540 820 905 994
175 279 457
60 233 690 932
9 52
38 52 103 150 203 362 555 905
27 34 97 212 241 337 715
22 63 115 235 238 918
234 967
127 308
72 144 163 329
61 248
3 925
142 178 291 315 341
23 170 223 719
159 375
6 8 72 78 222 471 590 597 765
45 246
75 264 589 666
1 208 517
53 120 338 421 682 857 988
28 344
145 284
291 779
33 150 269 610 628 636
58 311 906
31 46 58 169 171 336
189 321 394 464
481 635 719
13 72 352 732
191 844
101 276 389 425 577 729 977
141 565
5 73 226
3 10
14 50
14 209 217 233 245 253 297 709 731
86 458
294 917
22 201 262 295 322 339 423 612
164 254 258 398 399 443 451 825
10 478
195 251 359
299 380
26 62 77 161 341 531 792 813
68 120 173 318
86 98 164 210 422 510 961
150 610
115 586 645
22 48 63 201 235 412 418 425
42 507 508
1 15 122 208 459
128 153
62 77 361 868
43 46 83 154 184 188 454 617 691 850
14 141 645
38 129 183 625
85 359 651
27 151 267
278 299
17 199 374 648
35 61 265 325 338 664 787
41 70 308 309
13 91 141 144 967
16 252 687 866
217 308
471 732
274 360 423
2 130 135 187 327 519 836
20 57 167 176 482 558
947 988
226 282 315 355
8 332
48 286 337 466 589 724 747
57 84
2 108 188 204 228 278 339 388 442
92 529 793
5 73 177 208 226 257 593 669
23 31 49 629
293 697
2 25 255 605 632 723 818
23 147 414 689
52 410
60 80 172
25 300 370
35 455
192 505 548
177 290 525
48 75 146 341 420 465
125 645 986
11 145 263 281 435 557 639 705 763
366 828
14 50 58 71 145 297 574
9 17 28 76 183 221 430 500 546 982
103 206
24 56 470
33 819
39 498
189 225 543 902
362 439 544
20 226 271
37 117 132 147 162 370 554 679
92 617 627
244 292
75 442 588 649 704
32 81 629 729
14 41
916 975
16 89 170 251 865
23 29 31 133 161 366 973 993
257 285 410
36 69 101 266 304 407 457 945 983
159 345
27 62
26 27 416 728
59 81 119 263 272 400 480 643
25 33 96 532 541 819
12 45 246 348 429 561 745
360 863
24 223 277 515 550 920
1 495
14 16 47 99 152 831
626 768 898
17 43 85 184
110 157 252 740 872
15 131 187 323 647 688 803 881
112 125
24 56 100 109 215 384 559 563 857 891
99 103 292 327
86 139 302 510
58 462
112 211 223 484
21 164 305 544
28 349 353 377
38 471 995
6 11
96 570
154 275 326
41 45 50 753
8 54 168
6 119
10 36 42 107 374 379
12 55
104 145 148 155 475 528 776
34 48 161 406 420 426 710 898 904
115 388
36 101 228 240 487
45 171 230 348
139 458 620
17 52 113 257 268 598 675 854
80 147 387 780 987
243 372
27 30 146 224 636 713 782 962
11 34 40 161 518 711 871 904
11 907
387 963 984
126 143 214 408 500 616 823
6 32 167 199 409 553 578 855
47 931
160 172 214 374
2 9 54 143 221 600 686 840
3 65 138 179 241 242 525 577 668 941
82 117 132 609
47 67 99 121 166
45 74 182 216 256 561 772 888 985
1 7 39 89 168 671 725
42 74 79 140 479 547 706 739 967 978
8 227 246 814 887
169 213 441 493 513 592 715
117 132 288 417 514 886
43 46 92 376 385 598
110 363 712
68 193 501 702
327 328
146 537
11 23 413 424 553 935 969
20 142 161 474
37 60 147 319 595 621 622 734 963 987
23 31
31 779
186 550
69 203 445 457 516 541 722 800 945
9 101 128 546 867
31 49 68 105 303 313 411 653 681 882
79 182 234
15 187
38 116 129 159 430 470 494 647 921
489 583
157 252 607 642 692 718 872
57 106 109 159 466
1 19 78 144 234 397 790 916
63 83 95 357 829
51 382
174 730 775
20 66
6 81 84
34 40 97 264 441 797 899
80 273
194 854
4 52 136 225 350
32 81 104 106 145
484 833
198 273
70 83 95 138 220 336 928
10 41 44 58 61 124 233 524
204 423
35 43 132
17 40 75 146 173 367 436 876
169 370 969 999
12 89
158 184 951
16 553 865
289 981
66 73 320 342 593 631 769
11 27 84 197 369 435 553 578 597 709
103 431 476
1 7 15 168 250 618
706 707
207 371 452 570 630 635 644 856 937
24 87 104 174 373 399 657 730 887
26 68 116 120 486 539 696
50 162 305 564 584
47 76 143 776
321 354 356 526 869
17 24 172 225 302 413 433 604
138 627
33 49 82 116 177 277 342 455 661 900
176 482
51 121
30 355
27 40 124 202 267 286 333 589 909
151 208 373 459 626 727 739
10 61 136 313 324 706 797 911
146 202 416
4 87 114 136 141 160 163 350 514
749 915 991
44 207 615
4 149
14 140 192 253 323 473 868
154 274 275 388 735 880
116 601
468 761
5 22 100 238 244 346 362 395 852
11 57 130 232
188 235
8 19 59 96 119 189 547 552 619
11 58 113 233 245 253 297 432
36 157
352 369 783
256 494 743
604 983
1 11 106 109 156 557 674 788
150 961
280 491
133 294 503 825
383 582 749
240 330
17 18 21 38 85 90 151 767
84 94 211 281 435 608 680 811 848 937
93 279 304 316 425 697 911
102 997
35 54 814 818
254 969
602 895
54 59 132 531 655 912
48 80 273 368 387 802 806 810 894
422 599
6 448 477 509 653 680 738
41 293 311 890
804 898
193 211 568
129 472
155 400 527 791 888
843 858
195 361
29 51 676
79 134 768
3 26 34 48 67 596
26 575 923
340 476
100 218 434 449 601
569 642
112 152 427 725 1000
1 122 131 140 151
384 831
8 38 126 129 214 379 616 720 809 953
148 180 523
50 124 331
134 975
114 169 196 282
148 400 767
147 198 327 414 620 932
80 269 622 734
11 188 201 412
94 206
752 882
150 581
64 97 264
12 18 181 205 257 820 847
71 244
37 50 124 606 745
39 67 202 241 335
581 804
200 368
46 225 238 405 442 807 895 928
11 145
53 173 205 325 614
93 382
102 393
30 224
32 55 167 548 780 984
84 378 482
2 4 37 189 229 424 555 737
82 259 359 897
3 10 41 191 677 977
186 659
40 48 62 64 493
51 892
56 573 920
8 20 142 162 308 542 912
20 271
80 387
74 129 183 230 281 538 957
13 29 48 64 989
11 24 56 98 126 240 638 659
70 110 301 845
43 171 425
113 970
299 405 483 594 923 979
5 14 70 137 271 485
2 488
21 33 47 164 544
1 7 111 151 182 618 694 707
2 130 135 184 232 328 386 405 691
212 728
190 933
21 33 45 437 802 890
61 105 173 398 443 501 503 721
585 657
19 139 189
27 208 419 766
22 595
98 135
7 113 179 460 727 933
53 60 901 903
51 121 194 283 475 685 859
781 887
10 247 481 562 704 771 833
296 700
14 50 56 63 115 179 297 329 446 796
4 350 513
502 644
50 150 440 628 767
4 188 395 412 450 498
62 521
258 282
9 489 546
475 529
12 21 633
1 12 13 41 162 319 606 796 906
125 262 388 754
237 406 507 539 944
102 391 467
68 205 248 496 742 748 825 841
28 236
23 679
55 650 842
56 100 341 601 638
24 248 338
39 875
39 46 64 77 174 230 637
20 24 87 296 378
307 598 726
15 878
232 755 830
21 47 51 76 99 219 269 453
19 94
85 159 307
11 18 82 85 183 374 375 576 585 675
2 130 488 582
141 180 327 379 383 603
78 448 650
2 103 328 519 641
201 442
792 938 989
9 64 94 596 815 852
4 119 339 364 643 766
157 363 607 740
45 302
48 75 267
34 77 291 420 685 805
21 65 85 214 224 534
54 71 681
7 866
47 270 460 577 800
29 699
107 154 361
50 137 245 297 697
20 80 174 728 810 998
486 886
149 543
74 190 390 694
6 32 776
335 974
34 40 48 286 544 717
16 75 170 277 321 908
23 370 528
8 46 54 227 284 332 391 526 552 590
43 138 951
53 64 105 261
652 795
8 25 37 52 54 82 332 574
81 272 409
74 403 426 713
13 71 225 464 667
1 7 85 520
79 111 131 387 501 777 877
192 256 473 877
41 71
4 283 942
7 127 151 494 927
57 409 623 855 889
202 232 329 452 565
104 477 580 583
99 219 892
335 406 426
391 723
264 278 493
83 143 600 829
5 20 142 315 797
98 634 684
31 239 663 836
3 91 179 203 516 701 743
44 159 413
7 62 128 397 978
28 924
501 540
35 356 424 514 526
571 609 886 929
392 506
76 97 233 546 581 993
10 784
115 254 282 399 689
5 142 288 331 343 455
162 485 542 845
29 72 84 197 738
669 956
15 74
15 42 111
102 128 255 306 315 321 684 822
13 849
47 65 368 874
62 64 806
67 403 871 944
472 803
17 44 214 266 375 858
11 57 73 81 352 381 557 583
1 29 208 216
108 285 946
149 574 796
1 7 51 134 407 495 758
6 228 274
6 585 656 737 738
46 138 158 184 220
30 33 77 193 286 392 416 439 632 804
26 55 406
290 301
21 26 27 146 213 394 396 498 710 715
3 21 107 224 596
66 158
87 470 930 996
16 153 190 314 393 428 822
12 141 340 920
41 50 70 233 485
14 35 39 41 107 542 562 587 710 965
3 10 88 279 808
8 59
103 149 194 209 273 285 292 354 543 633
228 499 918
139 256 323 739
93 958
27 109 166 173 205 224 420 421 496
7 60 469 490 613
66 109 193 451 798
12 13 99 114 329 757
7 32 50 124 140 151 168 555 785
16 89 90 132 190 249 662 747 934
570 937 977
117 455
7 79
35 82 165 274 288 342 356 486 504 640
2 55 89 187 232 435 497 536 572 709
72 529 534 557 590
1 52 74 134 231 285 707 743 807
3 495 671
69 373 533
8 59 93 119
3 36 97 100 116 487 535 730 955
262 360
70 245 785
547 761
94 322 523 588 986
62 64 202 403 750
123 582
12 623
309 312 750 956
51 99 235 275 594
17 18 413 913 934
45 561
43 55 83 92 184 216 497
50 118 139 210 215 422 447 599 909
41 174 296 515 560 670 835 965
19 52 119 183 332 778 964
9 23
83 95 138 220
1 40 48 70 212 465 551 813
20 32 84 268 343 355 491 602 998
24 113
12 215 280 716 873
54 59 663
18 90 102 364 456 726 940
30 57 150 193 215 351 439 505 873
110 236
16 30 269 314 396 467 545
29 411 951
11 78 653 678
42 168 390
33 734 962
8 36 93 453
3 386 816
45 699
22 201 450 704
68 318 563
4 71 206 209 244 283 758 988
9 143 260 277 424
83 92
96 230
165 188 412
48 62 105 152 436 684
489 964
5 65
260 737
372 794
2 130
44 85 160 181 307 376
204 926
345 375
78 621 659 674 984
19 636 961
215 936
95 158
275 483 896 923
118 132 354 661
5 200 367 567 701
13 91 490 980
235 698
109 421 451 714
36 762
532 605
5 7 177 453
11 127 176
334 537 643
37 260 947
22 165 242 326 828 882
153 255
35 52 118 356 446 652
4 434 461
6 32 104 156
78 104 106 185 580 763
23 49 609
39 100 240 304 378 470 832
42 121 219
9 43 754
5 177
58 448 785
394 440
2 229 992
115 228
37 44 90 239 1000
109 143 171 261 911
176 344 369 509
31 169 196 294 303 838
7 18 79 181 376 720 727 809
268 290
157 252 286 313 363 718
73 195 226
92 95
240 535 839 914
23 31 134 239 258
53 682 799
171 755
17 90 266 885
28 33 506 865
843 870
295 326 376 388
73 135 187 229 386 658
15 18 44 191 430
33 365
405 575 673
96 236 484
88 782
97 317
179 279 316
46 158 184 220 336
237 651 849
4 431
14 524
6 23 185 197 237 529 605 611 921
194 487 556
3 276 304 382 867
43 46
18 625 803
1 42 74 151
32 71 189 536 849
27 34 39 77 97 291 335 540 589
33 278 305
259 809
19 702
36 304 389 453 457 808
128 564
107 462 556
49 196 294
38 113
6 237 263 558 623 639 705 788
20 301 351
28 221 344 481 893
43 454
53 110 157 642 740
49 64 365 377 615 973
21 30 108 131 224
2 10 101 361 393 519 976
6 185
16 837
42 517
21 87 108 217 308 309 378
19 117 209 511
1 29 83 92 419 694
9 25 71 287 292 759 842 893
16 153 213 317 474
576 608
404 702
11 55
249 648
22 63 112 148 262 326 415 527 752 876
5 66 80 147 177 178 343 460
16 139 175 358 447
13 114 141 144 180 207 879 910 960
123 146 899 944
56 186
4 193 641 947
1 15 25 192 218 687 908
105 171 313
26 493 750
15 122 140 141 180 182 390 856 962
3 10 36 69 324 784
290 404 746
15 108 131 216 333 878
18 647
6 640 678
1 397 618 668 717 881
188 612
392 545
108 927
3 101 945
226 301
806 860
333 761
333 479 522
17 379
114 469
293 524
217 309 312
9 614
98 130
155 827 960
238 450
25 56 87 116 131 162 207 218 449 600
47 166
88 187
303 903
3 212 516 800 996
99 130 187 189 485 859
6 8 27 81 272 299 381
5 65 265 367 402 998
110 146 252
31 49 169 663 838
9 858 884
5 368
25 492 696 926 986
47 219
136 156 626
59 293
28 88 236 247 281 432
59 60 66 505 780
47 99 134 198 234 397 685 772 975
35 562
28 36 236
5 43 95 567
154 204 275
120 496
4 247 461 641 938
31 49
102 190 864
94 893
8 54
18 191
311 364 400 528 801 952
17 736 870
1 83 92 95
10 152 170 251 389 428 463 478 712 997
37 82 117 132 511 562 571 631
46 148 357 617
45 122 348 518 990
12 13 120 385 700 827 919
7 333 517 950
46 171 503
1 192 256 408
5 32 231 284 310 409 631 657
330 787 921
79 133 518 576 833 846 878 954
6 110 185 907
87 152 296
322 346 693
26 40 289 420
42 140 520
38 85 375 497 952
8 227 665 781
86 158 210 220 922
14 70
298 910
17 22 44 266 418 483 575 926 939
43 92 781
44 181
70 86 253 462 510 745
276 762
155 968
27 213
201 262 339 395 982
86 175
29 42 74 459 722
127 956
68 157 718
26 75 289
14 195 428 535 566 723
7 74 234 323
110 353
25 243 532
14 65
6 32 167 222 369 396 497 509
179 478 487 677
20 33 115 201 412 588 851
65 216 390 591
29 111
138 218
467 566
58 297 462
258 399
1 4 19 189 353 476 573 613 847
56 87
9 52 76 840
22 51 63 121 166 584 752
26 39 64 72 77 97 212 551 842 868
34 67 398 569 981
17 126 172 736 834
88 347
475 536 656 683
57 448 466 711 889 970
15 54 91 123 469 603 701
9 851
107 712 941
19 40 52 112 175 186 225 322 793
64 97
160 456
89 393
6 678
247 377 502 771 968
114 383
12 23 841
12 114 242 490 587
25 48 230 372 551
693 760
22 115 299 326 380 492 523 594 673 896
32 183 283 974 1000
18 85 970
27 62 161 202 213 531 713 813
22 24 125 190 467 479 823 838
28 223 260 277 288 514 608 670 924
16 306 415
29 517 668
56 79 978
35 37 82 356 417 609
5 20 66 242 265 315 343 522 769 770
39 123
231 445 597
293 611
608 828
34 39 48 317 406 496 572 637 815
112 523
2 98
198 622
13 18 90 103 180 243 604 619 794
25 96 372
35 37 526 654
57 78 156 310 432 585
9 17 90 172 293 408
16 128 170 195 662 824
37 571
1 2 127 151 308 312
15 508
16 26 34 306 615 786 837
92 454 850
135 274 584
106 695
417 511
12 114
96 230 532 619
14 125 200 278 299 371 612 735 741 863
225 244
202 241
153 190 786
9 14 124 402
238 403 871
112 378 852
3 338
121 166 329 991
63 228 295 492 793 835
550 930
35 37 652 661 795 810 900 972
2 229
28 518
45 693
273 894 963
8 15 50 971
7 75 77
46 119
21 27 294 365
107 382
41 162 587
4 62 292 306 314 340 769 832
15 122 483 591
560 775
3 93 142 316 338 567 774 834 867 940
63 235 901
111 164 350
191 943
10 24 69 86 107 117 304 324 382 686
24 87 100 116 129 289
28 38 211 349
91 469 980
360 646 753
