58 194 457
341 758
109 639
11 62 218 460 794
754 816
131 153 358 894
20 87 251
10 363 463
67 400
564 910
74 885
716 743
54 447 791 865
133 194 271 399 443 466 609 787
137 505
251 660
115 558
141 382
30 179 477 755 965
11 47
4 70 223 351 364
197 367
7 67 173 236 311 349
29 95 110 397
12 27 331 638 922
35 281 318 979
381 403
3 127
53 64 388
22 536 1000
131 168 282 530
112 200 270 486
166 183 187 340
10 20 45 373 813 920
26 28 355 846
298 909
3 767
126 612
13 22 37 70 806
207 248 282
78 146 148 443 506 604
5 50 189 220 233
11 293
222 601
159 747 843
15 36 53 463 613
21 420
17 32 35 95 247 665
2 154 595
40 77 187 278
121 712
70 202 459 496
54 149 559 847 880 889
277 627
110 980
149 237
24 640 733 784
298 449
219 321
21 80 333 592
418 598
8 61 469 983
24 81 115 280 532 541
64 554 640
121 156 215 232 396 514 543
13 24 99 685 905
2 25 64 145 300 347 515
52 57 77 100 437 998
800 934
214 352 995
120 392 454
32 94 544
213 254
8 424
8 95 250 904 977
45 165 242 314 450
28 737
72 835
31 102 303
95 125 274 914
9 881 890
47 56 135 503 788
60 370 766
360 409
10 20 132 243 266 842
8 17
157 170 244 604 836
1 18 116 414 524
102 357 957
93 105
17 44 61
35 582
13 136 156 208
297 360
22 54 331 756 847 891 992
11 129 369
19 324 521 761
44 300
190 419
49 68 650
128 222
16 49 146 178 744
49 111
179 526
224 495
61 79 92 116 285 338 502 933
15 159 340 380 677
264 631 969 996
48 169
25 158 195
80 952
62 229 371
119 237
10 34 53 491 829
72 319
10 96 777
154 376
279 851
328 578
131 167 300
20 491 813
3 150 184 415
153 168
44 292 317
66 635
69 95 247
31 249
20 82 255 829
148 335
376 531
105 205
2 465 653 759
8 61 223 763
15 563
28 74 333 778
115 179
136 393
37 209 958
59 178 296 807
79 169
91 109 773
79 461 678
377 420
83 124
68 574
175 214 579
226 227 960
87 162 314 587 732
4 79 478 795
75 596 610 997
84 372 451
13 541
549 692
645 717
14 29 345
17 32 290 843
23 61 286
261 514
30 356 421 477 542 812
20 228
31 75 131 358 481
28 413
7 76 183 294 456 845
34 222 287 675 883
90 165 347 579
167 292 545
15 56
295 638
164 195
28 97 181 248 253 834
13 564
78 232 750
124 793
67 267 632
44 221 592
135 253 884
417 768
165 557
104 978
5 68 111 142 322 355 537 619 859
281 386
81 585
31 765
157 738
43 94 982
229 392
65 164 184
252 444 614
45 380
144 800
20 138 176
12 866
37 99
82 132
139 522
5 204 262
7 16 257 429
164 789
21 61
6 182 212 715 792
228 289
11 277 451 655 938
1 67 68 75 203 322 632
371 426 716
11 19
195 486 773
245 779
7 423 601
29 65 282 528
19 88 125 285 297 507 538 815
113 769
110 247
100 158 186 629 936
73 403
212 814
53 85 132 184 527 573 660 777
69 159
81 327 840
25 114 579
1 59 305 581
99 133 784
771 916
48 519 725
15 135
354 494
536 852
25 588 748 941
33 291 954
9 200 683 786
50 203 526 571 994
122 135
463 500 776
3 39
95 110 171 407 475 885 946
28 45 71 145 373 414 436
57 206
273 448 526 605 706
547 970
95 107 260 789
101 166 529 941
29 192
360 673
101 560 624
23 63 86 123 442 486 562
10 53 407 760 977
16 670 923
47 78 124 666 682 868
8 88 106 153 460
111 178
141 578
71 365
16 157 296
886 930
18 235
63 125 190 211 309 676 787
54 138
220 272 499 888
565 962
70 182
16 49
33 118 256 325 735
149 294 854
2 44 55 221 688
114 929
61 144 224 225
263 981
30 56 208 446 471 542
94 402
63 772
4 305 858
98 241 764
14 194 386 387
16 581
103 125 368 575
169 221 390 498
161 262
40 480 483
12 233 708
66 230
73 591
83 124 677
38 108 207 997
47 622 874 900
35 989
11 369 451 870
78 232 833
402 998
215 261 712
104 210 375 603
26 212 561
217 461 476
26 208 823
713 792
24 83 133 488
36 243
149 239
126 556 609
69 144
52 139 342
183 252 907
23 66
35 442
277 517 570 612 707 855
144 566
22 123 143 539
88 125 892
207 940
39 281 408 899
100 147 897
21 666 700
42 394 796 912
75 198 267
19 30 34 111 594 670 820
158 883
154 184 302
75 216 267 872
12 19 34 808 922
120 226 986
7 178
99 733
7 16 68 142 335 349 848
11 938
23 107
13 24 80 172 374 576 952
47 54
657 783 809 943
49 199 359 427 519 735 860
10 705
167 365 528
20 184 210 831
58 291 956
29 118 298 427 457 984
111 257 404
165 759
62 149 275 936
22 328
353 401 971
35 103 502
43 163 200 345 881 951
27 161 233 726 976 995
34 63 210 375 412 494
12 393 410 992
231 241
6 57 198 324 839
383 931
238 272
63 194 422 707 844
127 162
441 635
38 85 124 132 193 207 867
16 24 487
25 90 348 535
43 51 82 97 314 717
350 497
84 348
58 271
116 174 684 971
43 496
11 518 869 870
185 810
617 953
9 50 152 423 539 583
21 94 333 402
265 416 476
17 582
10 87
2 167
367 614 765
238 838
19 295 820
302 320 422
9 91 176 530 559
59 589 599
45 109 164 205 626
273 350
1 409
180 201
35 551
21 160 206 509
178 322 501
7 59 160 296 628
2 55 454
12 342
4 217 550 935
92 224
29 370 382 422
331 795
18 839
45 450 931
50 466
18 221 367 547
79 166
145 217 615 802 935
118 844
3 65
73 169 519 697 708
45 436 444 831 908
33 40 52 723 817 999
33 154 439
113 191
218 348
7 16 185 245 458 537 878
34 236
378 797
83 553 664 703
48 74 79 520
119 237 275 389 493 575 762
85 87
10 53
117 428
87 777
33 320
36 343
100 552
7 16 226 311 621
117 820
2 44 545
26 28 181 355
96 373 956
240 516
102 312 357 525
77 580
266 590
379 847
1 174
62 575
244 316
26 284
7 806
17 27 310
20 45 96 920
54 276 375 512 772 810
23 38 193 319 390 616
3 242
160 339 906
198 557 739
14 278 422
7 79 148
8 17 32 92 507
140 243 258 671
4 14 954
5 84 151 299 655
46 401
175 272 588 781
118 371 895
19 783
32 131 642
39 155
302 453 477 894 915
33 194
36 137
175 241 253
71 127 162 174 305
7 165
7 254 316 654
46 66 353 441 649 773
152 602
17 69 130 260 469 586 985
1 16 25 432 447 535 838 920
113 319 694
81 91 105 107 123 264 394 861
70 328 361 506 903
492 945
157 222 229 285 405 674
25 61 106 290 309 815 856
3 279
10 75
51 62 118 324 738
145 303 951
10 719 721
2 637
147 887 913
30 32
10 94 154 495 582 630 663
138 216 282 484 543
38 108 312 706
4 97 323
281 899
6 324 549
33 154 240 298 882
386 397 505 822
41 242 388 520 567
2 44 55 221 686
2 26 55 637
62 141 766
206 814
146 992
49 178
47 655
74 134
21 29 517
88 92
140 191 597
254 673
56 737
2 547 643 672 877
117 521
8 44 55 753
667 720
470 555 585 912
77 158 275
23 42 86 191 939
17 35 957
35 92
36 590
29 359
2 41 44 55 221 464 725 921
213 218 299 673
55 283 545
120 392
46 71 162 303
43 51 72 94 151 377 581
8 14 103 144
45 388
5 46 122 300 704
43 51 202 713
153 168 647
53 184
14 29 67 276 282 318 387 400 439
39 230
182 332
15 28 235
42 338
73 893
117 295
241 696 849 947
89 695
12 23 34
6 21
1 155
91 93 105 164 897
835 969
370 554 687
168 267
17 334
151 574
113 140 258 280 596
216 448
21 170
93 143
32 61 102 250 273 312 525
78 536
220 329 535
13 733
128 619
24 867
42 55 113 728
15 413 421
2 138 616
227 392
379 990
18 45 96 176
11 129
49 68 203 330 405 806
78 797
496 645
247 304 591
214 568
52 139 233 239
7 429 479 501
13 339
65 126 556
3 19 27 876
689 887
15 102
284 563
326 804
9 112 200
97 182 717
2 158
171 500
76 92 398 575 636 770
13 958
40 186 214 435 480
589 622 759
5 299 606
3 987
10 378 627
192 196 714 913
89 199 476 731
263 481
128 855
23 634
3 876
11 22 78 232 261
38 193 537
54 379
656 670
25 31 90 114 288 313 524
52 522
38 193 306 374 459
211 696
10 415
539 683 785
4 79 591
4 78
20 150 197 242 289 950
503 778
21 28
186 278
94 337
256 966
1 774
77 883
237 663
81 223
102 142 350 678
50 175 646 724
9 86 137 431 583 967
122 152 662
42 81 394
25 114 175 344 679
41 824 993
66 230 835
42 113 271 344 470 555 681
18 41 72 185 824
103 452
11 451
47 335
63 81 772
221 964
6 222
380 793 826
196 376 984
3 41 398 917 967
48 199 489 534 890
88 321 443 478
15 26 48
196 362
9 52
26 181
20 25 150 228 242 630
12 41 46 546 824
39 303
254 680
91 112 264 540 593 659 736
52 139 544
141 376
34 911
56 156 232
147 649 704
13 36 133 352 877
67 77 872
617 853
460 991
46 918
38 207 341
634 693
48 79
23 215 944
27 90 236 499
23 465 810
23 286 317 432
5 360
17 85 657 732
1 116 127 142 145 174 197 684 951
35 60 69 378 879
13 599 611 968
33 51 64 382
275 294 431
64 351
76 105 109 172 366 974
1 155 174
43 462
23 47
32 153 610 757
14 154 179 252 268 308 320 802 841
31 107 886
16 34
127 133 183 244 807
6 530
67 131 173 632 857
111 170 316 404 601
378 398 636 698
93 105 107 109 260 263 406 492
6 57 234 863
197 651
4 82 132 440
30 44 672
10 124
38 108 729
63 397
51 202 790
177 192 248
11 84 400 647
96 219 711 794 991
48 828
7 12 47 508 932 933
52 72 152 862 969
121 396
109 423
129 277 369
180 270 314 472 520 719 908
9 123
47 155 446 900 932
162 385
161 239
65 70 126
97 745
357 858
1 785
23 86
39 79 695
6 159 161 169 189 534
50 146
381 720 756
15 28 59 110 135 180 442 500 927
59 183 322 404
4 199 265
73 89 93 440 529 709 873
40 186
13 23 112
68 366 743 974
14 825
27 236
13 83 428
14 514 864
190 387
303 935
3 72 170 631 876
47 143 156
122 737
146 533 730 740 749 833
14 33 63 192 354 899
259 438 506
279 828
11 81 129 140 218 661 798
85 721
25 347
32 250
172 438
9 80 435 786
86 584
251 472
39 120
212 468 782
8 35
55 196 603 928
176 549
20 269 811
22 219
327 840
222 287
108 548
111 512 517
24 430 910
6 37 73 198 654 832
98 127 209
141 268 365 668
88 297 411 571
67 246 307 364 481 972
67 168 173 400 894
145 305
49 257
248 630
57 202 401 437 577 774 958
22 136 433 478 712
6 30
48 841
80 292
27 273 678 727 898
120 226 227 919
240 694
6 234
60 306 762 952
209 386 953
277 426
181 211 421 812
283 408 648 837
15 127 217 385 447 572
59 497 809
27 32 35 92 325
33 58 512 742
6 97 554
16 116 572
43 70 71 129 347 562 609 710
75 216 417
17 304
538 648
121 644
101 492 903
56 134 468 714
360 901
3 131
185 279
8 224 914
42 81 113 140 191 240 394 516
518 909
59 349
2 14 546 948
798 926
4 73 534 805
70 202 745
36 60 76 398 743
31 160 364
20 53
9 62 104
153 168 216 400 610 757 828 857
179 262
208 513
49 497
46 73 403 651
133 395
14 29 58 109 449
224 225 475
14 46 66 315
9 152 260
7 204 561 898
1 959
18 77 146 434 494
11 371
159 582
783 809
40 483
128 257 744
52 233 239 576
51 64
40 77 100 278 480 936
589 741
52 120 501 686 986
1 39 127 130 931 949
73 169 197 519 607
40 100 158
24 98 558
121 136
150 201 270 366 875 991
37 40 98 879 989
169 197
58 495
33 177 359 397 711
481 565
12 115 410 433 856 961
26 134
8 106 490
10 53 415
14 177 256 354 375 412 478 532
82 380
39 127 305 693
25 579
60 275 346 590
873 955 975
38 326
6 761
69 225
149 172
13 81 140 344 840 906
12 27 86 245
188 246 364
438 706 898
157 674
128 157 229
302 375
23 93 176 480 583 963
12 19 482 611 718 808
161 511
343 352 995
41 259 767
30 430 968
50 320
17 106 290 760
144 224
752 921
1 130 361 976
71 155 217 581
97 313 323 345 687
180 289
40 123 186 278 577 580 702
77 186
284 620
12 19 117 489 911
188 869
390 667
71 74 101
237 498 821
40 53
20 450
189 238 623 748 888
9 32 107 586 795 946
176 1000
261 833
42 140
798 975
9 10 584 753
3 107
16 45 96 960
346 389 698
358 484
177 210 308 424 648
199 403
64 202
33 144 365
49 148 203 429
205 260 406 435
317 753
75 459 576
36 61 325 722 986
108 598
50 65 228
11 18 130 163 427 966
75 153
111 266 311
102 465
421 453
21 333 420
6 48 734
144 448
263 508
499 623
37 99 692
13 115 209 395 430 617
146 399 507 896
557 595
89 403
58 281 308 412 518 825 895
620 778 846
48 331 457
183 497 574 589
114 175 269 315 352
531 751
194 229 460 621
1 3
36 76 244 266 698
27 92 199 295 642
101 116 959
191 882 955
37 99 100 483
3 41 173
570 878
24 51
47 165
93 108 750
33 603
14 33 283 563
2 103 167 408 643 766
129 249 988
24 115 336
95 110 297
12 27
24 37 336 654 685
33 309 365
2 55
173 255
84 285
74 561 834
49 148 368 396 487
76 80 119 398
31 364 691 862
29 85 96 132 180 190 363 388 436
1 71 562 886
52 819 976
62 310
356 542 880
5 104 315
4 523
129 155
20 53 87 220 289 436 908
183 744
353 356 441 918
18 434 543 891
970 973
16 160 257 307 569
510 700
274 722
71 550
31 130 307 565 746 774
189 708
165 764
72 102 593 634 768
433 533
255 358
84 129 348 426 596 825 869
5 114 301
179 453 511 542
68 464
69 88 125 285 473
339 784
67 153
4 89 697
415 585 769
51 713 902 916
27 34 39 531
136 232 598 796
54 65 126 275 389
25 272 702 929
50 254 680 994
251 383 541
1 71
213 474
54 215 616
12 19 27 34 482 811 922
36 132 137 201 294 384 467
442 485
85 270 363 829
2 292
24 37 102 273 457 558
635 788
176 549 889
34 236 504 521
3 116 316 405 458 987
490 892
98 905
220 524
5 10 53 732
57 584
5 66 293 466 474 994
108 341 374 804
4 498 534 548
54 138 190
318 439 735 787 984
15 47 595 622
18 98 249
149 467 816
5 301 526 680
367 659
76 119 816
45 520 614 705
147 317 432 492
15 56 122 181 764
53 128 287 491
15 56 211
55 167 615
274 304 469 763 817 914
41 851
505 822
38 418 459
87 138 527 569 692
72 108 193 418
46 105 353
26 132 150 334 771
46 66
215 399 891
21 185 337
16 741
214 220
6 57
121 156 321 999
63 85 177 419 979
22 40
60 346
276 291 884
90 238 299
22 25 313 373 740
56 620 988
31 188
42 327 681 728 939
284 468
64 70 182
35 218 455 548 758 978
173 358
12 34
67 83
504 675
351 587 792
15 26
84 775
380 664
84 249 348 369
143 862
75 255
123 332
51 715
6 696 925
212 600
26 28 122 134 208 471 503 613
204 438
44 167
4 79 667 734 780 805
19 76
22 24 42 133 541
5 50 600
308 386
37 482 594 803
51 339
147 205
26 122 385 714 942
24 99 336 719
808 927 943
9 23 93 112 195 245 689
188 206
31 396 434
32 93 164 184 247 325 473 490 934
91 112 264 425
26 135 508 942
73 780
136 328 396
8 29 32 35 125 462
15 26 134 231 690 827
41 504
13 22 121 261 328 440
6 863
8 411 452
14 29 91 283 362 676 818
218 775
26 74 134 307 567 613
58 63 84 118 517 627 676
190 439 729
381 416 498 658 695 990
157 222 789 836
107 114 175
583 944
40 278 293
47 187
24 87
407 411 469 700 843 957
56 134 445 567 625
109 123
90 288 313 568 679
163 486
28 491 561
45 82 289 950
32 801
19 701
53 383
87 228
752 956
8 69 92 372 452 608 664 705 760
427 742 937
17 785 870
337 377 592
172 754
120 924
479 699
60 384
699 924
60 76
9 286 736
68 311 799
2 55 167 807 837 964
5 646
17 61 69 103 106
268 729
63 937
219 393 395 434 749 823 999
13 160 949
31 88 206
310 424
147 152 286
98 906
428 675
89 265
338 516 671 955
131 173 182 216 248 493 641
12 41
1 6 57 384 467
7 49 148
102 455 904
855 938
44 300 546
4 65 79 126 805
350 357 727
1 14 268 309 354 385 919 979
276 370
48 54 89 523 865
2 4 461 731
5 50 104 280
269 388
31 77
4 89 143 166 756
12 359 961
21 250 544 669 801
4 658
198 437
203 923
71 290 980
37 115
65 126 528 570 590 612
39 273 353
18 55 113 672 837 909
530 963
333 669
105 123 152 912
258 338 495 728
39 72 264
124 340 682 868
6 234 516 832
66 230 704
15 74 171 211 446 734 781 827
420 544
18 130 235
64 661 875
147 245 703
14 83 271 283 502
50 629
2 18 964
1 39 550 624 802 901
91 113 327 470 926
8 551
10 150
818 895
36 64 80
323 687
962 973
65 570
21 94 337
22 219 261
43 223 472
30 419
511 724
288 329
37 339
123 163 332
161 342 522 819
10 176 195 593
67 224
860 893
156 543 647
267 484
27 34
29 58 281 291 445
5 301 748
28 446
3 259
6 850
166 204 476 605 727 731 860 900
2 18 20 73 201 367 633
101 162
18 235 637 659
13 209
90 162 217 485 572
30 179
1 39 148 217 464 993
6 361 765
30 356
3 185 259 528
18 578
192 302 449
263 288
77 100 483 723
96 132 251 363 573
46 82 201 228 341
48 941
6 57 739
130 235 361 578 633
7 59
13 688
10 43 46 51 64 242 745
60 172
190 252
146 399 433
143 245 406 432
20 201 573 842
19 25 272
238 329
150 287 621
37 98 532
279 411 993
38 455
19 34 66 174
70 97 223 310 554 790
9 584
7 16 49 142 290 296 383 552
70 202
115 133
60 68 237 636
29 118
243 258 338 344 769 873
43 48 559 652 972
12 295 803
86 164 256 913
10 96
31 165 565 874
159 274 372
5 151 288 377 535 571 606
25 238 568 679
1 32 101 145 174 409 665 746
268 841 928
196 668
4 41 48 169 416 591
80 137 391 845
20 119 201 414 513 791
188 515 970
723 872
3 22 279 786
98 249
276 512
107 317 332 639 693
156 644 730
33 63 268 408
114 981
5 90 781
45 270 363
182 227 351 597 790
325 407
758 940
3 41
9 189 313
23 193 917
140 327
2 158 187 580
59 170 330 487
76 117 137
362 376
782 832
17 856
39 746 800
7 16 104 111 213 244 254 646
204 357
22 219 321
138 880 954
45 82 362
18 52 139
73 381 893
355 884
170 574
36 716
269 618
118 306 701
60 80 119 149 172 266 343 431 974
241 827
703 826
234 324
168 885
306 389
280 515
62 128 510 836
90 114 214 263 329 499
52 691
104 128
139 652
13 20 430 569 657 709 953 968
68 487 552 619 848
60 762
91 649
7 59 216 257 342 511
248 255
212 234
84 218
449 844
9 58 332 345 350 715 945
90 347
30 66 192
37 78 121 564
8 200 946
326 374
42 258 280 546 625 671
43 64 97 161 677 710 797 864
46 195 639
142 183
58 559
142 178 653
135 233 522
166 688
198 761
62 130 361 791
39 414
231 445 942 947
27 560
246 814 852 930
51 131 173
62 510
17 88 247 297 502
26 141 208 413 834
103 372
445 776
44 90
19 521 718
562 628
22 536
227 501 597 699 924 960
104 326 857
128 227 229 287 510 738 794
2 252 518 907
27 638 803
99 133 209 406 532
215 223
470 975
799 830
1 57 101 608 901
78 740
18 72 143 493
5 50 151 299 301 629
10 314 944
177 382
751 916 937
28 74 171 231 241 513 846
3 35 69 586
58 252 298 382 387 412
22 215
44 643
36 61 106 343 845 896 985
89 331 607 871
40 100
17 262
226 379 1000
4 74 103 346 416 529 697 858 871
240 308 694
19 21 50 57 674 711
4 607
550 959
13 98 336 506 564 831 853
490 722
425 567 988
143 260 945
86 93 887
3 7
30 356 419
5 105 205 618 859
28 65 126 556 780
23 83
7 99 404 685
59 244
401 684
54 80 87 138 804
11 277 626 967
604 752 848
2 36
17 368 763
29 63 112 186 447 742 751 818
13 171 336 947
36 60 119 266 306
8 51 64
104 188 203 246 307
8 103 285
587 618
5 50 151 540
76 88 586
22 136 393 395 905
11 104 187 369 775
6 256 283
10 239 444
119 346 431
6 38 204 312 418 904
24 36 37 701
4 189 288 359 888
23 539 689
60 456
91 286
16 330 650
42 555
351 462
30 881 965
38 193 341
10 20 316 464
210 902
2 44
80 467
25 175 352 524 838 929 981
35 110 125 452
454 690 874 932
11 18 43 323 867 915
533 580
1 83 116 503 553 572 631
12 321 726
15 525
21 663 868
19 117 210
11 84
8 17 110 577
25 329
55 292
1 154
8 74 159
72 93 163 166 253 345 768 854
86 423
30 477
28 171
108 576
379 392
315 788
116 155
13 115 209
46 230
15 28 468
29 318
112 602
18 633
14 210
304 933
95 258 280 344 555
265 390
428 811
18 62 181 548
28 135 231 393
384 391
65 343 878 890
87 660
15 211
330 799
22 136
30 41 179 259
11 129 371
83 926
61 205 896
854 972
156 514 749 973
33 118 177 494
62 287 426
21 94 337 377
292 444 626 668 779
42 240 882
4 69 107 163 267 387 934
31 525 962
42 92 225 485 608
117 246 852
89 440 529
59 68 187 458 552 948
185 259 458 987
32 106 120 496 509 551 577
31 160
18 644 985
14 907
203 322
77 293
109 158 493 702
124 340 826
199 381
57 137 151 157 294 389 391 821
545 877
21 538
187 293 817 939
43 51
53 85
74 253 849
12 117 507 533 611 652 866 927
615 686
558 853
54 889
28 211 513 662 690
112 319 435 602 683
243 484 681
36 134 138
71 155 401
488 666
172 465
7 276 966
225 473
4 390
197 523
5 340 553
14 291 531 943
335 850 863
57 139 235 547
41 185
206 509 793
515 661 725
17 103 286
159 479
137 366 527
963 990
111 404
5 27 34 489 504
83 124 488 553 682
12 16 206
38 108
40 100 293
26 213 231 391 563 625 720
44 429
92 205 475 641 815 879
225 410
6 54 198
69 88 368 475
3 5 8 151 606
141 309
334 665
15 284 355
52 139
65 980
14 397 402 410
7 8 16 17 290 334
85 177 645
9 91 109 540 897 996
180 950
2 30 830
213 262
9 19 72 86 163 425 540 718 917
6 212
11 27
21 181 537 538 669
170 405 450 948
243 585
11 58 919
78 399
36 119 456
26 150 208 849
56 171 253
19 27 656
59 142 405
20 180 207 269 488 573 640
4 166 265
9 319 417
80 378
335 454 557
130 839
32 56 310 372
23 30 35 89 642 747
16 38 374 455 978
5 466
8 125 191
11 249
25 588 623
56 122 171 181 192
47 865
754 770
2 12 19 291 489 656
42 394
24 31 82 188 441 508 930
43 70 182 223
35 724 998
213 301
1 174 624
101 385 864
391 474 770 821
137 456
148 560 949
46 66 207 918
21 334
25 220
32 250 485 505 566 801 977 989
32 250 274 691
9 86 105 200 264 641
362 707 902
24 37 326 384 395 461 599
721 813
246 628
13 15 26 37 189 463 471
3 8 33 41 311 767 851
3 85 373
40 75 147 282 448 757
14 58 196 320
9 126 196 200 425
67 168
110 566 755 965
82 99 180 184 251 269 383 875
110 473
152 164
31 509
70 219 730 982
3 6 294 366 437 782
1 31 101 163 971
136 255 997
42 81
22 81
46 66 230 315 983
9 61 106 274 566 892
78 443
62 106 368
34 265 594
5 23 38
63 271
709 910
16 226 296 923
1 120 560
19 911
2 842
45 289 527 569 771
57 850
29 33 318 354
39 903
15 662 925
76 141 194 256 271 370
5 71 160 571
812 915
323 726 983
24 49 349
38 284 750 796 940
1 145 162 409
482 961
9 861
43 710
29 69 94 402 600 921 928
22 121
9 417
64 97 462 982
112 779 861 996
8 17 479
40 191
122 925
262 474 556 859
204 312
234 413 739 871
21 75 94
82 186 587 588
424 453 551 755
4 48 304 523 651 658
12 34 195 236 605 736
7 134 650 653 819 830
214 272
179 568
178 823
96 270 472
52 106 161 239 342 747 866
56 135
49 68 170 330 349 741
30 95 471 500 776 822
