2 35
31 292
21 326
41 63 194 772 987
25 288
9 123 134
52 652
15 74 503
162 174 206
14 29 38 192 281 386 427 648
110 608 980
318 408
3 810
156 215
1 101 116 217 305 746
6 43 51 70 511 982
105 286 983
226 676 819 960
169 523 667
137 381 651 697
3 227 392
69 732 835 907
143 353 788
15 988
4 163 540 753 945
44 167 221 292 300 329 672 728
3 767
83 203
126 612
277 869
58 735
515 546
80 294
601 807
54 176 289
189 313
21 185
386 743 770
37 336 564
43 56 224 529 868 869 904
87 248
16 148 422 457 487 619
6 57 198 286 437 832 863
18 529 941
3 156 393
282 857
523 614
20 269 587 797
8 69 103 125 181 224 225 304 372
82 182 931
150 450 916 950
15 884
425 996
170 244
166 534
121 146 443 543 749 992
64 97 323 462 790
94 218 870
1 75 216
62 738
138 149 968
9 432
5 9 62 344 437 514 577 849
14 24 153 226
8 35 69 264 304 862
31 171 246 513 565
127 401
12 19 489 922
9 107 112 286 388 618 683
129 371
65 556
53 82 87 823 843
164 245 493 583
10 152
212 850
86 143
172 419 449 965
385 903
210 984
25 263 334 499
30 728
189 238 679
12 27 428 735 922
33 308
1 318 320 902
8 17
33 550 581 726 746 774 926
118 370
341 418 455 783
41 178 404 621 650
68 744
37 115 395 599
9 264 425 540 593
29 33 154 177 422
26 28 135 211 471 561 764
4 73
130 197 765
73 174 190 282 589 680 815
34 158 376 723
113 671
48 361
32 65 298 761
90 214 313 981
10 65 184 289 322 834
25 114 347
193 859
586 801 946
51 202 223 715
311 405
1 39 56 71 99 127 385 884
18 89 235 839
20 25 159 207
119 137
46 66 918
31 46 345 584 635 788
5 11 854
5 151 254 360 931
2 44 512 837 877
8 120 226 227 597
19 27
19 675
77 100 384
7 552
50 609 646 772
45 212 295
24 34 383
341 852
33 58 71 192
138 379
38 207 455 459 548 598
63 194
19 62 143 185 249 299 417
54 176 280
205 693
248 857
267 671
175 421 742
4 67 75 169
78 422
18 34 236
1 18 74 257 878 985
118 294 898
184 373 640 689
9 49 142
36 64 187 274 814
847 990
3 74
4 557 622
4 169 519 871 893
30 518
20 228
160 509
67 216
17 45 129 255 371
32 167 685 937
76 343
81 191 470 585 912 939
18 367 403
21 92
27 489
97 673
50 163 402
529 534 658
126 973
243 311 487 601
43 251 667 831
19 694 753 820 866
21 73 87 795
239 323 342 511
11 218 371 478
18 165 335 578
63 825
80 149
82 150 289 383 436 705
26 561
31 151
69 432 626
36 80 275 306 594
174 221 367 498 588 690
1 39 61 159 412 531 631
129 218 277
549 889
61 989
29 56 134 135 208 662 696
14 363 825
23 93 112 286 345 486 897
21 377 420 538 544
134 208
63 118 177 309 365 456 611 648
138 847 851
2 292 416 418
95 372
5 208 301 629
38 52 351 396 455 503 999
24 86 129 260 689 969
276 729
235 578
36 398
9 539
11 277 877
36 60 76 80 294 346 467
84 938
153 400
41 42 912 923
72 245
3 104
13 47 108 454 784 900
304 586
259 474
145 289 305 550
25 214 263 838
251 337 354 706 795
11 369 695 767 870
14 16 53 252 257 895
131 894
86 105 109 376 710 861 897
403 591
60 191 310 741
155 174 858
10 14 20 67 472 657
402 663
30 167 837
142 193
61 225
486 964
6 55
80 172
37 91
7 322
31 79 628
47 179
33 182 806
388 450
192 650
70 223 554 864 978
115 357 853
67 75 173 647 857
109 165 335
327 912
183 653
38 147 392
154 298 370 636 668 739
334 485 577
66 79 607
138 1000
18 235
188 364 930
9 23 86
28 162 414 550 949
5 94 526 532
246 464 650
136 328
35 110 144 288 915
80 108 193 207 326
133 156 332 415 636
275 643
28 122 128 134 227 413
58 281 382 559 696 907
10 201 289 415 955
74 181
579 748 988
94 402
70 90 329 745
138 176 359 549 865
18 442
548 617
8 36 132 263 348 466 791
10 31 45 96 180 867 908
2 7 604
88 952
399 405 840
242 251 660
12 699
29 68 141 148 630 902
39 385 455
12 19 482
386 387
66 230
149 343 575 770
164 266
8 44 102 262 341
14 29 33 51 97 302 376 517 979
682 703
179 584 683
20 201 476 651
19 27 32 92 482 489
42 240 296 555 798
131 372 582
89 122 161 171 199 253
548 905
102 357 727
271 354
179 554 965
1 7 16 116 311 316 537 744
1 116 624 684
374 418
16 172 357 369 737 797
1 39 174
6 893
21 373 509 922
37 79 103 164 447 674
101 560
283 352
4 26 199 461 498 645 688 697 764
51 351
176 530 880
23 35 72 152 195 332 626 639 760
54 120 228 269 270 445 822 829
87 569
174 279
21 323 717
14 27 911
194 196 494
19 93 803 811
72 91 109 147 583 736 768 967
81 191 470 681
50 453 733
423 789
13 22 336 363 532 757 784 910
2 12 34 615 943 961
92 225
31 100
8 69 758
515 677 899
7 54 68 203 692 847
300 545
4 495
275 698
81 108 217 548 804
139 161 240 475 819
255 948
22 50 65 126 612
26 32 53 106 118 222 303 439 855
21 79 600
192 196
177 397
508 510 657 876 956 986
159 362 625
50 316
5 526 625
21 50 104 576
20 132
120 392 924
188 246
291 562
6 15 198 493 803
11 46 918
60 119 137 389 391 711 816
185 401 652 951
93 109 115 286 319 514 683 945
374 576
86 260 871
44 184
6 45 198 908
37 38 105 326 522 796
109 123 602 786 945
29 165
8 421 477 965
186 702
209 443 702
10 87
5 262
206 481
1 175 385 487 802
198 212
18 366
100 107 176
75 282
13 37
156 232 261 433 509 609 661
92 155 162 502 631 934
56 563 736
488 793
24 197 220
6 154 186 930
8 247
207 978
51 64 97 359 790
340 826
64 323
178 296 349
113 191
119 743
6 83 153 248
34 236
46 441
5 50
115 564
59 68 531 907
225 700 815 848
217 560 858
14 68 190 237 283 378 386 966
28 203 464 807
36 230
10 68 135 142 203 948
188 307
145 951
1 174
38 207 750
51 645 710
84 129
39 129 171 219 406
15 26 144 252 474 563 822 947
7 11 45 383 451 497 585 775
208 330
811 927
128 229
287 460 724
273 525
37 558
42 681
113 258 394
202 244
62 121 222 229 247 252
109 152 201
5 50 474
15 33 47 56 65 155 420 941
147 264 435 669 996
503 827 884
48 79 958
3 279 303 810 987 993
213 565
36 137
54 65 168 340 556 970
482 866 927
23 61 80 84 828
2 12 19 55 167 221 547
597 960
40 54 580
130 493
9 10 96 527 879
3 358
40 45 51 179 235 427 481 709
45 520 659 763 777
123 546 595
538 592 600
40 86 143 162 737 917
101 892 935
71 101 116 127 162 314 401 572 949
25 35 114 347
176 990
2 16 32
9 610 693
12 19 24
23 134
526 646
140 280 344
7 10 14 334 570
20 85 150 184 440 491 591 627
391 542
15 233 958
350 559 889 990
11 348
24 44 339
192 276 937
36 76 237 409 431 858
8 144 424 507 586
7 53 296 464
254 673
84 451
117 521
23 143 380 423 431
18 70 247 440
245 319
10 184 269 732 831
20 436
142 721 824
9 23 406 540
28 284 505
25 49 90 114 220 329 552 792
216 525 975
64 94
40 699
15 320
105 273 350 438 525
479 501
36 590
1 39 171 174 249 348 846 938
29 52 239 281 293
73 708
145 155 314
184 473 719
237 306
4 6 620 666 801
13 29 43 194 331 552 838 864
117 280 516 882
167 221 672
104 246 859
69 297 637
209 798 882
674 794
35 304
7 49 111 183 226 311 330 501 574
53 270
2 686
30 542
95 159
3 41 851
13 115
15 549
103 334 856
344 840
40 77
170 375
347 535
25 114 272 356 781
308 355 449 742 752 818
96 587
12 22 410 431 456 521 536
45 53 269
40 501 597
75 647
13 430
568 679
18 367
49 69 111 404
27 342
66 315
47 557
2 31 60 266 389 547
31 186 930
10 383 444 657 777
71 217 492 560 901
34 482 522 726 808 943
7 68 178 203 296
159 933
67 131 173 837
112 121 423 593
31 55 206 565
116 179 356 453 755
72 260 768
2 637 704 817
6 584
366 384
106 201 415
144 250 368 469
86 195 200 294 364 508 562
14 283 365 432 439 751
111 633
6 234 863
91 206 406 634 967
1 49 556
443 616 963
43 236 911
438 605 706
70 745
435 639
49 257 855
92 197 347 348 488 890
30 603
4 957
71 145 155 305 447 681 791
65 77 158 187 480
11 41 218 277 948
54 136 181 319 355 468 561
69 92 194 325 452 485 876
1 774
77 883
94 147 349
39 46 142 297 382 471 554 861 928
243 341 750
17 285 700
26 74 208 613
330 404
4 604
51 97 223 373 790
567 613
145 563 696
22 156 992
54 176 530 865
692 963
13 165
310 502
584 634
333 592
70 157
62 157 407 460 711
13 47 759 900
442 827
83 868
147 602
177 256
184 270
13 209 257
199 523
9 24 37 224 242 339 395
128 392
6 81 140 280
26 181
13 18 197 708 985
40 936
39 303
24 968
66 740
107 136 317
63 729 849 899 928
2 490
16 39 90 114 116 145 175 352 679
2 44 707
5 31
17 32 88 96 372 539
9 406
26 56
5 151 466
86 107 109 143 492
578 755
8 32
18 197
248 530
13 65 126
33 58 370 979
7 464
41 259
150 366
32 85 98 127
434 644
68 142 201 589 799 806 830
39 234 739
225 490 787
67 131 400
102 438 605 691
13 364 564 566 874
19 35 117 741 811
920 935
195 339
21 42 60 316 395 462 682
42 693 949
25 32
10 20 236 283
2 44 55 751 813
79 166 331 403 440 697
237 378 398
84 627
218 249 596
32 106 110 148
77 185
43 97
74 134 253
429 497
60 590 816
387 707 921
152 164 260
33 551 747 892 977
25 66 148 189 200 664
63 397
67 361 848 880
4 20 41 82 162 202 238 782 851
166 381
6 840
64 673 713
30 47 477 542
14 29 100 158 186 187 909
29 53 114 141 319 470 520 925 927
261 891
51 64 97 200 710 713
231 253
719 829
67 267 997
47 759
302 630
1 101
55 725 964
57 84
44 82 964
77 279
75 465 511 549 730
22 321 730 999
12 28 72 76 116 288 321
2 57 169 544
6 44
81 177 258 268 317 338 555 975
26 231 241 463
87 520
48 323 403 688 715
12 27 34 167 335 517 532 983
102 273
52 139 161 233 239 724 976
29 210 271
139 239 342
71 127 155 447 971
30 453 812
302 352
5 213
59 500
2 7 222 672 807
2 84 218
5 18 70 203 213
31 37 112 117 818
22 219
63 66 281 362 494 518 754
85 916
21 30 179 333 377 669
30 421
125 184
39 959
8 92 110 186 872
94 377 663
62 461 510
644 712
28 122 287
5 7 882 891
17 42 231 580 629
160 307
247 800
5 301 609
18 130 361
86 862
46 315 446 918
22 96 192
829 875
446 513 809
5 104 206 360 571 844
426 494
32 553 826
4 73 199 658
47 81 95 240 344 394 401
17 92
11 869
102 430 438 678 706 727 904
99 946 953
43 633
32 98 219 274 290
16 195
13 124 682
214 535 588
258 368 470 671 728
75 131 168
140 172 306 394 769
731 780
1 217 557
78 478
59 64 260 897
6 11 57 739
142 497
53 180
10 100 233
5 6 8 195 285 454 972
205 210 286 319 447
13 24
527 721 881
124 664
17 61
9 425
16 49 68 182 244
661 687 792
30 895
99 133
30 955
411 760
91 123 163 583
18 764 778
106 980
7 88 104 183 405 601
29 449 729
2 300 789
3 41 59 94 185 196 828
222 359
72 91 107 200 245 410 417 426 899
112 164 200 486
95 274 977
100 278 483 619
55 167
11 352 381 821 890 986
4 83 85 180
27 143 163
17 212 328 608
94 337 498
572 910
140 586
42 81 191 243 258 431 842
7 59 316 322
21 379 477 559
55 81 409
14 33 141 196 320 375 766
78 121
26 46 284
29 457 707 735
19 164 195
16 393
433 575 617 887
72 269
8 17 23 47 61 944 969
65 962
211 488 541 553
102 294 605 762
77 198
12 51 122 307 320 522 659
8 43 64
175 263
75 793
244 322 349 429 653
55 221
58 268 308
596 938
115 128 217 223 242 547 591 820
87 150
48 56 122 231
15 26 28 156 181 776
158 278
19 77 187 408 805
368 708
33 177 495 902
37 60 952
40 995
39 144 774 971
8 17 957
93 320 909
13 98 339 430 480 483 558
168 255 590
40 581
38 576 823
19 229 478 738
28 56 445 567 947
27 718
36 60 76 275
100 186 580 702
8 16 232 379 519 649
360 524
10 20 875
22 51 215 478 749
224 285
88 372 424 896
58 190 318 362 382
11 20 44 132 388 426 640 931
3 40 259 856
42 140
67 283 439 757 846
28 40
32 78 154 281 310 570
384 952
16 111 170 848
57 61 71 264 315 376 467 537
61 110 551 800
121 219 399 536 748 750
42 156 215 533 644 833
60 169 695
34 226 227 810
127 409
5 157 204 451 691
83 793
26 36 76 119 171 389 655 754
60 149 845
12 38 68 145 277 313 317 412 651
67 255 390 647
47 78 454
35 108 161 867
23 42 555
62 157 460 621 674
7 16
162 251 573
6 57 230 761
52 82 885
97 351 462 496
23 90 475
65 970
47 335 337 622
3 14 41 93 279
40 100 186
46 57 212 461 756
26 28 57 413 537 830
195 540 583
91 817
136 232 396
278 817
82 721
25 499 742
8 30 179 423 801
291 422
106 125
58 194 318 787
79 720
121 321 399
24 63 79 503
126 878
9 317 332 345 736 913
44 204 230 864
9 107 492
271 987 993
3 7 41 767
23 200
56 74
10 527
155 791
12 34 117 236 670
88 105 106 297 490 805
716 762 845
99 120 986
118 928
15 83 253 553
108 250 326 796
17 82 95 242 458 579
356 419 542 915
274 411
8 290 407 665
29 512
269 916
71 162 303 572
427 603
35 61 297 368 608 885
315 649
48 160
11 48 75 89 149 346
49 799
23 245 287
169 607
104 571
569 797
22 692
107 944
15 74 78
15 180 925 947 1000
414 456 582 778
5 299
92 577
241 413
205 312 499
180 450
400 448
79 147 779
5 209 994
215 321 543 773
68 741
1 71
69 165 188 206 668 909
33 151 272 305 333 619 712
11 61 88 369 553
238 263
25 313 494 524 531 568
28 62 135 231 355 563 620 776 988
257 349
16 30 41 152 753
23 913
212 324 437 761 782 863
74 103 484 621
4 265 304 534
7 49 112 203 296 537 970
30 232 421 951
4 73 193 331 416 528 559 780
141 210 375 668
17 224 297 452 502 642 760 815
26 135 355
17 48 390 476 690 731 805
183 403
9 689
129 560 785
37 395
29 58 309
30 77
9 22 110 314 640 906
131 282 375 895
16 59 111 170 244 349 589
187 723
112 117 290 374 714 723 832 866
59 78 111
46 66
5 19 27 52 106 117 783
199 253 491
168 173 216 267 632 894
6 57
353 649
22 261 434 853
36 51 70 172 215 496 995
89 167 515 519 720 734 860
310 369 426 473 785 841
31 481 814 934
45 270 347 660
19 32 103 247 274 469 473
31 188
781 944
43 51 223 713
33 35 52 872 966
24 358 484
228 842
110 502
132 660
536 607 845
238 272 524 575 748 929
1 47 572 759
47 182
109 112 913
11 249 513 655
88 103 159 434
2 643 686 725
11 63 543
168 173
252 449
70 223
179 356 812
6 57 782
48 85 87 228 383 941
31 246 307 562 628 886
124 340 677 868
57 1000
73 89 262 495 756
24 115 254 506 685 709
23 163
299 680
24 37 98 99 541 905
90 590
18 244
90 623
330 806
4 198 199 276 437
34 141 363
21 646 669
13 17 665
56 134 211
130 755 839
76 821
2 300
3 41 332 876
32 35 490 582
645 792
9 271 362 446 954
12 27 34
465 691
16 111 552
43 867
76 346 378 636 698
39 401 901
6 10 134 160 301 614 860 932 950
67 173
135 284 355
146 536
26 343
45 53 251 527 834
44 546
17 58 501 654
192 921
86 229
89 160 265 498 628
78 146 328 533 569
409 550
135 500
5 50 254 479
204 896
159 224
73 169
42 769 975
157 229
154 189 272 524 588
73 76 139 385 397 825
120 924
4 795
1 101 414 746 901
8 58 130 402 415 450 633
1 399
35 188 509
8 75 216 274 282 448 452 997
7 16 49 178 663
4 48 731
19 69 504
16 405 429
45 161
213 233
53 491
239 724 972
30 152 177 327
303 414
181 298 459
835 881
27 135 215 830
60 76 354 456
26 265 325 638
93 387
91 143 641
3 41 185 824
113 150 280 327 338 873
25 189 214 288 588 781 995
11 84 348 655
206 886
52 161 233 511
66 315 411 441 704
23 80 119 137 266 391
23 969
74 171 463 890 925
54 176
16 183 227 479
85 314 593
40 52 158 159 342
14 20 29 53 276 283 382 393 920
26 58 146 270 442 463 567 942
292 725
1 23 220 254
81 191 516 798
10 45 573 587
46 66 279 353
943 991
88 139 161 976
33 439
10 398 716
125 424 747
53 63
7 311 802 959
7 59 183 322 631
222 229 794
66 444
48 390
268 309
69 144 325 566 914
21 566
2 30 55 136 637 643
199 204 357 898
98 99 209 506 953
36 149
38 70 758
123 432
418 419 472
85 93 104 126 245 377 428 517 694
221 615
62 130 235 321 659 794
18 85 130 242 325 444 578
25 220 888
18 130
10 85 388 444
4 6 163 234 265 850
860 893
122 241 849
230 333 337 635 704
27 34
390 519
165 335 595 874 900
4 534
1 148 802
219 261 833 999
9 178
93 862
24 57 115 599 733
42 45 119 394 487
15 80 137 275 343 398 467 859 974
48 57 66
30 356
214 561 955
12 55 718
51 157 277 287
196 256 271
78 128 157 219
29 457
417 435
36 172 743 770
407 408 934
26 40 122 208
113 877
13 968
272 382 518 648
50 571 606 994
102 428 678
6 38 598
714 834
73 84 780
20 155
156 232 533
186 872
125 582
18 137
11 103 110 371 529
22 50 78 136 196 293 396 533 787
13 541 874
42 80 137 140 280 516 716 821 939
89 134
21 94 132 538 592
99 306 392 512 699 960
62 367 460 836
22 543
11 87
32 102 507 551 808 911
9 23
72 147 260 264 539 786
210 284
175 220
17 577 885
43 64 285 661 715 717 752 879
28 38 135 246
79 871
52 76 104 151 172 213 474 530
140 926
453 477
250 350 475
78 433
105 147 164 256 539 799 917
42 926
43 241 496 510 745
15 180 623
139 164 233
83 342
46 249
346 366
12 19
148 528
17 114 144 285
25 61 175 288 394 579 981
3 41
52 976
307 562 852
41 235 458
579 888
273 465
701 754
72 105 112 332 345 425
5 22 78 136 328 410 641 749
380 488
36 85 266 346
71 101 684
12 27 102 117 295 445 675 898 977
40 77 158 169 974
209 336 541 853
204 357
120 136
3 46 302 844
327 344
11 83 240 380 694 703
703 826
234 324
8 17 35 106 507 747
12 34 236 504
82 950
149 974
1 16 59 257 497 589 923 933
33 178 603
34 48 64 87 89 228 331 695
131 551
312 904
252 309 354 512
212 234
124 336
9 91 493 520 641 685 861 881
2 24 133 545
3 250 966
32 55 133 313 623
361 765
7 54 756
46 635
16 68 316 492
40 293
55 168
182 202
11 22 369 396 627 670 870
187 293 580
34 606 803
24 146
90 981
249 596 775
11 62 63 141 154 397 766 814
54 379 865
43 70 138 554
105 123 626 835
60 80 816
3 126 570 973
119 204 273 312 359 940
10 957
34 428
278 574
56 208 942
72 163
6 234 324 942
170 202
38 374
445 776
360 466
333 402
20 45 96 132 207 491 614 618 771
126 528
47 122 468
60 119 701
190 256 291 345
74 125 505 737
243 338
21 138 420 836
89 107 133 276 785
120 226
64 982
43 51 462
81 113 258 353
252 268 408
108 153 894
227 353
71 959
8 55 63 88 95 98 290 327 485
114 535 929
202 687
4 52 523
2 292 310
14 19 158 662 915
266 571 598
163 435
21 133
99 160 506 558
92 166 281 833 886
146 312
37 39 205
9 11 28 48 49 64 97 109
49 59
45 180 719 998
154 518
14 33 77 210 359 387 841
38 978
101 273 318 574
1 183
22 80 149 166 378 443 484 740
2 94 108 377 420 508 576
20 22 53 96 291 831 920
165 454
52 108 161 564 652 854
13 116
301 469 846 883 936 994
267 517
2 79 91 317
42 873
45 180 433 514 823 891
81 98 113 270 338 624 813 836
393 514
220 929
62 128
168 173 216 980
248 358
21 337
72 82
185 852
105 123 775
12 190 291
148 330
14 83 666
165 595
292 300
118 267
47 622
46 101 624
481 684
54 350
611 638 656 718
109 138 446
110 665
37 60 94 600 914 958
104 680 717
98 733
49 59 151 405
2 44
256 404
124 698 765 903
139 250
11 17 371 451
98 430
188 364
6 207 459
67 484
35 69
15 28 471 971
24 395
103 106
103 168 173 441 610
10 49 86 96 363 436 473
93 917
9 23 205 779
124 340 664
3 61 185
150 308 573
35 69 125 171 325 365 368 472
295 521
214 499
4 265
48 115 219 268 389
128 222 738
111 170 779
656 808
17 35 175 838 989
504 594 638 809
44 615
32 103 106 144
38 193
351 496 687
71 210 919
390 581 705 796
19 961
384 391
12 20 34 82 656 726 961
15 211
14 25 58 63
33 65 121 223
30 812
476 720
1 145
6 500
153 228 267 363
2 10 24 27 413 953
3 121 381 772 919
13 31 160 844
202 351
75 140 153 939
15 28 181 468 625
479 924
75 632
31 160 364 565
2 31 36 686
1 116 127 305 393 827
110 189 263 535
557 932
71 711
24 37 101
63 120 141 190 256 298 752
26 28 253
77 278 528
36 275 378 391 575
189 458 508 618 634 932 996
126 617 962
22 396 410
129 855
18 361
309 892 896
22 232
175 329 887
14 271 302
132 242 289 472
83 124 340 380 677
7 170 183
213 262 299
67 400 448
133 654 910
50 151 254 299 326 544 972
15 152 211 463 662
14 291 375
290 642 722 800 843 856
122 500
240 243 338
12 504
516 585
17 436 507
131 153 255
12 35
196 279
50 370
91 93 773 967
264 525
33 386 412 820 984
13 88 224 879 946
387 513 937
53 705 875
121 740
38 108
4 89
38 374 804 940
127 146 261 441 480 730 936 973
4 79 379 616 666 712 963
100 154
411 452 475 985 989
52 139
4 48 166 480 521 809
58 457
9 93 205 768 786
14 118 276 308 630 919
20 314
133 209 214 389 709
13 24 28 95 98 324 399 784 906
16 887
6 131 285 632 956
8 17 483
3 17 125 247 700 763
52 70 993
215 237 258
181 505
2 44 55 545 546 547
102 197 350 465 678
7 59 923
125 173 201 424 763 789 992
70 198 384
19 182 241 489 568 758
62 119 237 287 366
190 298
201 771
73 331 688 734
23 773
56 105 107 112 602
76 467 701
2 3 158 400
591 658
21 90 238 329 532
28 240 293
85 373 771 777
13 74 178 468 505 544
15 153 255 282 616 757
217 935
358 461 515 613 998
3 114 458 824
4 416 675
5 466
3 27 611
59 142
120 178
88 238 722 933
18 132 573 839
20 150
14 676
22 54 146
64 182
5 90 151 262 360 606
6 832
8 35 92 95 225 334 336
49 744
194 412 954
130 612 878 962
10 73 87 373 388 813 908
97 128 182 211 222 241 442 690 982
213 301
37 506
12 295
239 998
44 118 376 676 732
31 43 157 230
25 220
61 843
21 90 128 287 510 921 991
10 39 127
381 667
1 34 124 259 538
5 20 193 262 629
29 61 132 365 486
12 133
42 191 585
1 26 352 888
148 574 604
138 141 404 818
25 272 288 568
81 362 873
243 294 639 766
25 95 250 290 407 566 642 722
41 828
3 804 940
83 124 380
99 654 906
37 306 558 599
1 324 367 531 783 788
16 46
23 218 485 762
171 471
7 111
5 354 751
59 476
111 136
108 914
3 259 734
32 95
54 68 880 889 984
91 166 416 440
370 610
216 248 259 358 448 567 997
15 25 231 620 714
15 56 265 284
57 850
27 670
39 903
177 954
20 29 65 365 555 956 979
22 84 129
36 343 469
187 278 398
65 556 570
21 58 84 96 211 261 727
172 266
9 200 417
14 33 53 268 397 427
19 117
193 341
4 89 166
251 569 587
27 295 594
99 113
204 312
107 123 152 205
46 66 883
15 56 284 778
38 459 819
27 822 841
328 434
50 104 221
8 10 96 842
16 118 429 495 653
62 991
522 854
7 170
43 197 526
13 50 339 905
40 123 137
39 581
419 545
72 100 293 483
113 769 983
