15
1
11
24
11
17
5
2
16
18
9
18
13
2
7
6
12
1
11
5
2
12
7
10
6
12
5
9
7
4
1
3
1
13
10
10
8
4
17
3
7
8
2
12
5
4
2
10
11
3
3
13
7
12
13
16
3
14
10
4
10
24
16
12
10
15
12
19
1
3
1
2
2
5
6
5
9
1
1
4
4
14
15
18
7
1
1
2
14
7
4
4
3
19
9
10
10
4
4
1
14
7
11
12
16
9
4
3
2
10
1
8
6
3
6
1
6
7
10
16
8
6
3
12
11
5
10
11
3
12
6
6
6
1
11
7
13
12
2
4
1
24
17
7
21
5
6
7
12
6
9
2
5
22
16
13
6
15
1
2
5
11
10
8
7
19
23
18
1
23
6
5
4
3
2
17
1
6
12
2
14
12
24
6
2
6
5
5
24
7
9
17
1
4
8
2
5
4
12
14
5
13
8
8
21
8
5
2
2
3
8
1
2
11
4
3
7
6
6
3
9
1
7
11
11
5
24
7
7
1
3
12
23
4
19
9
15
17
4
7
5
9
4
10
9
1
13
6
1
9
6
5
14
2
8
5
11
7
8
1
1
14
2
10
13
8
15
15
12
15
3
8
8
16
2
6
9
22
5
10
17
15
7
9
13
2
7
2
11
1
6
7
4
19
13
11
1
7
6
7
9
10
5
3
5
13
7
15
14
5
14
3
4
2
1
2
15
10
9
11
11
6
4
4
4
9
10
2
7
16
20
14
11
6
22
12
12
14
12
10
6
3
3
5
6
13
7
9
3
8
10
2
22
8
5
2
19
2
10
12
4
2
4
5
1
23
9
4
2
4
15
23
3
5
8
6
8
6
3
10
10
3
9
3
16
9
8
2
4
14
4
4
13
15
2
1
11
17
13
8
5
12
5
11
9
21
16
1
1
1
13
1
1
10
13
9
2
1
1
11
22
1
8
8
6
11
12
11
1
11
2
15
6
2
2
2
3
1
15
16
3
6
4
9
11
8
4
8
10
9
4
3
11
2
6
4
1
6
12
1
4
15
9
10
24
3
8
11
4
9
10
1
5
10
1
3
20
7
3
1
6
4
9
11
8
8
18
2
10
5
7
3
21
5
22
6
3
14
14
24
6
12
2
6
20
23
17
21
13
1
5
7
8
5
7
19
1
7
8
9
5
11
6
5
7
4
5
8
8
2
21
24
16
20
5
3
22
1
22
12
1
4
12
1
2
12
4
3
2
9
3
12
4
9
7
5
1
3
5
3
7
20
9
8
5
4
4
1
1
3
10
20
2
5
14
2
6
6
1
7
1
14
8
1
2
3
9
13
8
10
8
1
6
2
6
5
2
5
4
6
1
5
4
14
3
5
2
2
17
11
11
10
5
9
2
8
20
5
6
10
6
7
8
11
17
4
1
2
2
5
10
1
24
20
5
3
9
2
3
1
1
1
6
8
1
12
13
14
15
12
5
5
9
5
1
2
4
8
5
8
1
13
3
2
3
4
18
2
13
1
3
9
21
6
16
1
12
10
11
18
19
13
1
7
7
7
20
2
5
8
6
9
4
13
9
1
19
1
23
6
7
1
2
1
11
2
10
5
10
16
6
10
2
3
6
5
2
2
11
7
13
15
1
6
2
7
2
7
6
16
3
2
3
21
9
4
1
14
7
17
14
6
4
10
14
5
8
2
3
7
9
4
3
21
5
8
15
11
7
1
9
3
9
12
1
13
4
14
2
2
4
7
2
4
1
8
7
4
12
3
3
15
4
4
1
9
3
22
2
15
17
11
2
18
3
1
4
1
10
7
5
2
5
3
9
8
4
13
4
3
10
7
16
14
3
2
1
4
1
16
4
6
15
10
7
20
2
17
3
11
3
3
1
5
7
7
7
1
18
3
5
15
15
2
14
3
1
4
8
2
8
23
1
3
12
18
5
5
20
8
3
13
9
13
10
9
13
4
9
16
10
5
8
3
3
4
1
7
2
14
4
18
9
2
11
7
9
2
11
10
1
10
3
22
5
11
3
7
7
21
12
16
1
2
1
1
19
18
1
10
1
16
6
10
12
2
10
6
6
3
4
1
13
14
4
19
6
3
6
6
8
2
1
6
23
9
1
14
19
4
2
4
7
3
11
5
4
3
2
10
18
2
7
18
1
19
2
11
6
10
12
16
18
12
21
12
11
6
7
9
2
12
17
2
10
1
5
3
14
8
5
11
23
12
15
4
12
20
4
14
19
20
4
9
9
6
19
2
8
8
