220 403 764
13 47 65
462 942
57 108 840
20 26 879
238 281
211 376 789
338 402 428
147 178 481
3 19 214 498
185 748
12 38 84 168 626
25 113
304 804
73 660
36 96 98 173 201 217 264
58 89 181 253 311 332 503 703
90 477 534
513 999
232 449
10 29 963
33 87
35 61 351
94 144 239
48 327 957
7 8 313 362 392
17 152 173 178 649 828
22 67 209 336
84 794
338 390 768
4 14 56 86 158 522
13 202
66 83 267 371
28 131 162 206 331 565 728
43 594
16 57 62 77 249
86 480 592 757
15 210 343
697 718 847
24 36
3 197 333 611 679 762
267 504 558
19 380
1 36 189 739 842
4 120 855
12 401 856 954
6 30 112 354 357 639 663 723 945
162 234 257
54 67 130 402
10 80 92 300 882 990
86 212
8 21 109
476 815 920 931 978
358 503 952
46 784
413 541 547 648
538 584 903
19 48 729
446 519
8 44 633 838 995
69 134 640 933
3 6 19 39 281 830 973
4 192
58 123
22 259
23 90
8 180 454 769
235 697
213 254
75 122 711
93 793
21 844
307 772
17 138 149 991
111 159 177 282 297 432 480 871
81 109 244 353
181 246 924
64 75 276 299 345 784
29 62 142 183 258 555 878
18 137 207 401 521
164 259
41 85
94 166 926 991
2 17 44 149 474 901
151 554
25 26 43 94 539 794 839
5 106 269 574
32 57 668 795
29 478
39 135
28 36
242 943
11 343
190 684
144 165
37 204 273 528
398 863
253 338
228 881
58 221 497
77 191 483 695
33 69 100 159 661 704
53 136
45 88 262 573 678 936 971
37 294 387
45 46 173 516
26 32 34 78 88 327 415 460 880
43 160 879
127 865
4 465
3 755 825
151 319 737
122 455
94 997
38 71 107 118 200 217 368 671 860
76 858
87 224 758 775 819
18 33 125 315 348 357 412 517
19 126 307 666 967
229 291 323
20 256 511
161 226
50 461 606
45 148 210 299 712
102 106 191
12 487 667
22 54 106 190 459 764
47 786
17 54 83 282 360 645 740 792
80 464 590
44 130 179 360 893
133 258 299
26 866
209 941
27 146 525
183 227
23 190
37 196 628
50 551
75 934
77 95 139 151 221 251 383 470 614
221 998
64 104 337
93 108 123 216 373 543 901
91 205 224 243 580
3 13 783
190 413 953 998
44 182 540
1 920
11 284 386 444 470 869
344 894
2 5 135 364 426 623
89 332
17 29 215 286 311 370 453 720 948
22 24 35 65 127 516
78 321 601 760
89 200 644
376 968
42 112 121
29 136 190 217 229
328 464 846
216 231 548 558
78 79
17 54 182 375 764
43 196 316
811 910
21 116 569
23 215 295 330
109 629
15 169 230 890 940
39 973
85 118
169 579
102 118
17 143 160 179 227 263 291 637
396 418 670 906
205 734
389 456 989
366 467
29 460 777
2 18 169 175 193 410 431 568 817
610 843
245 751
181 575
406 900
167 366 372 506 797
56 440 621 675 796
331 687
21 494 556 652
272 529
10 908
28 50 475 534
54 431
374 651
1 64 901
138 752
29 119 141 246 408 439 584 903 911
267 282
95 556 672
124 179 269
33 53 136 292 922
11 14 133 160 280
81 524
5 331 593
11 102 240 720
96 302
51 231 551
498 868
121 204 272 350 354
46 230 260 838
102 223
135 468
18 29 87 134 150 256 444 614 703
49 50 123 128 224
4 465 728
52 134 155
32 35
71 151 159 250 277 367 723 751
171 184 822
7 65 96 340
374 755
20 126
578 742 938
9 531
11 520
242 812 916
133 145 378 379
92 99
17 26 149 337
72 158
34 158
115 219 691
66 207
22 54 199 471 646 987
56 361 363 547 767 921
101 171 577
5 101 311
91 247
72 171 186 309 694
61 65
51 466 558 560 636 831 854
13 266 698 864 917
10 13 30 163 289 902
90 726
9 56 128 143 274 388
58 309
22 45 99 209 284 514 813 947
2 249 418 593
527 872 943
73 501 699
18 86 410
204 623
426 967
40 846
101 505 572 988
25 458
56 120 262
1 432 676 842
15 17 22 494 535
9 63
39 398
1 66 476 573 656
43 932
32 50 536 978
25 45 341 724
77 170 928
159 203 287 695 964
21 36 348 566 996
635 716
157 797
74 170 543 605
3 5 220 275
3 257 611
14 88 208 356 358 503 949 951 954
273 423
249 457 645
3 16 25 117 208 378 458 729 969
140 234
25 36 37 47 152 226
4 39 227
41 912
3 27 309 496
293 693
331 505 826
25 306
29 37 40 67 107 306 453
79 95 236 326 444 653 995
1 394
263 607 932
12 28 994
104 124
11 95 118 127 377
10 80 110 119 291 700 741 800
145 205 253 754
65 332
33 420 520 589 709 913
16 25 334 985
32 38 52 240 261 892
215 325 547 553
31 86 922
261 686 825
25 115
4 105 954
387 591
293 626
5 11 77 163 250 367 383 970
22 35 78 321 449 530 707 811
32 61 174 489 595 960 975
113 218 968
225 792
24 71
68 237 567
1 61 65 458 952
5 6 36 90 135 300 443
17 127 231
55 186 888 931
3 70
195 424
3 13 169
31 33
172 821 870
7 669
395 638
6 216
329 923
7 23 37 41 486 524 849 857 873
17 172 427
78 93 108 114 129 250
108 162 486
9 33 51 57 282 479 480 770
174 342
28 348
24 75 600
353 495 537 539 894
97 302 536 950
108 140
41 118 136
35 742 930
604 738
39 71 109 154 321 420 422 544 589
63 65 96 245
270 534 826
79 100 500
66 89 173 281 600 950
338 979
28 386 416
31 69 541
4 16 90 258 421 434 906
267 409 477
102 202 525 548
13 137 285 306
20 27 74 207 305
60 195
128 135 397
147 345
15 300
87 130 410 517 683 940
19 30 428 533 624 763 876
201 618 857
158 694
1 91 138 148 630
2 641
23 185 223
69 976
513 622
10 271 459 699 808 826
184 496
53 77 88 134 297 481 617 655 957
479 840
66 462
17 179 337 402 552
342 467 928
52 202
22 34 44 346
42 52 84 156 164 350 660
450 530 586 997
89 332 938
5 174 365
87 147 207 701 856
258 926
74 279 303 559 657
51 57 71 452 492 854 861 875
6 21 70 183 235 319 463 473
501 959
602 769
397 452 568 914
121 377 400
59 174 210 312 449 875
192 238 791 973
232 337
14 701 836
10 168
76 403 948
43 47
316 664
83 85 204 283 390 684 946
10 35 52 202 265 280 402 721 829
42 446 448 623 690 698 860 911
50 57 832 944
38 711
61 97 163
7 45
62 189
523 992
26 85
9 59 120 155 902
53 287 777
466 522
11 406 554 970
8 95
27 55 60 76 103 403 545 596 872
148 165
13 55 156 393 415 808
329 518 640
110 471
171 178 621
16 146 186 504 578 929
27 211
27 256 355 521 618 961
118 136 835
103 128 982
26 54 64
2 116
63 120
42 151 204 239 529 613
47 185 971
220 437
15 209 411
15 39 307 800
78 903
123 382 978
81 215 443
32 39 143 176 457
174 220 750 762
502 521 565
49 982
4 31 45 116 193 641 656 665
30 489 848
101 200
17 182 269
16 17
18 212
340 709
2 222 261 579 647 847
53 131 170 298 969
153 478 716
42 112 272 308 793
745 990
112 255 616 873 878
10 238
12 500 672
406 754
49 131 136 514
130 675
59 110 256 318 744
479 585 802
6 34 225 803
100 396 412 541 950
146 524
676 850
113 322 341 378 996
92 234 384
13 122 247 415 923
16 291 368 391 425 458 722
183 405
18 222 698 765
130 915
46 140
46 140 687 921
13 60 927
125 244 305 632 640 844
149 766
104 343 915
43 44 142
48 145 325 464 633
180 638
31 178 557 696
31 33 79 111 891
230 765
40 44 159 304 441 753 828
11 28 319
288 417
55 156 411
13 57 132 188
218 553
64 67 232 361 389 603 626 848 868
54 133 759
75 115 150 414
17 31 63 71 79 116 169 569 933
110 163
50 771
21 43 884
198 205
77 554
28 108 271 313 560 639 671
104 339
32 51 384
18 66 79 134 365 544
11 231 242 245 470 887
49 958
16 171
53 85 90
26 54
247 306
187 222 733
7 241 559 654
49 162 211 233 889
8 88 109 328 718 748
61 988
7 501
239 666 783 881
146 401
24 48 50 123 210 231 276 590 665
181 582 738
68 94 112 266 539
168 187
17 22 44 650
24 302
4 98 100 177 373 785 791 814 889
30 657
21 109 352 725
10 84
249 723
14 445 617
7 20 511
91 736 818
6 430
215 533 730
21 43 72 607 974
27 126 186 187 654 700
63 820
255 303 491
269 304 468 779
42 50 93 271 492 706 733 874
68 980
18 283 315 365 557
147 481
44 52 72 254
72 175 196 813 850
239 370 447 778
13 137
58 82 575 741 926 939
2 212
136 622
185 727
124 540
145 193 304 399 408 654 908
209 213
135 333
17 22 23
312 832
8 208 286 388 628 879 888
49 107 437 780 807 925
42 150 742
8 10 12 38 84 168 553
907 956
5 19
1 527
12 691 705
51 657 876
35 59 119 612
85 133 218 243 462
48 59
24 36 184 194 223
150 218 248 276 484 741
14 21 72 884
35 46 905
32 57 327 787
113 157
33 36
34 55 662 862
1 282
5 19 97
30 313
89 498 665 768
297 683
31 169
18 134 877
22 67 130 149 179 269 540 543
3 41 42 62 218 454 631 680
24 286 789
55 399
48 100 702
224 255
114 271
42 121 746
14 225 392 425 651 726
2 15 46 105 137 157 265 472
2 148 922 1000
67 830
116 177
427 590
5 19 125 792
107 809
25 913
722 890 985
131 501
16 49 67 219 251
103 420
68 387
12 47 74 263 268 300 474 564 747
150 918
106 194 463 809
107 134 409
587 735
356 585 668 773
71 82 446
226 365
103 224
9 214 391
15 53 91 99 243 447 947
10 84 260 882
18 87 986
53 283 292 508 568
159 361 784 845 851
67 199
203 339 377
30 363
195 375 448 756 898
62 532
595 929
184 659 674
39 94 137 176 429 721 859
18 23 233 454 748
25 85 129 131 171 329 899
77 637
45 350 966
112 211 259 658 776
12 518 677
542 807 868
26 138
55 588 669
23 90 228 739
95 236 242 450 821 863
114 145 205 342 531
115 118 191 199 378 977
223 555
9 576 732
70 441
2 241
6 281 507
542 925
12 168
41 42 86 589
146 207 364 596 977
69 955
132 147 299 442 715 918
47 777
72 488
71 100 111 116 429 592 833
1 462
88 664
111 165 327
9 58
38 60 80 91
10 636
98 130 853 882
43 76 565
874 932
5 213
9 385
32 73 435 549 608 773 850 998
5 109
35 631
11 450 550 805
342 597
31 110 116 141 435 538 735 935
675 719 758
9 318
153 494 598
79 283 576
2 177 260 460 475
8 233 248
16 433 619 934
56 870
105 120 902
274 476
3 83 336 354 738
2 453 770
419 493
15 29
76 241 619
6 39 43 176 238 254
20 27 423 1000
60 173 778
16 135 594 996
19 69 103 135 289 296 321 340 705
77 228 307 750 924
405 591 747 860
13 34 346 393 588
41 137
6 12 125 571
63 82 322 526 528 962
54 421 459 546
111 201 252 323 368 383 827 994
141 142 175 371
58 89 136 309 499 635 814
28 326
35 97 127 489 799 811 890 892
64 179
154 278 335
130 142
182 203 990
56 268 277 314 349 379
24 730
18 28 122 149 155 293
8 48 160 262 286 379 561 884
24 277 280
75 117 455 496
142 633
16 139 279
271 304
111 581 642
261 480 853
2 260 468 579 645 838 937
457 847
62 142 189 217 594 772
15 246
134 419
368 391
24 59
1 83 237 429 580 823
6 28 376 550 653
96 145 673
29 53 329 561
81 189 191 234 749
185 358
40 100 178 186 457 886 904 984
27 50 66 124 324
156 411
155 572 634 988 992
228 898
9 181
9 48 385 516
68 393
96 119 127 627
167 196 349 454
34 43 60 109 131 272 578
9 56
152 356
57 99 111 220 310 466 591 781 897
208 708
538 819
51 714
37 379 999
12 609 951
34 157 207 808 867
836 953
312 468 484 896
20 59 69 95 180 325
13 137 317 510 559 682 864
51 198 313 461 469
248 433
3 125 128 445
3 18 103 177 302 317 367
69 290 409
121 164 206
17 795
8 573
62 195 387 806
242 587
29 41 53 283 463 524 561 899
75 157
1 268
195 259 400 513 563 980
47 73
296 624
113 132
5 7 197 226 404
278 539
44 779
92 107
81 124 731
23 29
27 153 858 895
400 824
40 42 216
7 27 161 252 279 305 661
2 5 111 351 438 510 704 891
7 13 126 173 181 187 574 689
13 34 63 393 715
49 172 399 432
200 345 382 407 440 465 938
445 610
104 182 232 360 505 543
14 35 628 688 904 916
15 23 165 298 525
4 68 737 761
53 85 106 274 316 790
102 825
203 660
322 577
4 11 153 746
2 19 74 194 236 532 909
62 227
5 61 280
79 139 290
37 203
94 357 956
443 603
13 798
76 230 257 261 472
461 771 942
5 49 87 135 257 719
27 598
65 110 147 359 917
5 49 196 289 320 712 945
38 98 162 370
38 48 394 799
55 100 161 256 873
143 528 714 795 810 893
199 888 972
8 88 161 209 362 431 549 607 615
132 248 334 934
4 38
7 27 53 473
88 139 314 844 904
384 829
158 267 308
116 420 967
3 24 97 110 120 381 464 584 732
28 672
56 176
36 131 219 315 341 917 955
124 138
76 652
45 188 343 403 556 803 872
36 244 461 865
188 946
648 880
7 20 64 96 214 221 557 986
25 78 84 150 296 715 871
68 94 564
288 713
4 301 653
70 108 182 570
493 965
44 199 502 507 966
509 611
71 116 212 222 796 909
4 142 183
61 372 852
30 34 45 99
77 95 463
74 630
127 620
506 554 835
154 975
75 77 284 383 492
31 49 60 84 646
4 62 74 189
404 445 679
107 167
8 14 160 196 362 434 608
89 201 416
187 226 241 355 801
451 482 517 567 586
174 312
23 85 307 515
77 735
66 83 128 270 757
10 794
11 28 404
187 494
29 287 335 953
146 166 755
80 81 140 155 293 324 434 451 667
94 294 526
517 688
90 101 184 521 618
5 19 225 369 770 830 885 958
15 287 685
33 71
210 897
163 302 354 380 871
125 219 478 875
20 362 546 595
1 105 813
34 325 368
18 33 177 246 422
154 353 495
68 761
15 29 41 85 165 228 347 837
39 150 192 716 740
330 407
172 505
2 54 62 217 483 534 647 822
2 3 164 211 255 259 467 519
393 582
31 34 899
146 316 389 686
386 421 758
2 31 438 702
499 648
441 766
161 380 575 710
75 683
170 366 935 983
39 176
10 32 111 642
19 324 358 629 692 725 760
86 297
14 21 210
7 20 79 103 460 864
38 92
4 20 266
495 537
14 204 359 417 434 435
3 426
397 428 484
643 927
180 288
266 273 423
24 36 65 127 571 824
9 19 407 870
1 295
15 136 287 979
26 44 156
7 56 58 473 857
109 717
21 22 124 362 518 530 677
4 500
15 29 45 70 300 347 491 837 977
61 63 206
73 180 263 415 599
144 223
275 576
11 936
250 281 340 816
118 137 148 800
47 221 314
357 681
170 366
9 763
60 115 668 689
37 121
145 734 754
174 549
3 19 49 125 243 320 392 752
2 4 62 189 465 532 632
58 82
175 238 284
11 32 96 235 245 261 388 447
253 309
6 23 40 78 545 773
46 107
7 485 708 841
184 226 334 504 711
23 166 235 681 997
40 147
55 156 647 867
20 172 252 374 606 803
63 730
48 264 960
57 560
27 834
23 41 102 148 190 219 264 616 622
60 99
24 70 802
8 210
60 526 710 986
823 877
47 73 718
45 256 344
81 323 771
292 720
43 192 442 562 670 895 974
40 749
746 946 976
222 250 765
10 104 490 839 856
6 26 152 281
63 962
15 258
299 692 883
82 499
8 99 208 264
12 84 168 245
112 203 424 564
99 140
4 993
6 176
805 863
63 105 120 155
696 841
86 87 212 413 592 655 785
29 85 229 580 759 835
11 650
2 18 134 230 475 627 737
16 33 175 240
16 40 108 476 487
9 16 223 395 474 502 536 713 956
478 886
15 41 217 229
140 993
129 148
38 93 303
5 46 105 292 999
7 355
56 63
12 16 133
113 251 481
17 138
301 308 428
47 73 356 358 388 395 549 802
22 72 339 489 855
55 179
23 417
25 115 249
20 37
13 585
49 538
3 118 333
52 83 208 328 352 397 545
236 367 614 849
546 779 972
7 201 530 573
369 629
61 151 744 799
7 12 58
50 70 129 216 479 733
26 51 107 198 605 780 848 995
5 895
68 90 118 287 477 859
18 33 366
19 93 99 149 439 780 861
154 335
51 731
24 59 61 318 571 709 910
506 983
58 181 205 495 561 739
42 50 73 236 255 384 536 787
2 22 105 347 621
164 285
24 65 678
334 523
1 30 908
59 101 351 562 714
21 109
197 377 424 485 486 685 806
76 80 230 246 829
290 604 883 919
19 128 170 233 355 406
373 586
113 115 700
3 5 214 453
110 219 615
133 229 278 658 972
40 114 349 760
1 317 439
438 493
35 259
562 617
119 775
41 101 129 260 275 318 568
86 408 601
6 66 143
278 537
30 198
297 429
20 45 286 612 613 708
21 47 109 110 139 769
592 878
69 71 670
27 81 151 965
107 278 294 356 757 893 961
6 43 326
34 153 252 310 602
46 80 705
191 367 550 761
267 270 649
4 744
193 265
70 123
75 707
18 33 145
724 929
378 433 930
80 88 139 213
38 324
14 195 249 512
11 191 450 520
80 190 563 837
18 833
502 552
24 97 414
512 887
1 75 158 237 270 308 682
222 290 785
257 503
20 344 412 983 987
6 39
235 991
1 576 649 725 843
83 371 782 843
87 89 98 153 159 858
211 513
418 696
7 59
195 266 485 528 644 851
1 76 346 467 706
12 121 305 807
8 57 95 98 416 883
121 446 658
27 42 117 167 316 341 342 673
30 60 126 209 790
9 10 218 581 762 897
51 93 129 216
61 113 359 774
40 58 63 82 262
67 130 339
28 277 386 866 869
2 30 116 141 412 509 535 655 836
51 422 441 874 937
42 166 253 717
8 14 201 252
93 663
36 59
79 552
192 375
174 840
3 7 82 201 225 241 303 333
12 95
1 94 270 432 684
192 625
56 889
105 274
34 353 937 960
704 905
214 788 894
9 21 108 221 583 690 763
9 12 105
9 56 63 105 557 962
40 50
126 613
4 682
89 200 390 575 814
7 73 328 816 971
3 430
11 106 405
127 359
53 144 205 491 508 673 943
26 38 961
30 92 234 469 599
14 75 131 150 477 605 919 957
22 54
47 98 447 774
13 112 213 410 939
81 91 194
165 310 455 587
83 117 147 276 317 514 834 959
65 787 819
160 488 732 789
206 377
19 103 225
4 8 62 103 958
99 162
117 132 186 291 442 822
721 862
45 187 364 964
2 48 169 290 641
237 371
91 881
108 115
10 12
731 831
66 265 338
125 128 430
123 349 846
10 12 122
60 325
74 126 226 355 535 905
92 102 144 515 574 750
55 177 669
47 208
6 143 146 398
51 216 636
92 482
38 482 547
627 925
3 6 162 224 257 320
39 247 553
164 321
40 97 359
53 69 277 448 537
16 25 64 577
14 73 275 703 727 827
10 571
41 165 812
15 41 525
5 185
13 295 315
265 544
30 32 542
9 710 924
206 273 350 559 583 885
33 122 132 219 442 510
214 896 923
95 162
54 70 193 519 768
212 867 979
182 289
4 28 558 560 920
667 680 951
23 512 518 686
142 183
28 221 247 319 383
11 313 603 664
28 106 236 389 469
73 175 301 369 949
178 345
7 50 260
47 72
451 797 909
67 987
20 689 810
166 385 643
570 643 948
158 282
427 459
117 555
6 68 166 516 701 939
27 146 981
37 756
23 87 328 555 580
113 115 148 184 523
141 877
113 264 722 805
160 263
35 70 114 129 497
305 344
1 28 37 348 416 869 994
92 569 743
15 55 69 82 391
68 294
186 504
156 500
8 152 717
114 373 753
21 72
4 19 32 106 497
350 400 767 776 851 907
37 164
1 394 639
272 298 317 370 728 812 886
227 490 842
202 360 491 693 782 941 975
372 852 935
151 191
76 251 601
84 254 713
167 170 233 511
46 52 81 285 456
512 726
382 778
103 166 198 224
619 691
154 330 440 788
515 591 753
33 67 169 569 584
634 859
52 295
154 335 353 421
69 507
26 199
1 66 83 237 439 790
33 141 193 544
38 433 772
59 244
1 127 163
150 600
3 5 320 610
8 14 254
9 101
31 121 275 508 944 985
141 632
25 197 563 804 989
144 240
10 24 52 115 212 369 418 727
30 38 60 666 767 981
36 110 244 333 712
271 301
371 425 634
153 172
32 854
203 486
16 43 88 144 952
16 53 104 252 320 363 438 736 900
18 168 373 482 511 885
46 98 301 376 818
8 64 73 231
646 936
437 832
81 361 363
2 196 254 572 661 981
32 50
192 194 398
120 124
20 76 188 197 272 527 565 659
167 170
51 123 336 488 955
251 294
474 914
148 515
68 94 235 688
68 907
140 475 918
122 348 533 968
364 574
98 107 161 166 173 443 743 989
16 178 425
255 519
84 167 456 674
39 143 176 289 345 507 740
42 206 452 928
20 61 119 124 340
52 766
102 351 644
211 387
4 22 30 128 132 133 227 527
7 25 74 126
36 48 351 620
74 188
405 444
61 914
248 609 638 831
1 37 71 702
55 346 509
112 375 589 747
119 380
3 19 52 125 214
86 229 238 334
2 97
73 152 625 656
11 106 319
70 111 324 435 492 745 788 849 980
59 982
27 186 248 376 455
100 185
37 72 436 891 963
153 172 279 303 364 483 548
188 372 414
46 774
91 284 736
84 876 959
17 149 552 966
16 117 122 131 138 157 322 919 984
72 827
31 87
273 359
1 9 347 487
157 341 523 729
64 126 809 910
98 228 590
6 828
233 699
46 121 270 451 781 993
139 323 408
298 759
32 70 114 343 861
17 194 215 293 566 752 942
25 123
426 945
21 29 128 620 810
630 635 652
310 556
86 132
497 551 570
93 112 529 776
89 200 390 582
6 264 707
44 396
139 388 436
41 85 90 144 240 347
3 31 659
2 69
75 82 187 220 312 510
10 39
80 389
734 965
35 280 892
6 158
20 382 866
91 298 314 898
102 153
13 161 344 535 624
30 46 80 99 234 940
117 171
14 21 25 139 436 473 793
78 79 240
108 137 202 265 285 399 509 583
189 227 239
381 970
34 52 288 694
66 598
42 690
215 239 693
141 177 323
129 796
37 375
183 499
101 374
52 54 81 217
88 213 232 352 816 941
562 572
44 67
200 311
9 155 274 330
11 171
32 93 379
10 119 168 963
26 44 54 58 64 104 337 360 984
40 586 663 781
7 45 207 490
14 97 681
4 493
8 43 74 288
140 173 296
65 91 96 119 912
12 13 58 82 498 845
3 5 103 242 564 583 931
21 112 152 276 625 815
100 315 798
39 204 570
106 181 262 582
93 384 671
285 588
123 616 865
98 198 243 542 821 921
2 47 126 198 329 369 419 1000
20 268
17 677
157 237 488 679
71 78
77 381
483 786
15 102 152
676 833
508 531 900
93 385 719 852
62 145 223 685
18 178 593 913
78 90 141 165 220 413
110 380
40 57 129 295 452
83 308
266 801
87 419
154 724
6 180 288 423 896 969
74 144 357 540 579 588 756
5 14 49 225 404
5 180 529
104 117 273
577 674
6 26 44 104 138 336 567
78 111 365 472 775
67 114 279 430
16 26 117 130 269
602 801
22 26 64 104 232 336 427
1 66 394 456 551 566 567 783
13 52
35 36 244
6 143
10 20 30 114 151 352 485
64 182
326 550
18 33 74 222 268 541 798
57 133 251 322 496 531 546
172 188 197 651
21 431 545
35 96
8 14 72 175 275 949
1 179
14 59
15 97 243 596
49 662
80 392
11 250 422 695
184 599
34 65 280
31 78 642 853
37 206 354
82 114
16 41 83 292 331 992
163 471
22 124 138 650 915
51 92 119 164 469 806 911
106 386
42 76 86 585
6 7 176 310 490 514 566 791 841
48 97 823
56 105 120 155 385 440 533 820
3 152 175 185 263 286 352
22 23 363 820 862
183 532
197 786
245 692 887
2 246 417 472
122 131 147 218
55 92 193 247 285 526
70 129 349 548 815 944
46 437 448 817
278 335
40 382 466
372 506
188 834
89 101
45 91 370 409 581 743 839 947
14 436
6 125 143 609
35 96 381 678
19 522
167 395
1 268 782
274 330
23 88 314 597
34 346
35 48 318 471 612 631
23 90 339 578 927
48 470
11 277
82 262 390 604
34 156 306 804
160 597
24 101 163 745
2 31 213 401 817 916
26 964
40 57 749
12 36 48 113 327 933
38 60 92 194 361 391 392
284 326 563 587
253 332 414 976
9 15 76 120 283 407 912
31 149 381 424 449 818
311 845 880
241 279
94 697
159 906
36 79 100 824
4 11 15 142 258
199 202 855
8 14 180
411 662 680
12 751
10 12 190 487 520 637
4 62 189 276
5 49
296 522
25 122 132 930
484 687
8 41 43 606 608 615 706 974
396 581
161 374
