13 54
83 219 279 339 448 738 751
13 59 119 191 564
18 56 423 742 846
95 609
35 511
12 155 409 980
51 59 342 500
60 72 87 99 156 255 281 503 618 895
84 202 219 253 587 667
28 114 316 393 639 837 853
115 126 154 184 446 584 912
149 182 228 299 515 662 717 1000
69 192
4 16 30 76 85 414 456 459
167 980
265 306
9 389
45 67
43 98 287
331 880 894
125 350 410 721
129 700 965
66 565 575
39 429
157 162
116 119
87 569 914
2 59 117 149 182 183 371 644 682
14 73 787
36 150 227 339 570 873
84 125 142 146 239 263 294
49 547 554
418 940
18 37 74 143 361 559 648
3 21 102 405 634
10 89 134 196 320 328 490 821
49 58 85
55 251
104 238 620
99 708
109 254
53 742
8 10 13 126 166 194 385 784 942
170 353 554 976 996
21 242
52 73 473 524 714 997
65 159 161 180 181 356 391 413
59 322 999
107 765
15 192 261
21 64 161 783 859 946
4 374 445
25 75 236 247 261 299 842 891
232 927
42 106
47 535
18 74
15 79 352 421 489 689
29 160 252
72 204 223 452 471 607 760 789
49 82 208 209 224 502
13 75 166 190 202 385 496 925 936 938
9 44 110 292 335
201 488
12 23 72 124 156 175 364 409 440 876
14 51
115 463 804
31 70 113 154 217 889
50 128
261 336 348
48 300 308 392 558
1 53
799 968
2 126 173 272
5 14 285 293 298 362 448 495 656 884
7 30 112 497
251 278 434 522 601 761
8 17
9 245 274 283 806
49 151 153 178 286 656 966
7 146
80 112 325 519 573
208 553 671 692
111 140 194 232 269 560 725 961
74 245 520 919
12 25 34 52 161 416 417 710
50 89 108 635
1 27 40 105 121 599 667
17 40 54 109 179 264 460 745 813
14 90
25 213 238 386 647 764 799 918 920
127 187 639
42 162 299 504
356 359 455 679 688
1 24 838
21 34 40 59 86 146 368 428 766
29 398
5 7 66
23 33 50 258 474 614 781 788 789
209 426
7 11 563
105 315 646
456 750 780
135 788
25 87 216 551 744 935
13 16 190 949
189 370
45 50 77 83 123 482 778
4 41
1 26 240 332 438 461 648 658
125 197 697
1 4 12 173 279 397 746
79 122 224 272 491 518 630
29 971
51 62 573 845
51 140
132 264
48 981
14 193 194 304 340 430 498 533 673
227 360
76 86
71 96 136 260 580
102 206 213 217 240 386
27 753 991
62 179 385
78 322 625
4 17 30 67 156 692 811 923 924 967
6 38 66 67 123 435
7 856
130 227 339 347
62 131
82 122 153 215 219 466 832
61 91 132 900
130 150 181 339 612
35 39 87 241 779 816 890 981
113 395 795 866
10 18
291 427
5 102 106 136
4 463 739
2 10 344 544
148 569
8 41 47 104 317 378 564 962
129 293 329 412 988
221 640 852
425 816
17 67 75 117
4 104 498 571 683
5 106 123 931
14 86 88 210 269 323 326 341 353
530 893
163 278 291 372 508 858 928
16 190
829 833
9 32 70 125 146 223 274 361 880
97 157 435
31 63 219 369 414 438 596 815 958
30 468
14 884
17 88 172 194 300
112 256 688
35 121 484
3 66 95 103 106 162 231 280 673 783
31 229 549 551 690
78 154
13 262 939
2 7 12 399 524 796
2 538
9 143 176 211 423 436 983
37 423
27 88 300 323 353 698
72 937
286 942
31 71 136 304 762
7 10 863
32 60 281 526 920
3 43
647 948
33 53 123 177 204 596
33 53 67 330 571
5 66 343 628
47 60 290 378 709
5 41 51 324 401 447 566 931
289 405 522
4 25
74 631
31 71 96 116 136 396 626
49 151 174 187 205 492 793 832 966 973
10 15 76 151 301 443 638 677 735 793
254 523 938
111 259 297
2 38 148 748 840
308 634
173 560
55 162 165 380 594
16 107 218 340 718
214 571
25 60 94 590
52 107 425
117 155 288 615 720 771 908
93 382 486 661 763
58 271 346
562 661
5 42 162 504 540 611
31 63 116 135 260 304 390 626
4 41 47 104 530 709
6 13 54 98 103 268
23 72 237 374 566
51 124 128 140 276 512
12 298
14 40 286
218 233 288
80 312 622
6 169 252 819 926
8 75 91 108 193 779
299 331
138 731
13 17
103 421 526
8 10 275 419
7 26 56 73 81 283 390 399 436 721
240 670
127 316 379 557 693 741
57 92
19 184 544 616
2 128 183 466 513 549 935
18 56 81 755
16 33 75 681
24 229
72 474
77 79 178 215 225 636 641
139 960
11 35 46 58 230 241 264 528 537 963
147 947
45 50 128
3 111 169 197 402
89 276 314 484
113 121 315 352
16 28 95 137 237 270 851 862
24 35 408 467 543 645 745 871
24 25 101 309 472 808 835 905
25 379
1 18 39 73 217 222 368 752
132 145 592
132 402
105 121 204 894
19 23 28 138 162 325 769 811 867
9 30 207 362 891 983 994
258 490
10 13 138 386 523
92 100 137
20 25 72
57 284 341 489 559 772
3 79 284
75 379 623 767
20 897
42 554 969
344 728
111 383 403 794 913 922
118 951
161 180 249 266 356 413 597 689 789
105 265
10 14 48 52 136 156 186 329 633 904
262 660
455 486
9 65 144 230 241 303 600 645 745 763
138 280 479 568 710 909
2 65 380 899
142 174 430 505 525 541 632 878 887
38 971 991
13 92 133 842
542 749 995
2 41 122 228 236 239 743
60 472
121 265 516
8 86
18 62 151 235 373
18 30 81 144 457 892
127 316 490 655
35 65
131 262
77 183 349 461 653
101 235 283 598 869
1 52 68 93 157 231 401 510 590
23 65 179 531 903 910
175 219 243
354 662
1 123 776
6 129 155 519 595
190 218 557 768
42 149 327 408 510 543 864
38 77 174 216 225 301 514 610
43 210 273 803 849
152 264 508 511 720
223 228 515 582 741 743
114 209 775
12 183 585
170 359
3 38
4 254 487 870
32 74 79 81 101 190 313 350 362
12 595
93 211
507 859
1 178 209 224 331 348
226 751
9 453 844
19 28 293 843
145 605
6 27
15 36 166 279
326 803
42 917
27 77 83 86 138 149 207 275 363 826
32 70 141 233 239 332 350 743 852
23 218
62 109 202 203 215 349 351 602 733
11 30 90 94 110 119 213 220 978
106 606
274 473
4 20 47 50 104 709
49 77 153 353 918
7 46 419 443 666 701
67 276
163 291
412 494
21 591
85 133 226 273 440 740 896
17 669 882 915
21 52 122 145 185 206 636
116 219 243 304 580 923
206 610 984
3 185
36 130 821
74 84
119 203 700
17 949
9 802
4 13 830
120 579
2 12 81 155 226 317 398 561 672
3 29 43
153 174
90 188 199 703
33 143 684
131 407
47 104 382 552 769 855
145 641
310 338 898
29 44
50 305
370 407 943
4 20 25 378 962 982 994
63 135 260 430
110 302 804
111 576
9 16 54 75 381 469 493 950
127 316
33 53 71 270 276 747 797
291 342 405 858
215 282
99 840
25 67 94 114 569
675 676
36 122 369
2 61 214 824 987
11 40 348 381 825
30 497
117 243 619 963
9 610
24 901
347 699
77 86 224 729
22 327 662 979
60 530
2 66 175
99 266
5 673
14 512 768
133 193 417 450 675
52 138 169 170 227 578 647 784
295 965
159 819
35 141 197 825
220 791
230 759
101 477 562 598 602 653 872 907
34 591
64 349 420 456 526 540 568 588 830 865
6 29 56 305 861
20 454
98 220 548
19 244 282 322 411 441 899 959
15 16 224 393 492 517
1 51 144 322 336 360 369 371 607 664
80 101 840
30 310
283 324 423 453
265 757 909
68 171 401 506 510
392 755 764
278 372 858
2 12 76 115 265 321 425 494 533 947
6 26 237 508 531 747 748
11 266 313
1 309 397
170 180
205 212 271 770 944 974
36 296
168 196 860
90 199 555 799 990
20 325
24 117 183 246
184 335 701 810
28 930
33 86
5 66 95
259 644
50 57 108 421
51 62
236 628 708
231 242 783
50 89 128 320
144 337
6 43 185 497 772 808 986
71 543
3 103 128 160 519 776
23 43 94 262 316 475 604 612
406 409 870
19 84 400 801
134 752 844 883 937
45 482
75 109
105 121 130 300 352 475 875
51 57 200 397 438 450 515
163 716
23 72 124 374
22 603
1 4 994
92 109 537
8 10 11 16 40 109 137 404 904
22 95 445 469 603 617
46 56 149 178 238 257 286 439 470 534
22 74 82 211 230 274 539 674
52 107
40 528
33 53 99 279 729 734 974
22 145 232 244 293 335 412 425 685 824
311 702
288 319 338 800
13 17 21 52 83 568 588 929
39 105 154 205 318 377 404 499 975
719 867
131 189 939
249 908
14 54 514 545 676 705 797 835 847
15 48 74 699
82 114 158 638
231 572 597 620
19 37 297 329 432 739 843 924
45 244 411 701 912
297 302
62 101 349 358 705 862
8 886 933
21 34 64 591
12 298 558 637 914
23 56 140 222 253 313 373 587 650 928
23 40 377 531 583
10 46 266
20 24 226 384 595 916
6 24 43 76 198 220 422 500 888
80 135 288 398 582 624 777
27 38 330 888
155 696 758
54 61 214
48 51 113 118 450 944
37 70 73 134 807
14 28 826
23 46 124 531 547 967
113 131 407 951
15 203 272 481 491 502
11 234 344 448 770 906 975
42 510 611
43 60 556
31 357 414
27 30 196 269 932 976
41 64 106 387 401 931
71 181 227 289 360 442 570
164 809
3 6 370
224 989
73 310 572
259 749
95 917
28 36 106 128 141 451 687
36 227
216 285
257 886 991
18 26 384 484 877 995
560 867 927
131 462
5 6 22 189 804 812
15 659
53 59 108 177 191 380 482 536
89 177
3 61 131 189 407 695
80 112 235 256 349 477 869
36 88 152 289 358 528 529
16 17 83 254 486 945 955 969
120 502 814
382 684
113 118 147 158 200 328 665 834
12 503
215 260 878 957
25 45 60 67 94 281 785 988
53 69 88 97 111 460 852
51 141 158 261
258 557
15 805
205 388
41 306
295 400
115 165 366
827 941
9 558 643 754
106 309 527
42 68 162 325 504 766
134 176 524 559 575
7 9 410 485 697 863
100 195
55 69 72 103 158 301 374 734 775
208 857
90 310 555 891
2 38 399 579 627 665 961
35 125 258 656
476 661 780
43 485 548 646 900
27 533
14 200 884 956
14 70 734
31 96
17 19 79 139 165 263 489
36 150 521
66 93 269 332 574 774
78 143 263 345
15 142
47 290 376 529 798
21 27 29 79 120 160
456 562 872
55 234 641
193 329 654 981
20 41 78 129 290 298 501 715 798 860
15 57 127 297 350 477 516 567 686 919
186 294 333 902 996
48 444
96 357
303 550 624
119 439
34 280 590
46 92
32 37 186 233 395
41 68
21 35 52 365
21 52 64 81 282 388 447
35 318
50 68 131 727
1 112 351 444 523 744
14 16 242 266 282
59 182 625 940 1000
554 625 957
116 467 626 923
17 40
61 145 292 602 605 809 987
32 81 155 410 754
26 81 375 461 711 989
76 585
77 205 292
34 107 157 447 591
4 12 41
2 123
48 57 110 244 345 664
240 831
3 548 926 977
328 395 577 730
10 39 75
214 896
163 601
343 449
198 218
39 50 65 167 184 342 379 518 573
71 136 294 879
17 33 235 521 619 636 809
71 116 253 587 932
1 89 212
118 286
63 125 153 615 631 796 800
28 189 462 496
52 63 68 136 294 543 549
163 251 263 372 522 707 899 970
34 64
36 111 150 517 545 705 849 911
7 37 56 86 336 355 391 581 807 968
11 83 334
96 202
44 76 376 645
10 11 83 91 870 882
326 387 737
30 188 196
370 462 695 765
605 849
124 147 577
5 35 95 230 303
200 201 358 478 488
6 943
135 815
12 15 108 249 424 786
130 150 193 200 341 450 589 873
159 209 382 613 791 924
78 297 855
18 49 77 81 142 153 541 759 936
302 633
30 383 468 703 724 898
5 14 455 501
7 23 56
241 312 424 624 813 910
12 24 76 117 226 246 538
45 49 128 305 654
19 129
159 382 679
50 58 89 307 320 346 484 603
16 17 46 58 83 955
806 921
106 175 249 532 720 833
87 213
525 918
59 203 223 228 327 881 905
29 38 103 152 287 968
428 736
5 42 102 153 435 506 732 848
181 227 521
33 58 89 307 378 482 954
367 439 515 594
28 185
23 292 776
146 660
124 150 208 415 480 970
55 82 100 130 153 818
37 55 176 264 691
6 257
57 287 812 977
22 59 170 182 203 223 327 354 642
21 34
27 220 330 474 817
102 157 162 277 488 848 887
53 72 220
44 149 191 228 582 622
37 78 670 837
9 53 85 108 123 125 212 305 465 933
43 169
33 92 177 431 458 634 635
176 657 863
42 95 157 472 525
256 756 967 993
32 100 133 361
2 11 41 109 138 404 493
207 210 416 787
26 134
253 357
268 540
514 704
27 220
215 426 606 630
60 764
18 136
101 992
49 82 101 174 975
52 740 946
61 146
19 930
17 39 166 753
143 721
228 299 516 761
35 65 179 200 264 550 600
109 137 567
256 462 464 500 668
20 30 168 197 206 310
18 89 124 275
8 363
288 829
204 564 644
14 59 94 240 350 365 584 825
57 550 589
8 90 188 195 394
167 907
241 408 546 903
61 214
6 21 29 103 160 424 646 674
7 63 87 186 253 260 958
366 836
149 203 309 367 582
151 290
144 279
29 47 94 225 243 365 581 795 830 949
76 148 321 336 355
471 760
347 612
138 340 593
3 6 29 43 56 74 98 141 198 252
22 43 176 500 592
85 86
3 29 41 246
90 107 361
34 572
1 34 121 206 213 306 648 939
191 238 629
370 864
69 96 199 218 306 445 495 497 652
172 345 374 986
85 790
574 838
82 171
80 192 250 293 298 376 432 877 890
129 401 437 816
7 15 37 93 217 362 392 835
36 289 427 668
68 429 560 604 643 708
26 143 197 206 919
21 343
13 16 385 684 787 855 907
369 430
154 617
5 65 171 182 222 365 527 606
8 17 91 268 318 433 506 567
678 688 827
156 384 628 682
87 216 386 618 893
19 139
87 94 839
27 507
28 139 184 210 463 544 558 826
20 169 501 846
120 232 707
71 260
49 69 114 151 187 491
31 61 116 160 185 186 402 592 638 936
332 449 736
27 65 88 148 233 440 541 715 727
35 380
47 495 501
103 548
85 381
319 508
39 40 92 444 814 978
150 420 521
267 823
170 689 791 969
37 204 717
19 126
13 67 85 108 271 276 346 706 925
119 204 222 371
190 853
186 581 680
112 476 869 872
262 765
37 856
82 207 257 266 817
65 179 408 411
69 77 122 142 234 272 394 421 805
22 129 222 238 309 354 397 457 575 717
105 265 306 315 475 609
56 274
17 26 137 404 693
113 248 451 763
152 771
39 443 621
13 17 54 137 255 433 528
76 183
1 935
23 124 359
1 6 28 32 83 112 160 167 767
22 59
150 570
32 42 190 192 301 614 775 911 922 932
11 18 26 32 70 118 410 476 820 938
4 32 112 464 588 733 770 822 992 999
7 9 37 70 231 233 575
669 681 945
12 44 622 856
91 248 505
17 335 406 544 578 579 769
123 174 188 237
126 302 584 707 728 841
258 639
2 8 97 161 275 355 398 585 758
28 39 126 164 295 298 339 749 860
168 199 922
372 942
23 471
1 36 93 130 360 420 438 517 902
152 319 986
356 359 542
21 598 711 912
26 113 233 257 399 754 820 831
1 144 419
151 192
84 147 267 451 712 774 951
16 166 331
62 80 112 121 733 780 875
20 960
4 29 104 184 232 247 290 297 483
88 273
30 403 962
45 58 212 706
73 102 141 182 245
22 686
2 12 24 44 76 694 744 913
120 184 250 322 446 739
44 97 355 561
314 431 571
257 330
12 19 263
109 487
193 296 792
25 281 782 893
64 107 267 280 483 567 597 620 859
16 17 334 470 853
22 111 172 194 209 223 342 576
104 378
24 91 323
293 307
145 305 514
7 8
20 99 175 277 550 837
34 416
80 167 373 851
132 762
80 173 269 312
26 159 865
168 188
2 26 146 164 221 283 324 399 658 672
10 39 681 762 904
124 547 667 781
40 173 311 643 649 652 698 836
172 725
119 331
167 351
64 91 487 885 916
14 51 895
149 881
4 20 27 41 66 102 180 465 556 713
8 19 40 977
2 76 131 247 538 864 868 947
161 768
59 457 629 1000
61 132 874
31 219 243 294 396 518 536 587
29 103 275
24 97 454 758
44 246 469 562
9 45 255 271 565 781 940
241 471
31 175
8 11 39 78 165 275 409 660 890 929
33 217 466 601
53 67 259 271 292 307 426 572 618 723
1 29 802
4 22 406 465
27 67 609
12 117 321
15 142 525
4 535 722 954
26 64 113
7 18 233 282 393 854 885
383 963
39 141 381 509 882
7 277 345 489 726 757
95 96 143
30 66 90 985
794 850
278 716
100 133
57 140 866
133 308 478 828
42 540
318 589 955
10 16 169 812
6 22 88 149 173 259 285 520 594 803
96 536 581
58 152 187 222 537
6 819 926
105 475
14 48 51 57 69 478 676
187 498 665
21 52 507 827 941
163 251 434 601
25 94
34 69 114 208 225 234 479 729 847 921
56 71 116 324 972
44 183
100 308 458 509 574 978
590 829
2 3 6 43 98 160 198
36 442
28 45 67 252 728
26 48 50 126 140 142 237 296 792 879
495 698 897
13 26 33 50 53 89 245 320 398
23 202 357
15 55 59 63 261 452 505 857
14 140 296 467 675
21 105 106 114 196 217 494 559 786 908
10 315
55 534
105 352 934
22 48 110 116 144 280 356 417 927
48 240
256 993
23 58 201 232 452
64 254 295 338 367 517 593 600
36 100 354 719
54 91 364
3 23 144 235 256 262 464 602 653
58 212 314
148 246 901
164 284 584 726
40 915
39 418 583 731
13 443
49 79 187 973
7 823 952
2 19 22 25 60 599 677
72 237 566
47 120 158 189 192 302 376
92 97 110 344 970
19 155 156 183
5 95 268 576
383 403 468 703
127 623
131 627
714 842 937
29 42 68 103 129 277 326 811 998
568 723
203 905
13 27 391 457 522 731
1 93 215 261 369 422 663 805
189 407
173 210 273 285 300 366
60 420
18 773 892
7 158 225 452 997
65 303 460
3 6 205
32 53 245 390
90 122 196 225 388 389 415 422 836 985
96 115 129 165 284 345 406
23 255 440
33 210 603 952 984
20 47
228 469
18 32 134 147 229 332
45 308 539
15 405
9 70 84 143 221 586
50 341 358 778 784
16 204 397 874 959
5 42
46 654
18 31 396
38 177 611 691 807
17 54 341
63 186
118 147 577 694 944
3 158 181 976
1 211 677 683
577 834
291 372 405 761 928
119 182 191 342 367 371 439 642 880 979
281 530
12 57 347
213 422 524 637 682 810 972
8 16 54 138 334 461 593
168 188 196 199 383 468 555 687 990
152 249
4 20 179 248 445 529 683 722 954
9 32 35 84 248 375 458 820 823
13 91
185 519
10 11 43 137 458
99 127 313 384 738 952
11 75 168
33 314 431 706
142 225
1 865
269 652 725
813 910
195 539
33 45 115 314 851
20 41
47 376
125 274
10 22 114 200 245 387 509 621 772
167 338 511
73 87 91 101 282 998
20 563 583 760 886
18 127 258
55 181
13 17 166 296 627 915
134 143 368 802
40 188 272
32 64
14 23 63 84 96 135 304 460 518 757
201 303 657
195 574 828
211 216
96 135 619 958
38 268 715
137 875 883
3 44 180 235 246 413 503 563 747
20 38 104 251 412 565 815
28 109 218 284 953
60 159 170 180 427 486 536
12 97
30 89 90 724 948
380 871
35 65 230
46 499 593 876
284 351 395
2 117 226 337
45 844
13 326
98 333 596
478 651
145 343
82 116 151
3 171 902 964
4 41 650
8 44 117 355 453 494 751
11 16 39 40 55 83 334 363 950
267 777 818
24 31 44 63 317 513 561 585 629 690
22 214 325 367 642 668 881
5 98 894
167 278 434
24 513
11 75
110 139 165 263 400 411 441
24 148 561
21 85 161 487 678
56 392 724 861
94 479
9 84 375 389 410 449 520 778 847
54 59 63 302 782
49 69 79 142 209 286 348 657
712 818
22 617
1 546
99 108 236
39 889
163 251 427 434 441 843
35 130 179 289 347 377
542 782 785
1 887
172 285 311
19 126 139 164 295 385 406 463 700 810
9 78 189 221 906
2 44 51 97 148 736
88 268 520
133 822
88 288 338 532
79 179 312 616 898 921
47 93 877
98 157 198 366 375 442 846
159 507 650 798
5 535
336 586
97 267 283 453 702 841
8 18 187 249 771 892
15 55 69 178 301
120 139 184 244 250 340 459 964
38 391
57 118 140 147 248 267 328 795 828
58 696
45 177 598
73 151 206 335 615 640
3 36
60 68 614
21 588
8 46 75 166 499 621
236 492 713 738
115 139
46 64 207 523 552 557 669 929
243 333
1 211 746
62 101 424
63 202
26 141 680 831
4 70 529
125 586
3 287
79 178 208 234 737
22 354 686
30 239 394 794
37 580 722 888
88 194 311 649
43 442 570 873 960
57 128 307 454 790
62 217 351 373 377 464 477 992
34 107 135 909
46 270 838
8 10
45 127 291 419 485 549 824 966
195 814
3 98 134 185 271 756 900 943
28 552
547 565
1 15 323 387 429 576 740
623 693 767
2 119 299 594
7 26 85 485
25 599
23 474 719
10 40 45 54 58 198 364 418 436
503 595
6 432 466 670
11 107 169 198 971
168 735
663 773
99 236
46 207
11 13 16 381 404 433 779
6 21 145 181 346 363 925
72 122 255 481 573
65 871
86 386
14 117 174 448
177 320
73 120 176
230 546
22 119 371 446 592
27 37 242
11 16 318 353 394 476 493 786
250 259 437 578 579 690 930
6 83 252 287
5 305 506 556
46 666
199 394 403
147 504 796 834 885 997
20 44 61 62 223 252 396 473 742 950
66 100 129 157
81 470 546 635 833
1 35 365 600 685
77 205 393 973
176 640
188 199 202 333 555 659 948 990
21 247 483 983
51 150 201 417 488 512 651 906
32 70 368
25 534
141 180 221
712 866
596 773
15 77
454 527
78 120 664
19 172 446 604 953
114 793
94 172 210 956
5 42 68 125 435 516
108 756
38 118 133 192 428 895 974
127 379 490 655 674
55 79 221 388 492
213 216
3 360 806
433 697
402 589 984
152 532
48 659
80 845
38 197 239 933
327 364 377 718
100 133 195 270
4 20 28 41 47 250 982
137 221 313 655 691
118 480
390 392 861
608 748 759
63 175 563 857
319 541 632
14 92 100 176 270 358 539 980
66 68 171 766 917
6 34 104
5 102 112 171 732
186 414 502 788 988
248 480 499
15 55 415 498 553 630 704 989
33 212
61 132 178 214 296
111 173 194 253 300 429 956
29 61 69 343 402 896
10 254 479 753
11 31 110 470 537 718
170 996
19 29 110 432 437 578 637 868 959
193 651
48 140 201 512
66 107 247 416 535 848
55 69 114 481
8 231 242 273 613 695 710
95 277 465
46 292 363 493
317 413 672 704 897 985
28 126 154 232 294 459
403 687
32 755
208 415 534 632
36 272 426 699
586 801
2 12 155 321 774 854 914
31 178 207
56 455 542 957
171 556 998
312 373 387
62 444
2 408 538 999
87 211 279 532
54 69 737
56 132 319 481
159 180 359 679 839 901
7 631
53 130 164 716 941
139 164 340 633 685
42 102 277 526
25 120 752 839 979
18 163 491 671
82 122 678
78 166
9 27 92 287
124 566
5 9 34 122 334 437 483 797 850 982
11 409
527 732 790
234 255 666 741
7 70 71 146 239 361 396 916
2 12 148 337 513
24 181 244 289
713 854
110 295 965
1 93 144 746 750
15 301 692
113 118 147 395 451 480
85 99
187 348 878
34 161 172
93 135 175 792
48 57 73
38 90 330 436 472 730 817
18 53 115 191 278 868
9 15 26 37 154 185 368 389 400 496
3 169
19 174 723 953
4 290
5 61 68 132 171 384 605
29 730 777 808
70 74 324 375 883 945
67 431
19 30 126 328 329 400 459 608 821 964
26 473 680 801
102 121 250 315 934
54 61
14 24 850
49 130 352 505 553
16 889
123 346 671
48 201 545
64 115 148 229 364 934
49 735
285 366 449
19 20 68 281 564
7 607
2 97 156 608 913
17 583
111 273 604 727
11 16 46 74 212 224 388 545 696 920
38 86 134 146 389 391 428 995
156 317
5 606
6 98 191
24 44 177 226 229 337 694 841
13 190
9 711
28 78 115 154 164 441 552 616
24 28 84 97 153 231 321 862
31 136
92 195 270 509 822
27 229
78 344
62 222 238
98 714 750 987
24 123 276 551 845
152 242 247 280 447 597 613 800 874
52 946
37 74 81 84 121 311 390
60 87 158 393 569 903
3 58 132 197 496 832 876 993
12 19 44 533 702
8 10 11
11 15 43 80 182 229 303 357 658
25 216 599 785
8 10 13 82 91 551 553
31 34 49 71 168 323 362 418 511
31 47 304 333 467 580 879 911 972
165 663 726
5 160
18 73 961
1 8 93 337 649
10 54 58 108 128 165
