210 365 414
4 51 266 488 490 881
20 506
27 57 544
158 260 491 692
5 63 183 254 280 602 752 788
80 122 173 364 398 796 961
59 100 141 548 612 937
180 361
89 352 965
588 989
200 465
198 251 719
155 347 489 582 709 751
12 88 592 765
35 604
18 39 108
104 924
24 737
356 436 689
1 145 268 279 644
29 191 903
26 51 284 285 501 724
296 545 835
313 883
4 28 45 951 966 977
26 302
6 14 62 363 536 709 853 939
43 212 273 382
17 29 62 481
66 366 461 688
488 921
26 441
11 27 586
54 66 84 212 239
185 214 242 313 739
131 431
232 791
65 108 628 772 882
130 547
213 261 362 421 686 925
9 588
70 372 429 971
90 486 733
120 590
49 120 421 442 490 577
4 151 702
7 282 426 581 675
229 376
70 86
95 102 238 332 367
81 994
306 454
12 39 186 641
233 484
26 512
39 130 485 633 681 792 990
396 607
59 187
17 29 171 207
6 40 111 346 363
30 148 307
42 73 197 228 419 840
13 626
51 334
10 21 351 466 774
7 74 154 362 688 970
4 116 615 711 740 824
320 371 471 575
2 78
56 183 513
5 71 378
36 203
35 89 138 517 574 607
60 415
19 139 255 330 496 639
91 214 218 480 726
154 572 790
166 574
58 66 74 794
515 523
40 135 465 671
16 233 236 435 760
5 75 265
191 567
192 223 560
108 967
6 15 40 52 105 171 250 493 533
11 578
16 81 698
70 95 756 773
27 114
153 317 974
322 346
3 221 439 901
5 36 216 534 644
127 865
166 651 776
51 240 529
145 213 781 848
43 238
13 69 80 149 976
12 760 925
96 930
327 589
38 428 771 888
8 15 172 233
354 358
10 351
46 123 969
619 701
44 306 309 524 655 680
74 241
707 830 877 994
65 360
110 293
47 162
131 242 276
59 150
22 130
90 98 108 788
3 12 241 253 416 723 834 903
115 369
50 126 194 240 283 771
68 74 109 721
189 399
12 69 83 140 150 672 697
23 548
33 48 152 485 652
14 21 25 176 413 890
183 917
743 799
16 329
453 648
65 127 135 274 327 676 820
185 196 472 742 905
81 465 931
22 56 212 324
82 210
84 106 195 382
9 85 291 306 331 896
60 68 464 466
379 970
116 585 869
12 54 920 956
69 114 286
153 920
16 236
3 27 39 61 189 556 872
125 158 179
157 302 414 839 989
82 367 420 621
32 51 100 396
108 432 985
39 40 72 103 141 152 551 804
1 974
66 572
41 483
26 350
204 258 569
186 535
23 62
43 76 117 297 618 774
98 350 458 543 943
177 237 284
17 981
5 890
71 268 914
46 663 850
22 1000
3 80 152 173 231
13 217 586
68 186 203 383
125 317
19 910
25 35 252 358 374 468 745 815
41 44 45 59 96 214 276 935
56 382
84 335 489 833 957
70 927
29 106 136 188
74 682
124 170 625 640 904
45 424
95 189
81 233 259 361 687 862
3 4 169 197 253 899
1 2 5 590 923
26 263 352
17 21 25 60
720 847
17 29 252 300 356
21 83 351
5 33 64 305 806 933
41 339 401 457 718
26 110 293
277 366
91 207
14 50 126 147 656
16 259 289 441 862
114 217
16 233
359 393
36 189
58 66
417 546 861
36 203 216
125 149 247 819 972
112 720
61 69 227
7 18 144 592 949
630 927
204 560
14 163 416 499 802
36 916
40 65 98 456 582 628 779 811
79 385 459
2 219
72 220 460 470 565 823
84 380 426 528
42 393
92 401
44 112 313 419 501
87 115 616 677
245 489
37 84 766
193 244 295
61 101 247 526 541 916
12 88 270 959
62 278
54 592 891
87 89 170 289 341 367 396 781 797
114 284 361
47 76 271 297
88 370 662 920
12 42 63 64 337
863 881
49 390
7 8 52 551
10 85
11 13 27 69 101 227
201 250 714 957
127 487 587
128 197 260
58 288
94 97
270 424
85 186
148 598 674 692
253 930
148 269
9 116 163 375 380
17 24 38 226 941
8 53 230 421 601 691 895
536 971
13 44 92 285 377 960
262 366
18 315 344
11 129 164 215 381
21 302 557 571 850
282 675
10 340
3 21 60 336
61 319
21 599
112 847
716 867
348 452
5 37 202 234 522 535 900
33 48
16 410 612
3 22 39 129 425 759
287 825
14 70 110 372 381 584 680
109 128 136 643
30 50 73 131 137 191 350 532 828
101 997
22 800
505 911
255 666 715
2 101 405
174 384 445
9 87 90 120
55 131 492 649
26 43 110 181 617 944
34 122 143
53 67 105 167 182 476 514
178 196
72 331
159 388
3 128 829
284 304
65 882
144 315
53 269
23 44 77 225 229 372
78 213 279 393 962
31 125
197 218 228 265 964
321 335
18 165 482
40 156
2 133 788
41 53 290 504 596
134 793
199 209 528 951
30 56 432
55 126 309 678 889 915
79 121 346 613 786
47 705
71 218 914
9 132
430 477
128 237 292 520
305 564
636 685
19 72 295 441 884 993
143 349
450 927
224 969
323 509 977
57 167 192
6 199 481
17 93 798
30 46 114 123 144 266 354 384
1 486
93 430 549
3 294 804 852
6 102 594
2 63 113 145 226 340 602 974
195 415
32 42 932
3 41 463
3 77 150 243 344 354 410
270 915
39 787
6 155 245 278 845
32 51 377 929
347 700
30 470
184 404 597 613 841
97 233 236 361
76 256 314 737 830
116 163 264 968
24 418 426
84 417
236 443 539
281 732
262 480 550 698 705 786
20 277 550
114 622 946
614 634 894
45 750
504 530 670
3 58 78 379 494
178 373
113 497
365 629 806
62 714
462 756
211 222 514
22 81 241 312 400 609 894
148 207
163 585 711
24 295
347 907
95 260 332
75 206 407
330 565 944
6 10 232 400 655 664 965 973
324 376 402 557 892
168 813 958
37 156 164 427 725
170 352
20 65
3 21 68
108 453 487
12 19 64 83 187
3 412 856
587 676
8 109 148 646
18 121 318
32 151 875
15 30 35 40 270 664
141 224 227 331 375 488 702 715 823
50 240 423 549 712
59 549 849
35 158 492
11 976
281 762
112 522
179 193 237
11 48 141 294 555
77 190 242 506 837 898
93 98 587
12 18
25 184
50 147 159
65 127
322 726
121 458 704
14 59 201 245 251
10 561 585 716 968
131 178
6 14 23 538
16 239 262 297 378 550 645 937
39 67 143 485 671
58 141 300 322 410 463 535 827
61 80 122
277 645
248 310 897
231 562 983
46 511 570 793
107 498
46 102 157
815 960
127 456
33 96 412 827
22 229 267 587 849 935
57 79 85 167 389 392 394 422
169 907
713 767
90 138 327 779
34 75 275 407 936
262 316 448 937
219 980
104 271 598 769 983
193 576 763
195 273
7 282
69 87 215 227 412 527 578
4 56 106 281 731
4 35 42 91 455
91 109
68 105 246 326 553
63 153 219
461 781
26 487
2 113 183 305 451 707
61 80
2 5 113 208 366 521 650 659 964
74 671 739
196 312 905
246 498
5 133 812 885
66 328
27 526
143 738
4 670
57 162 177 241 272 399 866 962
397 734 745 863
72 380 445
9 32 734 922
124 215 293 512 640
349 356 893
45 130
516 626
20 77 107 267 457 708 741 860 966
36 160 408 774
85 364
65 442 456 573
69 357 578
54 140 592 697
73 102 741
96 140 256 393 954
75 164
58 310 314 734 947
78 118 139
11 15 31 48 69 362 447
21 91 97 109 327 406 631 639 752
201 360
94 134 495 538 735
40 53 88 156
38 208
5 790
6 165 250 608 809 821
583 614
179 261 701
432 544 703
27 586 868 916 961
337 651 835
9 460
50 174 246 542
10 61 740
2 31 854 885
579 617
204 255 296 855 857 994
11 27 202
180 507 516 886
140 158 406 520 576 710 996
507 657
8 30 91 171 172 425 646
282 469 589 820
20 444
81 175 684
100 397 546 816
5 388
157 941
132 193 210 244 945
9 13 27 80 119 205 796 995
170 353 965
37 107 498 540
3 10 152 243 508 696
273 342
1 118 449 467 657 933
175 275
2 318 721 891
391 417
126 270
124 616
92 457 783 898
168 416 694 706
144 285 879 892
72 308
16 816
3 21 48 152
57 131 852
14 105 573
51 171 700 859
158 304
44 214 276
4 75 90 104 159 244 267 409 664
9 72 666
52 147 222 533 878
143 160
181 341
222 725 740
88 832
30 504
13 122 217 227
57 923
44 59 492 518 537
31 334 642
9 19 78 540 886
30 35
7 24 437 667 911
19 220 531 715 736
93 658
23 62 363 630 714
17 38 325 478
249 330
14 53 173
55 511 915
121 484
6 86
45 121 484 656 695 938
193 509 679 763
70 86 251 853
7 16 63 510 647 727 988
17 29 478
15 387
4 22 49 224 502
3 61
395 778 957
88 925
15 91 166
14 47 446 620
41 910
6 116 176 199 347
43 748
9 249 460 532 690
18 60 619
11 114 407
79 211 514 874
21 61 145 789
6 457 559 803 898 960
159 191 345 542 712 836 889 942
454 918
1 78 219 632 884
13 789
52 136
6 70 155 225 251 372 751 821 971
72 146 235 449
11 753 995
200 922
41 59 718
44 77 301 368 722
25 948
244 255 295 540
97 287 500
7 68 90 328 947
146 817
19 31 107
17 38
42 63 71 120 213 380 654 879
101 623 991
4 46 185 782 942 978
16 259 760 924
32 274 808
104 253 730
16 620
57 191 392
122 173 183 247 748 873
84 87 224 391 660 818
58 93 288
736 825
38 622
30 799
13 86 281
5 8 243 299 330
37 130 300 307 363 425 470 541 795
42 74 118 172 220 397 693 764
87 110 809
101 332
58 66 235 682
188 337 798
26 87 89 110 170 303 625
24 554
311 757
577 699
49 123 151 165 323 334 390 434
67 562
11 64 78 167 216 340 536 544 580
142 807 885 992
57 146 149 160 499
24 869
31 848
1 63 118 964
19 29 132 331 823
89 420
206 420 461 635
36 647
307 530 743
67 440 514 795
178 942
23 62 363
83 87 95 412
20 301 653 940
6 33
2 419
4 46 312 390
104 222 230 436
75 842
55 147 159 825
34 252 299 821
7 480
22 117 515
60 464
10 30 53 200 338 847
7 24 328
173 475
3 186 595 706
239 482 609
7 379 595
28 203 654 891
29 981
32 54 66 357 445 837 990
34 51 334 443 770
2 52 63 208
111 726 945 975
129 635 669 758
29 338
94 166
271 448 603 979
20 45 124 150 209 547 717 849
194 678 828
11 34 57 97 134 204 230 495 610
12 975
173 516
234 766
480 611
1 386 462 872
26 164 579
33 113 370
37 202
143 288
4 54 969
827 856
24 58 235 449
1 40 86 616 733 809
31 362 546
43 164
4 8 75 103 502 596 773
30 109 629 691 881
22 226 507 515
246 345
378 984
453 865
9 161 384
241 379 489
19 822
41 45 92 100 229 401 936
12 215
83 216 956
40 41 377 510 567 834 980
26 33 256 257 579
248 999
15 22 137 293 520
1 2 318 924
24 116 235
179 207 261 685
107 422 928
8 91 111 291 308 913 963
3 67 211
5 317 755
204 392
59 150 154 209 262 276 501 800 990
40 148 273 493 570 906
148 411
157 293
161 454 531 749
7 24 76 611 627 837
67 163
15 41 690 940
47 269
49 84 660 1000
147 511 771
14 34 62 86 763
48 537
311 404
399 482
14 207
2 5 16 71 318 602
28 824
270 853
735 858
68 247
174 236 529
115 124 303
3 48 300
71 97 392
132 139
374 901
7 18 24 235 469 612 624 676 947
48 349
10 184 693
713 880
102 129 289 414 612
35 52 182
880 992
169 874
35 53
97 167 544
107 922
505 791
36 97 272 353 600
16 862
46 80
32 558
161 822
14 37 630
710 950
92 177 374
33 48 103 145 257 535 576 804 856
373 411
20 24 110 333 575 909
21 37 112 275 561
32 34 47 56 558 655 867
76 216 499
17 93
583 843
269 509 963
54 195 503 665 833
17 55 475 477 525 558 844
103 256 864
27 512 537
66 469
20 130 784 966
5 137 435 567 889
13 114 286 298 997
557 939
28 335 348 390 459 702
4 323
117 383 846
31 231
133 141 257
74 794
75 206 296 423
52 308 367 928
75 275
165 239
162 284 304 333 750
37 107
305 590
18 121 165 315 631 704 949
27 31 198 286 389
16 435
92 479
59 205 690
64 125 318 447
27 73 172 182 425
31 627 984
7 127
183 336 980
98 192 527 573 582 733
20 267 563
61 218
10 192
202 257 719
5 914
204 287 575 908
246 350 857 908
157 402 450
29 123 356
6 14 48 225 446 826
155 251
128 491 652
261 345 396 422
55 137 159 653
30 40 230
82 111 291 479 887 913
26 577
161 200 423 444 824
226 474
76 599 603
273 919
564 593
6 37 603 950
146 322 409 738
149 189 812
34 45 47 252 354 667 784
47 162 403 816
91 104
106 846 894
2 64 958
3 168
547 550
16 383 534
23 31
32 51
43 162 248
637 841
76 142 698 979
5 12 20 63 71 187 780
60 252
116 163 510
21 112 168 438 456
30 491
40 591
134 444 555 579
18 704
71 495 713
7 201 319 569 631
133 486 844
119 149
31 316 686
122 198 222
85 500 538
25 99 117 238 341 391
271 599
115 138 181 302 346 519 643 764
64 71 268 359 754
430 999
7 74 288
1 42 105 197 230 504 601 721 752
4 696
1 5 71 145 336 474 761
290 656
11 298
239 484
555 593
24 48 92
356 479 659
2 111 154 342
4 28 49 100 529 661 696
7 66 426 439
556 810
280 955
386 440 684
7 50 128 263 750 798
851 926
142 452 727
81 541
8 16
46 196
202 522 687
20 41 559
4 129 403 500
42 279 496
371 384
99 228
11 282 510
43 64 87 102 442
61 569
66 439
136 172
82 210 409 802
34 51 506 642
21 68
279 988
2 6 23 62 70 137 155
67 582
13 101 119 205 475 552
10 21 83 351 429 553 693 975
34 113 252
618 627
417 583 605 614 731 845
129 381 904
65 351
91 136 255 591
8 105 551 691
242 301 377 860
70 358
111 302
23 62 65
10 184
85 343
13 954 972
1 467
11 526
28 162
38 174 388
421 447
209 329 801
90 106 496 515
69 80 357 398
3 33 231 593
31 43 468 661 838
62 150
2 113
96 605 609
82 409
291 523
283 294 344 600 852
138 150 401 780
720 859
29 220 409
39 133
6 176 215 805
290 557
142 452 866
384 887
108 127 487 882
26 82 151 303 328 574 836 953
57 97 134 258 287 320 858
43 129
42 55 443 532 678 857 923
32 403
195 395 805
6 521 673
31 344
76 297 366 378 611
28 151 434
116 615
32 58 379
15 103 245 428 562 846
111 119 138 304 789 888
9 380
50 191 329 373
128 160 232 238 623 982
200 203 408
28 223
205 753
221 896
38 325
18 103 448 949
82 496
542 564
126 309 431 511
82 322
260 333 998
1 78 181 268 411 507 644 955
23 464
57 94 523 534
13 107 314 468 519 594 739
58 66 217 564 572 926 970
44 209
246 350
19 83 88 588 989
34 77 951
65 98 327 360 442 573
7 102 905
10 25
138 613
1 53 286 946
97 107 134
31 99
90 628 865
17 248
615 711
81 196 386 663
52 136 156 596
79 902
1 22 621 843
95 158 326 432 585
129 669
2 71 100 345 359
44 209 301 339 415 547 961
22 732
16 938
1 469 637 695
17 36 146 264 499 642
566 877
3 271
392 686 959
194 289 840
15 36 68 153 347 418 554 831
188 523 731
818 843
21 25
38 93
99 768
81 89
21 25 184
8 105 473
17 35 91 93 325 430
340 413
135 195 369
280 835
4 28 36 143 383 408 814
9 19 139 220 441 749 943
48 168
7 33 141 581
292 405 467
117 212
39 168 300 412 652 681 719 723 930
18 121
94 494
6 32 39 51 168 231 259 269 875
525 597
36 49 323 610
142 355 866
1 11 198
10 140 273 833 871
30 203 534 817
525 757
76 454
8 52 242 377 729 787
55 388 768
84 106 276
3 96 243 477
29 180 333 811
10 413
20 374 770
471 826
27 569
19 588 738
177 455
54 195 263 483
158 177 209 237 284 491
75 94
831 884
72 220 312 460
152 219 296 790 892 993
56 768
253 257 633
29 38
59 86 910
30 40
205 475 526 946
206 776
389 997
69 198
21 25 36
13 80 335 677
57 167 192 424 909 952
31 185 767
44 187 879 929 935
79 211 353 385 476
169 353
530 646
1 52 56 83 166 217 566 568 904
53 895
9 88
5 153 563 755
46 178 472 679
177 237 406 673
116 598
99 605
2 9 63 153 218
102 110
190 722
8 154 701
85 272 402 494 954
9 19 111 210 255
5 42 64 131 133 710
285 339
83 140
576 831
74 96
47 354 403
56 65 74 84 117 219 281
20 41 559 722
38 658
29 155 163 840
1 136 448 542
6 17 98 176 478 548 811
1 118 265 756
28 123
12 135 330
45 190 214 708 783 832 901
17 477
352 513 521 854
205 604
80 184
15 189 747
138 779 841
8 104 109 136 307 387 411 799
134 364 610 746
25 80 552 673
37 200 234 250
292 455
299 403 546 728 860
56 188
79 290 795
18 23 29 38 115 414 861 941
428 478
128 180 829 985
54 503 595
632 850
119 389 626 753
5 955
609 872 931
50 120 197 268 474 797
22 51
48 88 103 123 135 224 369 641 694
37 109 160 258 338 624
35 458
6 11 96 194 375
20 67 169 459 902
27 73 205 398 674 796
3 787
12 83 370 639
355 807
453 589
88 140 161 371
34 253 324 336 451 893
62 321 348 836 992
25 326
418 554
19 132 306 375 565 893 978
394 473
455 524
50 64 194 240 283
267 929
8 15 73 172 230 493
31 685
14 144 165
19 174 232 712
175 206 462 741
283 373 667
193 509
26 87 170 437
8 73 654
87 115 124 758 797
10 326 571
6 25 60 553
28 100 863
394 575
851 928
28 321 438 810
8 365
13 14 358 395 397
147 161 221 286 329 373
212 1000
29 93 325
7 47 48 194 235 638 986
1 78 183 208 336 428 467 917 919
25 94 192 287 394 413
186 311 519
265 368 629 868 934
9 25 801
41 159 424
8 730
161 822 903
4 152 800
1 119 120 228 729
2 543 615 983
75 206
342 697
85 913
1 31 145
2 24 161 328 391 418 743
44 166 175 545 606 842
23 64 99 197 493
77 92 187 339
19 38 72
10 60 68 269 899 948
19 249 319 918
11 196
12 142
87 122 640
39 256
193 244 834
78 116 321 755
67 211
59 126 784
102 199
67 79
1 17 33 89 282 462 530 539
5 63 279
50 445
18 772
62 568 709
618 650
46 56 724
98 108
154 241 314 502 682 868
459 476 987
73 172 207 470
100 668
92 348 767
160 817
45 70
324 668
291 606
31 125 261 619 636
24 63 502
179 848
15 895
35 128 985
118 232 240 431 527 772 906
135 369
25 371 407 474 940
8 40
117 744 808 999
166 545 574 911
18 482
18 165
4 265 385 761
56 732
21 229
55 232 309 699
58 439
311 404 597
25 77 222 294 703 754
26 303 616
141 706 792
5 39 256 416 813 988
188 212 400 518 683
16 378
38 93 95 260 333
250 568 870
5 14 35 86
274 443
52 803
11 198 516
34 47 529
35 560
4 84 434 490 614
7 391 479 583
224 247 348
124 238 263 571 634 839
73 307 335 355 649
20 41
32 34 51 358 397 427 934 956
228 385 508 902
77 190 769
50 567
70 594
61 101
135 662
185 196 472 724
761 973
54 135 292
190 803 815
76 705
118 254
4 49 123 151
229 777 939
153 208 959
806 963
223 272 610 717
485 759
14 23 131
10 68 292 405 991
85 320 422 471
17 251 429 519 659 700
4 49
50 98
79 169 353 899
37 296
1 42
10 106 142 147 283 290 297 298
15 30 73 156 171 182 591 747 967
24 26 89 181 513 621 625 635
57 94 134 167 468 471 604
13 80 139 306 319 623 658 736
50 169
8 49 921
107 262 599 979
39 243 463
202 234 249 305
130 206 657
46 76 100 185 274
310 728
272 320 422 500 793
171 207
132 410 508 562
90 820
312 663
42 113 133 145 254 268 559
389 497
34 47 51 100 558 716 936
376 402
3 33
39 103
19 72 111 139 221 346 371 993
28 996
361 597 858
124 381
7 154 234 418 855
2 5 254 632
67 987
28 977
2 113 785
177 180 221 405 524 603 692 998
137 561
4 63 274 873 880 896
263 689
29 38 180 343 829 981
495 912
33 52 53 349 593
11 598
2 9 20 125 362 636 883
13 47 69 308 995
6 70
14 26 436
56 329 762 808
47 266 427 897 934
5 279
444 560
11 27 43 315 387 596 973 998
86 201 345 376 446 549
10 29 45 60 340 447 948
20 45
112 274
125 531
287 717
1 8 13 23 117 298 433
28 49 123 317
146 216
167 826
120 359 777 932
9 72 82 221
110 396
3 82 159 234
6 9 155 210 278 565 608
169 518
36 89 115 181 420 584 839 876 943
126 175 606
33 103
158 341
23 61 149 201 393 450 601 680
127 481 730 819
22 106 117 185 337 400 417 782
11 149 578 622
83 181 225 355 918 958
1 42 179 226 451 497 982
81 95
180 343
22 99 103 106 188 294 427 744 775
46 178
44 45 59 187 276 290
81 95 386 440 727
311 525 637 801
517 757
46 472
37 838
73 104
264 968
55 309
84 163 264
121 144
15 272 533 551 570 591 675
264 869
3 48 96 103 344 537
93 106 134 178 434 666 684 749
32 34 334 539 838 867
10 553
92 130 301 368 528 783 802 832
199 231 259 433 634
7 24 58 66 154 288 595 794
18 29 44 119 413 681 828
139 531 650
617 900
12 304 415 483 765 871
18 144
40 481 533 556 604 638 747
8 15 148 182
24 78 314
36 37 53 202 976
245 778
280 317
126 505 580
17 126 259 260 310 401 978
86 388 431 437
243 296 405 407 842
2 133 419
99 775
32 728
12 23 33 124 277 316 339 672 762
368 402 708
166 175
408 814
11 122 173 536
15 365
146 155 199
35 105 505
96 359 785
27 101
52 473 570
2 94 147 254 386 653 677
41 204
13 319 398
12 54 88 189 201 369 545 861
208 679
746 912 952
26 115 617 944
12 54 342
10 60 326 648
24 777
18 165 239 288
138 517
1 2 118 280
30 52 53 313 382 810
400 683 759
49 95 98 316 543 754 769
22 23 563
142 807
28 41 123 151 323
89 584
22 117
258 280 295 325 538
97 742
33 40 365 411 458 601 742 786
22 79 94 744 791 986
79 584
20 77 313
54 294 415 665 765 851 919
23 368 668 689 883
14 23 398 548
67 543
157 215 237 263 607 996
213 932
34 152 162 248 285 299 580
114 399
13 286 352 699 845
82 139 540
14 568
112 198 338 620 859
4 174 450 645 725 907
44 77 92
12 254 735
89 112 164
6 21 27 68 109 114 119 501 586
25 608
146 953
136 473
33 349
463 508 555
28 43 49 513
15 35 624
64 590
55 174 191 423 437 520 986
104 105 156 729 814 953
58 157 987
410 864
670 766 906
179 421
33 90 98 343 524
39 186
611 915
13 217
32 46 310 395 782 982
416 723
18 121 144 156 613
554 581
399 773
43 367
3 120
101 873
17 364 897
125 248 552
162 266 528 875
132 887 888
43 83 341 342 483 876
4 488
4 28 633
99 102 129 176 264 870 876
28 151
42 226
56 238 660
25 292 466
120 497 572
278 607 933
19 308
37 112 465 522
54 503 703
19 275 669
119 168 556 694 864
78 228
188 438 605
8 37 171
406 512
223 258
43 99 157 382 406 527
8 15 60 182 890
39 104 343 661
4 9 38 132 360 532 600
137 908
76 271
71 133
374 718 780
16 687
10 68 184 464 571
23 962
12 521
36 143 160 408
27 247 357 764 972
38 99 486
267 324 506 518
277 297 316 737
16 695 938
26 164 225 414 577 854 900
244 295 921 926 950
332 440 566 707 830 877
299 539
153 419
1 2 108 812
102 115 278 289 303 381
13 85
218 385 874
355 438 452
96 813
53 387 878
25 60
429 594
223 315 320 364 390 394
332 566
73 638
176 225
266 395 770
404 517
14 245 250
55 137 283
8 15 30 104
15 35 109 156 387
131 606
160 236
105 492 647 878 912
211 476
67 170 176 257 420 490
34 47 77 115 266 745
65 89 360
203 338 498
376 688 886
90 130 150 249 589
32 100 580
64 213
192 223 494 600 909
57 258 277 746
9 55 82 945
85 952
36 111
175 182 383 917
86 278 870
45 49
20 101 187
59 94 190 285 844
135 871
118 208
461 758
42 113 563 785 967
81 95 541 931
446 608 751
7 74 249 337 775 792 818
9 18 127 435
22 281
122 991
12 140 275 404 503 662
75 110 293 321 649 776 984
19 132 170 200 291 331 651 683
55 194
88 370 665
6 466
108 240 641 648
433 449
190 214 242
370 672
86 199 372 436 778 805
261 581 855
15 643
433 674
43 289
79 164
27 227 265 298 451 561 602
11 13 69 149 357 375 552 748 819
