73 180 284
57 58 154 394 735
43 65 215 327 365 669
94 204 444 538
106 605
163 740
6 14
43 263 293
21 326
8 15 40 134 473
26 181 238 293 854
7 288
23 25 68 78 199 548
4 49 434
191 423 889
30 35 52 222
27 271 599 979
120 133 153
55 362
16 786
80 768 808
272 320
4 28 969
347 363 594 907
10 25 413 464
19 111 188 715
1 79 385 874 917 988
90 355
77 501
17 48 253
44 690
172 182
37 112 234 338
143 383
69 255 409 538
276 441 960
343 406
40 679
10 57 94 500 604 735 912
7 58 379 461 665 675 926
138 311
1 318
82 249 531 565 823
33 141 410
130 547
90 442
323 490 782
252 403 539
74 86 282 314 417 581
21 60 167
77 656 735
16 233 862
128 180 524
316 611
1 49
137 240 246
17 93 909
31 493
22 106
44 45 59 117 263 407 653 879
149 198 946
72 736 989
63 71 218
210 249
97 320
41 925
167 600
487 676
8 109 222 747
162 278 943
57 952
24 74 374 426
35 458 570 743
116 543 585 711
21 103
536 709
52 109 207 411 504 533 596
13 27 95 475 578 972
56 84
36 203
430 658
93 105
47 716
308 749
3 39 783
47 185 196
12 16 233
29 108
13 32 34 149 398 468 999
4 28 59 912
326 386 931
139 308
82 346
27 516
662 861 871
340 351
79 146 353
19 291 331
355 476 649 807 902
57 192 224 444
57 85 272 495 826
131 564
332 994
2 14 23 176
76 262 297 366
333 405
87 215
68 466
190 547
680 689
6 62 250 291 489 962
83 871
516 526
311 404 613 757
13 173 243
18 49 121
30 172 638
126 911
337 660
178 546 613 704
2 42 254 964
98 127 772
39 48 235 535 554
10 24 693
117 142
52 85 109 136 365 411 730
270 437 507 567 857
16 356
128 237
2 44 53 279 647
354 358
39 440 582 707 773
184 206 407 776 842
226 497
893 913
159 240 270 664 678
50 240 350 431 542
32 47 55 251 345 395
39 265
96 349 457 837 935
12 54 135
59 150
101 299 755
22 188 391 759
54 124 245 278 503
64 118 721
536 545 608
23 548
79 169
43 434 456 584
714 870
8 53 91 136 230 387
42 336
16 236 421 862 919
40 230 492 627 772 906
596 725
657 812 933
8 104 492 530 646
11 15 725 906
27 55 373 664 790
18 122 171
82 210
20 45 130 209 374 990
261 421 573
21 351
3 24 256
48 242 433 559
40 73 493 643
2 16
372 405
158 343 499
9 322 903
193 361
16 236
649 836
3 593 653
5 56 391
119 623
81 399
19 221 409 945
316 937
83 88
10 21 464
191 270 388 527
116 740
249 306 384 822
15 40 91
775 884 950
1 78 233 609
183 213 317 359 393 654 958
30 230
148 171
14 70 568
37 107 859
4 36 178 196 534 905
595 796
230 725
3 141 412 485 652 694 706 852
26 29 32 218 381 677 705 943
491 985
27 626 753
97 125
11 398 454
80 319
248 261 716 848
286 569
91 207
27 69 586
231 537
2 16 23 70 71 133 145 973
30 52 182 287
16 233
206 275
412 652
75 166 275
8 223 495
8 45 77
255 346 380 384 540 666 822
1 31 362
81 640
163 585
59 368 471
526 623 760
85 223
14 23 62 86 805
138 260 519
506 883
8 35 365 990
92 401
2 153
22 56 117 337 846 894
288 840
68 129 184 189 553
6 146 250 397
193 244 295 831
19 139 161 255
194 330 373 857
290 849
14 74 572 853
9 161
33 257 294 344 813 827 856
71 89 118 208 563 752
62 450
48 511
53 171
424 986
136 470
54 920
31 54 83 195 221 415
34 130 214 694
65 98 119 149 582
37 107 202 426 766
11 23 114 398 558 946 961
4 224 452
76 277 378 599 677
30 411 533
6 175 206 741 776
4 428 490
57 320 394 438 604
1 228 280
195 369 415 483
324 656
89 904 944
8 448 638 650 695
89 129
35 458 591 967
26 231 706 804
56 84 281
10 31 307 878
4 172 224
108 122 676 746 866 997
277 645 937
19 306
347 450 568
488 969
95 399 462 773
7 750
9 34 335
562 813
137 424
102 179
92 190 301
6 147
10 51 838
78 885
1 208 265 850
10 466
218 268
193 244 278 496 749
321 478 866
179 362 668
336 974
15 22 84 99
101 114 819
38 45 187 202 313
86 446
199 363
3 168 579
72 301 441
5 49 113 279 347 359
102 222 551 624 729
480 603
77 150 339 605 668 722
50 68 262 366 599 603
197 974
442 648
116 191 264
31 158 362 686
257 694 930
50 331
23 469 572 962
193 295
267 402
34 51
58 100 189 334 395 580 875
590 788
31 125
11 27 61
223 321 348 494 954
40 156
276 708
16 612
46 139 152 253
76 366 599 611 698 769 774 937
50 518 828
32 51 248 299 358 558 728 936
6 363 364
28 49 123 266
209 892
46 196 483 654 724
71 197 507
259 649
30 182 611 906
3 256
305 812
72 161 479
19 139 221
26 112 202
2 42 835
163 968
442 587 589
271 406 524
271 378
4 7 26 38 265 696 829
332 386
348 713 992
26 276 338 584
6 25 69 317 481 789 809
9 291
147 174 586
6 689
92 939
225 372 702
18 638
236 919
15 21 58 60 68 466 493 869 875
152 208 647
262 399 609
464 571
795 987
13 20
216 817
154 439
58 426
47 248
1 2
30 214 276 803 976
204 272
18 144 949
163 585 615 740
10 25 184 948
463 804 813
56 115
58 171 314 439 502
9 887
9 220 341 380 499
38 510 798
32 51 194 881
113 268
157 170
237 260
8 222
9 71 82 565 588 978
114 122
89 399
119 621
39 231 410 522
99 106 150 281 660
180 829 961 998
36 81 499 679
80 198
14 15 35
10 25 667
102 289 396 465 944
20 45 324 402
168 302 616
101 198 227 789
556 953
200 338
75 175 296 873
127 456 487
194 259 283 435 919 982
9 72 132 249 540
273 459
6 160 814 930
8 53 104 148 307
176 297 316 366 756 979
124 263 329
384 445
143 160 203
24 62 541
95 312 742 877
46 182 378 472 533
56 100
329 431
11 21 68 316 326 561 627 804
4 70 123 313 696
25 68 156 413 445
63 359
89 142 355 992
588 736
21 69 85 258
18 616
188 373 391 583 614 843 920 1000
27 446 489 569 890 916
6 62 201 251 568 805
6 34 642
107 859
50 196
265 467
48 344
59 72 220 306
199 481
575 605
155 278 548
564 567
20 150 374 656 780
87 115 147
20 77
223 717
56 99 400
4 14 176 372 971
102 181
41 110 653 935
143 534
54 273
76 262 550
39 186 555 723
8 93 428 659
219 980
196 942
8 148
75 163 794
56 605 634
7 282
7 418
375 719
126 159 309 350
36 129 383
105 230 629
20 238 420
525 779
36 112 114 157 160 164 289
104 953
72 118 228
1 13 133 590 973
25 674
229 466 780
2 322 330 755
99 583
41 92 501 528 951
43 110 181 238 396 461 513 993
51 111 274 310 647 729 936
126 159 232 460 494 527 542
2 11 217
65 432
63 120
15 43 52 115 303 570
50 325 345
762 889
136 810
196 312
414 512
87 129 170 345
3 33 294 681 995
277 705
825 978
2 22 56 117 382 523 744
133 279 310
11 13 101 122 254 357
24 74
40 73 967
6 23 199 201 450 489 709
175 764
141 633
20 187 832
705 984
295 710
54 319 526
12 925
175 606 651
632 790
190 214
40 53 172 602 743
285 763 883
14 70 86 158 278 284 446 890
17 38 93 230 691 771
95 178 185
33 39 153 287 416 562 856
22 58 212 337
46 178 379 416 663 782
5 752
202 234 338
5 590 982
23 70 155 176 429 536
41 75 166 206 296 574
57 287 746
100 269
6 54 247 354
5 235 305 359 701
717 826
6 62 86
36 146 160 499
11 197 205 433 748
167 272 422
16 233 435 695
149 389 626
325 447 912
113 208
4 34 154 314 863 947
94 97 287 588
120 268 964
2 20 78 228
8 15 30 53
80 205
167 422 444 494 500 610
37 200 255
25 210 331 531
245 962
72 330 823
67 107 166 514
277 786 880
2 48 265
18 367
30 691
12 369 380
972 995
201 245 821 907
62 70 907
171 448
20 92
3 20 33 152 168 412 652 739
128 130 177 304 996
91 743
549 771
956 975
33 37 107 498 522 720
25 46 47 734 816
12 83 415 959
64 84 654
43 513 582
82 111 232 388 791 986
117 337
111 322 375
1 790
90 98 657
67 514 901
7 58 66 85 155 581 900 970
93 658
22 336 349 400 759
3 349
147 207 247 312 519 521 841 976 991
42 71
65 108 587
124 297 303 385 420 577 788
23 30 245
696 969
7 235 682 970
138 519 525 622 637
181 781
67 169 874 987
290 368
13 997
557 815
82 132 801 903
75 741
239 452
18 484
123 151
31 447
46 185
335 348 815
131 147 174 240 309 373 532 664 889
2 751 870
5 393
131 840
120 955
1 755 982
121 165 239
13 184
10 21 60 86 225 351 429
118 133 219 773
12 334 861
80 626
54 155
22 843
17 38
20 36 256
34 107
209 285 688
252 427 770
592 697
12 54
79 459
270 527
34 299 474
10 25 60
16 236 361 938
335 713
65 79 98 459 589
51 734
292 491 520
899 965
76 592 603
182 967
27 198
546 875
13 748
31 467 848
144 949
216 427 817
11 622
112 620
18 357
109 156
31 848
151 434 632
113 169 267 285 718 722
2 419 474 708
169 211 826 965
560 909
10 340 561
128 284 304 333 491 985
339 860 940
87 246 388 682
39 864
46 176 185
2 5 63
166 651
87 115 854
13 208 923
126 246
173 389
204 258
117 394 404 471 952
241 439 469 502 517 855
187 547 802 886 910 951
18 144 165 482
130 892
288 469
38 45 49 110 133 932
54 369 833
547 557
9 19 216 308
559 784 892
22 29 240 477 505 806
95 830
48 152
78 95 931
45 267
26 607
10 18 21 68 81 121
555 579
44 229
103 141 186 294 344 854
75 282 606
23 155
15 35 411 492
53 307
553 635
32 111 232 322 726 822
37 202
103 410 412 827
262 280
88 483
6 245 639 821 928
79 169 385 415
31 67 353 421 476 899 902
16 259
3 170 231 243 361 760
73 96 103 300
382 744
14 250 292 333
99 391 417 683
36 150
103 141 410 535 562
137 159
8 35 156 551 747 799
655 745
260 455
18 631
11 17 217 516
33 209 792
294 681
178 724 942
14 112 453 465 628
237 520
17 250
83 171 389
72 161 306
118 318
158 177 383 661 998
65 360 703 722
81 462 684
102 124
10 60 64 556 601
203 814
2 113 721 933
88 503
61 121 165 586
69 165 205 292
236 259
191 762
95 332
81 233
68 190 214 688
13 14 23 27 227 363 372 429 971
8 504
241 379
40 643
8 35
14 86
49 921
15 274 310
708 844
42 111 318 330 449 474 579
5 42 137 183 317
7 947
9 139 220 801
9 72 157 375 646 855 993
25 326 413
44 267 301
29 325 981
5 917
92 457 559 966
12 135
41 290 506 528
12 88 400
137 174 309
95 386 609 980 994
35 53
68 184
311 517
6 234
106 215 625 781 876
11 36 101 149 247 298 552 581
80 185 836 880 992
29 41 190 205 301 898
219 359
137 532 908 932 963
40 117 470 810 896
370 639
26 84
159 283 423 986
76 480 627 786
32 142 252 335 838
13 227
84 106 118 281
5 497
3 48 349 511 577 744 846
117 188
39 739
157 904
56 128 132 221 346 825 913 989
16 774
10 68 275 283
18 121 144 165 454 482 484
593 671 877
20 41 229 849
85 94 287
4 49 323
64 218 305 321 486
4 49 323 390
153 213
173 286 540
12 54 88 140 370 503 956
9 425
22 60 732
1 2 197 317 486 590 625 785
41 45 242
33 39 59 96 300 983
178 472
17 325 356 435 960
43 635 839 888
8 473 624
98 487
80 101 173 198 552
615 869 968
150 929
135 153
28 224
12 24 27 286 357 873
1 761
578 819
311 519
18 55 908
63 219
6 7 74
65 112 465 522
206 574
361 760
85 97 127 162 364 544 600 858
170 512
23 284 304 328 692
177 180 692
360 573 865
177 343 985
45 187 216 229 251 290 714
51 427 999
27 247 319
103 457 508 901
161 565
139 322 380
43 164 352 367 396 621
22 346 918
3 168
12 135 140
3 168 349 793 928
133 299 529 816
31 125 154 530 549
40 591
563 657
15 109
18 704
52 293 617
38 74 379 947
754 955
14 680
92 96 243 253
10 61 68 122 139
297 550 564
264 510 543
62 295 927
51 269 655
96 141
142 713 807 880
77 929
557 860
24 137 246
20 59 229 886
30 42 277 448
26 341 414 797 900
163 455 510 543 585 998
241 418
45 376
13 753
38 420
12 415 662
16 20 187
50 131 191 232 283 350 567
35 136
5 15 30 172 222 339
6 88 273 342 483 784 851 975
106 356 491 843
126 559 935
142 452 727
12 61 135 188 195
34 728
177 284
152 606
28 67 169 385 554
33 96
28 444
30 53 104 172 493
111 331 409 847 989
355 866
344 827
155 778
9 220 249 530
6 201 853 957
147 194 345 628 667 915
5 81 305 440 964 988
5 167 494 544 610 680
4 17 123 151 430
30 53 601 878
8 105
47 529
5 208
69 526
103 294 731
7 74
116 543
48 417 583 634
76 85 167 681 952
6 347
271 292 737 829
26 55 71 102 110 341
8 15 17
1 279 368 393 644 784
247 753
11 27 119 247 673 868 972
100 300 580 745
30 52 293 470
57 94 258 746
24 328 554
1 78 145 552
12 195 369 370
23 37 86 148 630 714
2 113
509 831
76 611
7 66 154 314 328 581 926
2 5 42 318
84 382 808
56 400 417 818 1000
353 795
4 14 70 96 363 548 689
22 272 364
75 206 275
47 57 100 101 162 269 546
76 979
79 965
57 82 94 97 167 204 320
57 85 575
15 30 35 53 91 136 148 368
7 328 418 426 572
14 630
505 567
4 224
430 798 811
17 23 361 798
20 70 226
6 35 86 730
144 165 239 315 954
36 530 560
61 114 122 578
413 561
381 625
536 751
1 66 235
21 25 651
67 79 211 874 899
18 482 963
14 23 62 308
34 150 242
24 66 74
253 294 416 857
85 909
10 25 350 911
281 382
77 879
9 380
31 125 447 685
3 463 671 864
35 473 953
145 153 197 227 507
437 665 959
90 108 432 442
37 319 465 537 620 802 922
41 44 224 339 374 824 996
55 828
800 824
39 96 492
18 144 165 324 402 482
89 289
333 406 497
10 25
138 613
28 490
75 241 455 682 881
41 53 59 160 301 383 401 610
282 469
101 173
183 988
45 290 506 849 898
41 44 59 130 190 495 544 718
34 100 163 274 313 711 869
184 571
1 197 202 766 922
3 33 96 131 256 671 787 792 930
292 406
65 90 603 983
33 579
220 371 375
12 135 273 342 370
527 574 950
46 905
106 113 419 835
128 237 946
22 732
271 642 769
3 243 553
106 117 143 212 764 818
515 731
151 896 977
134 544
42 46
137 174 194
196 253 416 678 782
7 51 189 252 266 299 462 541 863
403 443 881
24 241
3 48
2 5 226 268 474
1 7 554
214 376 832
334 897
81 95 566 609
39 79 186
367 381
48 168
291 460
67 169 353 883
19 210
26 115 157 166 203
119 217
221 331
10 78 183 254
3 33 39 152 186 257
99 212 515 762
79 116 211 615
39 186 787
1 64 120 254 310 403 563 758 958
64 113
26 293
259 576
15 158 343
203 738
315 631
100 295 710 763
16 179 447 612 686 779 800
6 345
1 120 219 336 388 449 893 914
11 298 475 552
269 560 793
140 375 891 928
32 51 354 580 715 770
312 942
19 371
26 87 164 616 732
23 70 250 564 868
2 82 213 588 932
146 160
127 733
115 129 263 367
136 393 551
15 109 275 533 601
3 852
29 38
767 862
36 46 175 407 606
50 504 596
237 304 405 996
52 307 670 739
9 249
515 614 683 1000
55 98 194
22 162
75 175
57 106 134 258
116 598
19 94
7 24 439
6 70 608
88 765
153 451
32 104 810 867 934
158 260
114 602 819
45 376 690
44 951
50 232 532 542
198 578
360 676
23 176 225
101 108 114 922
9 19 132 255 308 896
76 378 645 737 774 943 945
26 181 640
9 123 390 702 799
46 472 742
130 376
273 891
88 195 641
36 143 160 383
446 700
29 699
41 45 77 783
201 225
184 195 553 673 948
252 266
340 464
9 19 132 200 242 419 460 531 645
41 59 190 229 276 313 940
15 18 91 484
127 663
25 60 127 733
573 648
134 192 422 575
163 675
11 268 991 995
16 467
12 413 643
378 480
8 73 473
16 52 264 938
140 639 672
239 394 500
88 273 662 861
65 327
4 49 123 390
43 82 409 726 888
498 847
152 240
44 276 387 481 924
4 28 151
485 706
28 236 266 397 800
43 87 89 102 289 303 352 521 584
496 666
1 5 42 118 280 785
166 211 407
32 107
251 870
613 757
11 13 213 279
200 720
40 171
25 38
66 154
128 158 180 260 404 520 524
6 86 245 257 805 957
41 45 290 376
9 182 204 386
31 110 157 420 781
161 291
10 126 340 456
44 844
28 49
343 406 524
37 112
98 108 211
63 628 882
131 329 686 687 766
3 141 856
29 502
121 430
7 58 239 314 315 595
66 244 595 926
244 295 945
44 214 401
147 431
52 109
440 566
34 51 100 310
105 164 577
11 13 61 69 119 198 398
71 208 449
4 702
377 402
114 868
335 515 894
44 528
332 707 994
488 977
94 97 192 223 575 663
59 92 130 324
401 501 901
47 79 248 277 468
42 64 74 228
395 531 903
2 697
215 263
3 33 39 367 537
76 316
244 576
93 358 377 428 478
1 42 120 252
16 767
141 168 186 253 300 410
256 508
65 162 185 487 573
19 443 734 934
63 86 226 837 923 955
19 116 510
387 670
24 66
47 443 958
716 934
35 73
775 845
37 498 522 687
67 169 514
242 285 374 476 879 902 910 929 966
104 105 156 186 886
22 106 212 237 304 683
75 206 296 574
87 512
113 305
18 121 239
144 631
1 24 63 125 254 761 898
67 211
29 189 658 756
507 835 980
15 30 73 156 192 220 556
3 72 371
26 303
83 264 293 302 370 876
46 644 679
30 670 799
60 143 203
154 192 272 794
326 693
35 148 570
48 834
21 83 392 712
23 176
15 104
14 199 282 594 595
100 274
26 396 461
48 74 243
12 90 342 403 665
19 24 660 768
61 122 210 371 454 561 796 851
509 884
24 288
43 89 238
128 455
25 60 66 351
31 125 636
508 535 555
140 592
1 5 78 228
7 24 29 55 970
43 181 461
8 53 105 148 207 556 691
44 92
146 203
9 666
66 802 921 939 940
7 154
146 354 468
37 63 107
67 353 459
423 511 884
684 872
125 421
47 73 105 266 358
265 563
132 736
78 777 811 914 933
12 83 571 891
15 20 41 285
55 246 309
18 121 165 315 436
258 471
32 146 307 534
412 463
395 427
9 161 565 825 888
532 963
65 108 112
90 98
4 390 488 957
231 284 292 496
65 98 453 589
377 803 990
18 148
84 117
17 478
48 130 518
55 771
32 124 162 269 580 838
97 149 495 858
17 108
26 102 110 170
684 830
98 145 175 327 360 582 586 918
8 40 52
193 763
32 816
4 28 49 120 123 151 323 620
103 300
5 7 46 78 145 419 812
550 618 698
1 42
28 112 200 260 720
21 25 803
121 811
110 164 181 263 876
10 571
9 115 540
508 633
476 514
19 21 25 210 460
62 201
381 897
35 45 92 285
399 462 541 754
144 484 949
65 703
79 88
166 545
54 83
28 49 174 489 824 921
231 485 717
47 539 927
124 904
164 238 341 640
35 73 104 207 425 895
368 402
90 820
147 159 502
47 397
11 205 217
7 93
27 997
62 278 700 971
34 266 354 655
414 916
81 189 566 707
40 50 601
261 619
94 364
450 608
55 108 703 733
103 257 535
234 847
90 98 108 589 604 772 882
1 64 118 451 777
13 298
102 521
727 807
38 477
5 145 197 219
66 241
103 238 289 635
270 699
180 390 405
13 15 109 172 504 672 765
58 256
31 179
58 188
3 14 58 418 794
150 209 377 562 780
26 183 513
164 617
124 677
77 267 783 910
22 56
38 170
19 42 71 306 479 632 754 801 914
82 445
187 313 846 939
192 604
139 823
102 159 246 350 712 915
140 417 614 621 759 818
2 5
22 808
77 209 457 690 832 837
34 436 661 795 853
37 234
123 323
61 227
14 251 594
213 435 839
47 403 546 642
33 103
134 192
84 894
84 337 845
1 422
3 44 59 518 723 747
28 104 179 261 421 619
142 438
10 156 199 895
31 125 145 179 973
3 19 719 852
29 51 517
179 619
267 718
12 342 592 636 920
33 96 416 633 719
31 551 701
64 71 264 917
8 31 425 445 887
93 820 981
46 472
33 485
3 19
61 217 286 357 389
37 155 630 882
393 451 497
52 365 387 411 458
371 479
90 127
69 115 138 404 779 961
204 223 610
724 905
598 615
128 177 333 338 453 692
17 325 356 478
73 646
29 597
1 85 392
168 593 698 726
20 78 133 213 557
11 27 119 159 674
212 382 614
63 82 419
43 89 124
151 441 918
20 200 498
61 83 597 637 841
467 864
54 112 135 140 369 871
11 13 87
161 280 384
11 69 72 475
17 29 177 428 477 612 785
138 404
12 54 99 188 594 697 751
17 21
37 859
2 280 425 602
3 29 48 91 96 792 981
43 91 110 607
32 296 545
89 164 839 900
27 101
16 170 352
87 129 215 352 420 617 758
152 344 842
501 518 598 711 815
116 598 968
56 212 281 539
4 81 386 566 872 877
60 340
709 890
348 490 727
114 622
22 400 583
40 156 222 570 629 895
20 61 77
1 138 261 279 280 336
5 885
74 235
47 867
52 166 275 509
8 44 105
81 95 440
218 486
12 195 833 925 956 975
738 817
87 616
257 834
55 424
4 977
33 39 537
97 471 538
235 282 750
17 93 659 941
85 134 408
12 22 99 122 503
4 28
36 146 408
84 281
2 42 71 118 602 721 974
162 395 867
43 59 123 377 688
13 61 173 433 569 623
86 568
4 28 200
23 70
64 109 183 318
115 170 289 669
37 39 243 593 787
2 71 885
83 124 157 851
438 954
34 745
5 254 523
36 738
116 264
73 115 129 136 302 629
248 936
87 157 302 521
17 38 93
509 776
187 242 291 396 405
520 678 806 828
10 539
34 366 550 984
373 437 699
3 92 324 668 860
8 21 91 351 729 730
194 437 667 840
30 73 135
607 797
63 352 451
422 600
36 75 160 296 737 741 764
7 288 448
37 202 234 523 687 768
51 397
62 436
14 225
69 433 516 778
94 134
20 37 50 126 191 528 549 908
348 438 452 767
89 381
67 385
57 138 597 757
132 749
17 659
24 572
296 778 809
67 114 205 298
50 131 174 388 424
6 14 70 481
4 488
6 93
89 129 669
9 913
120 226 788
149 227 286 873 987
226 752
13 80
407 545
119 216
32 468
32 100
24 58 66 328 750 855
36 59 209 408 793
29 225 496 927
125 685
46 312 742
133 145 153 777
11 119 748
33 723
32 58 863
641 765
135 342 672
29 74 418
274 558
28 434
78 228
41 77
358 529
31 364
311 525 618
341 797
5 644 923
11 27
57 392
506 966
142 836
384 893
127 432
60 693
21 60 408 534
5 38 218
134 287
517 525 637
110 513
19 111
97 392 394
262 271 480 618 769
14 122 155 199 286 429 436 700
11 13 27 69 80 205 217 916
2 268
842 948
26 61 101 283 475 529 569
2 64 80 149 761
10 21 68
193 244 576
414 674
560 650
158 180
83 97 204 541 600 624
297 983
40 109
13 80 389 991
34 248 334
26 584 944
587 820
9 18 134 258 315 321
288 675
7 24 66 379
577 596 809
15 56 91 105 182 207 591 924
19 167 887
261 355
22 99 105 454 775
259 695
104 215 617
143 408 814
255 409
4 189
40 94 423 431 511 542 833 915
523 731
72 441
81 95 189 332 872 931
88 641 830
17 29 38 477 844
538 650
43 62 414
53 591
320 392
129 302
303 758
21 82 131 132 221 715
7 796 976
111 132 251 347 821
16 612 938
84 634 845
50 55 126 232 270 636 999
47 100 269 274 334 558
17 29
360 432 648 865
7 66
555 834
36 75
11 173 789
1 42 63 64 97 486 850
110 127 327
99 391
50 131 329 712
6 250 372 463 608
55 549
143 216 443 500 673 770 858
710 831 950
104 136 207 365 387 470 878 924
116 756
52 91
13 24 27 80 398 791
17 29 191 941
142 321
113 357 449 704 850
362 701
346 479
5 317
99 111 330 685 978 993
25 107
297 806
512 607
34 67 162
4 140 959
76 984
126 174 309 329 505 791
63 64
178 185
5 38 183 356 941
28 339
38 102
193 576
90 327 453 456 587 865
69 201 298 319
28 60 107
4 49 151
283 505 911
3 21 401 960
32 51 88 397 458 661 728 897
597 841
