56 58 224 387 536 674
35 92 714 888 996
87 127 443
6 197 339 465
22 51 537 734
12 392
2 12 55 284 548 571 975
111 628
282 771
201 306 948
15 340
393 940
54 76 864
146 341
316 605
84 270
11 192
26 85 116 181 474 820 881
6 305
110 281
20 82
26 104
794 923
346 404 993
61 75 98 124
2 44 191
85 163 286 314 355 574
244 531
468 702
64 621
75 138 139 296 596 603 914 917
317 318
4 244 340
233 356
47 358
139 146 238 680
325 861
134 183 321
42 276 277
80 161
14 61
72 446 885
1 248
15 32 845
4 953
5 8 67 840
189 217 367
109 165
2 571
18 370
36 64 262
21 22 80
59 155 200 202
24 99 142 497 555 660 799
23 367
43 665
66 77 81 171 459
295 666 798 886 994
102 200 682
33 195 212 293 383 958
4 47
109 556
134 175 370 439 510 805 985
20 579
95 342 542 544 710 827 830 858 903
381 710
17 107 645
36 432 679
16 535 745 922
11 39 80 158 339 466 683 877 927
121 514 641
65 101 311 823 940 986
116 959
39 729
188 374 967
37 945 990
201 493
29 216
3 138 861
117 259 396 531
33 665
214 784
6 22 23 66 134 135 227 286 417
26 461
5 141
447 630
12 126
10 40
30 210 262 375
30 64 970
4 50 60 210 670
121 846
58 71 91 213 701
7 25 71 120 197 356
22 47 103 431 723 850
136 529
138 301
144 449
12 203 250 337
118 271 591 633
19 25 450 623 779
11 247
67 100 153
59 830
17 25 75 134 237 566
475 615 787 875
49 50 155 219 325 352 935
52 98 318 349
35 105
1 24 99 166 399 782
65 266
3 553
6 56
161 893
14 115 260 271 397 414 861
29 65 73 464 469
21 114 775 926
289 656
92 114 142 227 292 426 721 929
123 231 236 282 598 717
58 902
50 108 576
17 240 424
355 931
218 811
39 205 223
60 552
15 28 291 312 373 523
49 749 757 910
50 183
213 412 883
125 305
22 125
145 728 886
10 81 336 369 516 544 872
296 486
44 88
109 153 202 484 603
28 462
14 63 330 366 852
177 959
2 21 114 184 331 394 599
16 340
60 64
3 793
114 145
1 16 182 241
27 313 402 561 807 925
90 429 599
434 979
215 478
400 689 829
152 239 703
8 20
113 284 698
225 530
91 407
123 125 197 352 424
208 281 372 721
16 530 542
31 217 298 911
137 175 458 521 788 928
93 321 985
2 204 357 485 537 863
174 426 619
7 96 254
206 258
15 16 105 381
101 323 895
59 753
171 176
37 51 129 451
86 380 616
42 43 151 276 449 929
1 165 167 235 335 578
44 256 987
41 107 148 220 658 713 729 952
143 344 517
316 319 592 776
4 35 85 531
11 36
6 37 38
13 978
270 283
558 793
32 83 601
27 42 43
5 292
159 194
52 104 215 328
135 584
38 106 248
14 83 508 640
28 921
28 99 167 230 521 562 997
46 290 379
67 215 345 386 666 706 763 956
18 370 906
13 117
111 128 186 196 244 895
199 593 821
3 55 85 105 109 240 385 809 957
5 207 218 811
6 22
33 46 333
38 463
425 455 918
135 351 803 905
478 512 624
32 68 70
19 336 712
81 104
7 9 31
38 385 502 511
10 307 847
3 43
211 966
94 201 416 565
15 164 888
58 450
103 273 327 410 481 691 745
8 62 131 466 847
170 216 682
98 594 699
7 44 49 83 219 726
20 539
9 221 373 551
13 216 585
4 7 13 18 51 145 146 722 843
79 81 104 159 178 550
239 810
65 236 368 691
24 99 170 283 492 639 680 813 997
16 189 703 915 934
30 60 116 154 264 295 375
78 154 161 173 981
16 827 858
16 35 141 907
29 73 98 324 483 860
1 230 251 365 752
49 690
10 356
27 43
48 87 291
4 33 97 315 317 994
32 44 58 176 304
14 127 300
1 203
17 223 226 683
12 180 383
211 269 411
169 622
24 57 100 740
120 162 289 587
8 477 698
125 905
128 234
51 220 960
3 13 43 68 120 418
26 104 159 968
303 739 973
134 208 231 781 931
3 545
589 690
93 605
280 324 560 765
138 348 690
725 787
173 255 944
216 441
51 85 267 901
23 62 103 960
87 193
10 25 40
12 253 383
53 280 350 376 513 586 849
24 347
18 38
20 90 609 845
74 97 955
19 118 778
18 91 150 211 453 559 635 731 755
63 794
46 342 539 579 615
21 48 137 805 844
36 243
35 72 177 995
5 94 292 785 895
1 162 222 604
241 268 818 891 954
185 338
9 23 31 151 181 278 511 797 821
8 306
51 73 101 247
348 459
228 540 770
7 133 573
135 186 825 866 899
4 267
1 18 24 283 555 596 896
12 203 285 487 761
15 35 74 97 105 371 990
23 115 253 286 797
30 781
45 225 659
13 24 96
7 407
275 597
20 63
330 349
9 18 227 387 911 964
59 193 755
39 122 396
308 362
168 264
96 989
6 106 455
113 213
18 823
152 173 574
149 311 438
38 447
13 46 74
42 183 436
7 58 610
9 452
11 17 22 54 587 856 877
6 37 351
20 42 76 127 143 358 436 615
328 445
6 22 51 103 235 708 777 825
3 132
206 258 819
40 68 71 84 219 249 474 658
50 60 210 479
20 652
68 265
440 513 732 841
12 25 154 163
114 926
33 916
30 943
44 140 536
38 215 257
43 82 221
855 961
44 427
53 350 376 732
23 55
23 31 189 298
173 222 309 485
164 287 898 1000
71 162
43 151
171 963
93 176 627 817
338 939
19 66 138 155 202 219 301
17 523 774
49 64 801 806
23 977
31 418
679 814
26 165 372
157 160 421 489 543 548 741 980
643 693
46 539
15 163 756 897
150 684 809
122 856
61 119 887 937
40 946
116 668
16 40 206 476
18 130 185 211 368
35 756 790 910
49 151
368 490 719 810
6 51 135 352 584 850 974
12 344 639 748 870
297 764
104 279 359 566 747
138 332 424
122 460 472 509 517 632 814
5 19 62 148 169 652 742 868 972
8 23 149
80 84 101 631 924
20 33 376
48 955
21 60 331 718 880
191 249 485 980
36 222
69 421 748 805
9 73 115 593 837
117 135 305 336 490 575
4 191
80 266 733
131 188 492 722 894
29 98 101 299 315
643 975
17 93 121 176 389 686
195 209 290 293
51 220 575 923
2 87 167 184 291 322 599
277 518 736
544 791
34 66 320 715 757 928
34 757
415 491 697
213 498 582
57 190
19 84 178 398 434 521 618 961
10 118 119
66 155 289 427 467 650
29 101
14 292
96 358
133 505
347 641
76 158 165 205
28 56 87 95 137 409 549 859 925
376 412
55 504
77 219
15 190 248 619
69 175 458 681 741
41 137 732 932
563 790
19 46 195
44 68 568
141 445
199 688
86 97 185 225 530
228 345 456 515 540
6 361 383 637 654 860
309 359 478 500
10 40 81 178 380
364 782
214 401
1 31 78 142 578
165 251
1 251 335
410 719
62 294 803
4 10 862
2 26 79 557 746
83 150 182 385 463 505 902 919
570 833
13 47
49 64 325 621 725
61 157 238 377 541 637
22 135 351 538 653
34 49
66 200
52 215
124 502
8 29
265 385 562 573
57 117 161 225 945
50 138 362
1 230 411 514 744 871
78 90 152
24 42 196 214 329 333
130 290
110 743
111 119
56 476
6 37 51 108 766
81 616
3 558
70 95 108 252 326 524 536 610 876
462 681
21 30 48
6 16 41 97 381 607
15 97 582
33 128 333
32 70 213 304 536
547 919
277 308 788
20 342
201 247 311 948
121 186
15 112 584 625
292 400 661
126 129 223
100 126 180 337 496 569
1 332 660
160 380 405
38 258
88 285
11 71 179 568 577 642
26 197
1 509 565
105 322
39 86 269 340 545 582
5 16 125 381 389 504 724 762 859
13 123 189
40 79
95 123 198
166 214 456
152 221
160 862
153 983
417 874
135 169
14 454 473
29 80 98 441 469 796 933
17 103 386 590
89 235
62 103 123 127 162 855 974
95 97
6 54 93 485 554
83 330 949
211 897
3 183 374 944
59 480 630
255 521
202 715
101 306 469
83 110 515 528
64 538 692
270 833
2 970
328 463 646
416 427
158 414 581
8 67 477
129 300 875
260 547
5 33
228 317 345
126 954
29 65 114 306 516 594 971 979
100 253 428 973
20 90 251 789
11 64 73 657
62 134 566 575
14 645 822
2 69 291 404
41 174
39 364 529
37 103 212
391 767
166 363 388
15 33 46 209
32 58 156 192 213 759 942
122 170 279 390 452 461 874
34 873
5 287 614 633 712 898 904 996
10 27 29 294 308
263 287 614 749 992
8 336 490
156 207 374
434 771
12 100 180 253
59 132
27 807
14 260
17 33 462 505 548 654
42 276 455 884
54 56 62 73 102 273 498
25 304 626 773
180 707
70 131 947
380 422 842
109 153
8 109
102 352 465
27 129 141 538
384 799
11 28 30 118 163 372 519
189 367
8 183 378 429 704
9 367
36 69
88 744
43 148
57 415 491 697 984 994
52 175 786 788
13 15 92 334 617
96 119 991
183 510
41 47 61 157 426 437 758 892
195 449 969
837 999
101 147 162 179 244 256 735
143 454 865
68 326 356
100 472
45 303
82 101 348
25 91 150 302 831
48 551
491 792
26 88 285 343 567 614
61 453 612 863
28 43
688 792
128 622
94 930
30 60 459
374 718 925
250 448
31 115 365
7 120
53 440 720
37 305
21 193
69 489
53 648
83 585 744
5 130 209 212 260 324 330 780
17 93 107 121 191 205 271 852
7 37 289 326
27 144 664
9 12 53 101 172 495 769
9 23 31 789
198 479
86 97 108 338
34 66 77 320
20 179
7 17 150
57 990
263 829
3 613 965
21 145 346 357 851
4 901
161 872
107 284 554 796
10 178 369 405 672 909
45 130 488
4 267 474 533 747
159 163 307
137 148
264 408 512 652 714
281 317
2 60 168 375
177 939
1 361 388 497 709
29 73 272 378 408 448 507 631 644
47 139 241
2 3 8 48 67 115 442 606 781
578 806
167 565 914 997
36 252 369 609
11 51 57 460
43 402
153 840
501 804
106 230 411 639
571 656
19 137 255 916
6 19 129
5 23 915
88 606
27 261
105 381 588
44 55 634 790 908
28 59 68 559 921
50 302 470 587 998
272 315 507
44 110 398
13 72 121 191 296 529 591 667 890
233 343
282 948
275 281 318 808
23 115
221 293 413 500 523 672 900
75 229 341 427 668
21 300
15 45
231 464 933
9 12 100 108 259 391 392 867
177 185
5 17 39 164 226 713
25 56 108
12 665
221 348 977
77 126 395
1 298 452
14 207 243 700
58 393
131 187
28 40 312 462 774
628 694
11 39
30 198 429 527 588 682
76 186 262 271 316
399 806
2 394 750
517 969
309 646
93 134 337 802 936
16 74 95 903 982
11 17 339 885
81 574
6 62 149 153 203 252 280 481 796
222 483 848
41 468
24 641
557 946
37 56
423 843
82 541
12 140 210
18 425
15 74 86 105 112 677
350 727
34 552
249 786 980
5 16 446 681
84 254 864
30 50 64 168
46 212
180 267 310 446 550 773 777 967
447 685
91 182 196 269 470 569 580
45 566
10 26 40 65 160 889 988
183 366
64 90
108 123
235 663 696
4 39
28 85 99 112 157 230 406 496 950
53 350 438 560 951
13 358 553 617 619 649 742
240 546 922
66 144 151
119 334
124 327
45 57 86 190 322 564
57 86 92 190 542 880 888 988
3 72 86 226 270
79 216 818
22 51 800
21 171 176
146 299 378 493 933
35 74 112 422 563
57 112 371 373 597 601 705 791 880
18 857
85 550
44 78
114 117 999
1 89 208 374
236 268 733
3 58 148 290 671 729
4 42 85
69 92 94 139 435 572 836
25 403 642
346 467
136 952
334 432
120 730
2 87
2 87 193 269 955
26 79 616
9 181
20 28 121 335 516
147 216 236 266 282 483 835 986
39 199
34 77 534 995
519 946
20 522 613 623
7 175 323 341 470 510
506 507
65 699
207 402 407 807
14 63 98 957
18 62 82
6 22 56 123
170 252 283 660
352 561
4 8 244 267
69 173
726 804 909
147 448
22 102 129 197 234
207 581 762
69 204
306 499
288 334
10 26 314 783
389 856
27 32 42 561
47 119 251 332 649
13 47 82 111 146 296 377 670 966
14 318 528
305 476
48 331 638
27 58 151 449 929
68 501 586 838
268 349
32 68 71 803
113 256
745 825
261 931
360 447 478 727
145 570
24 230 388
3 437 558
98 282 594 735
523 885
5 14 21
122 188 250
187 224
96 431
229 238 265
76 386
21 442 927
75 157
212 749
145 187 201 266 651 975
415 457
76 692 816
332 570
2 826
384 720 727
139 250 256 763 848
147 506 631
56 397
174 708
41 111 487
29 121 403 423 590
40 160
38 502 669 702
53 376
17 353 593 860 879
233 470
206 659 836
265 701
123 327 546 917
48 534
4 93 212 353 479 484
504 812
21 190 285 288 620 653 875 984
576 992
29 47 103 168 350 405 717 962
2 6 114 312 754 839 952
3 278
6 66 963
31 71 132
31 53 120 533 568
657 815 843
16 23 31 93 145 419 433 518
52 299 359 500 704
102 303 629 867
407 659
5 18 22 49 88 242 388 461
107 423
180 396
9 37 482 620
68 182
11 319
2 373 473 535 556 750
10 468
9 911
303 392 874
61 941
398 666 696 798
108 139 288 596
264 943
167 188 248
151 395
11 35 353 591 629 756 936
9 55
307 528
12 253
1 81 89 94 142 163 547 762 839
10 26 820 878
15 45 294
126 172 279
329 678 989
116 297 764
338 391
17 18 342
3 8 412 522 623
10 79 178 250 354
23 172 209 227 298 494
142 363 379
218 457
136 140 319 658 821 922
221 285 343 567
143 145 442 535 775
144 716
375 527 696 970
57 86 176 266 360 700
34 362
34 308 362 503
716 718
88 117 161 567
25 91 113 450 481
3 65 231 484 545 956
4 9 229 649
47 286 503 526 628 852 941
187 770 826 993
36 489
30 38
76 713
70 232 607
13 14 47 146 758
9 57 322 389
12 203 344 383 662
70 115 207 457 731
46 48 634 778
48 53 54 204
3 56 105 133 156 428 471 525 760
67 109 501 602 764 965
54 199
54 171 728
158 353
34 49 66 69 715
45 92 95 340 416 453 475 530
38 206
39 384 589 947
118 341 358 525 595 892
17 102 612
8 153
201 524
18 182 211 577
24 99 252
51 103 294 336 498 777 809 905 963
50 673
87 237 364 483 940
10 81 768
41 75 96 595 737 887
47 488 810
73 272
71 154 559 573
59 324
106 235 255 318 439 515
77 155 200 534 661
34 534 675
541 546
124 132 146 229
148 421
36 274
166 813
18 246 650
214 317
3 39 80
99 439
13 41 124 286 431 486 525 758
23 433
321 417
379 778
31 418 915
100 180
372 871
61 174
239 664
111 586
458 904
131 404 443 738
90 413 845
32 70 179 182 942 987
219 935
129 368 734
65 832
19 768
27 455 991
15 35
32 70 140 172 435 562 877
37 129 273 498 795
27 43 96 152 239 346 430
3 17
110 235 246 281 555 770
78 958
52 748
25 45 47 133 157 162 329 610
53 133 156 387 577
1 170 335 751
22 56 60 102 451 464 795 944
5 390 445 549 900
457 577
20 68 78 289
32 156 265 773
69 786
24 41 116 157 177 185 295
279 487 707 739 767
45 74
74 124 241 296 525
73 207 218 688 697
618 900 964
72 271 526
18 22 961
12 452 487
122 203 391
34 38 52 309 385 512 527 624
45 70 225 382 422 513 711
73 364 692 846
16 913
27 89
171 240
92 654
77 995
63 687
13 16 95 228 486 741
21 48 270 331 459 611
6 102 129 163 669
492 555 580
2 47 61 137 738 750 838 924
945 976
141 263
17 54 76 93 158 743 890 947
98 99 170 335 354 428 709
70 213 238
37 49 91 110 308 320 348 503
404 444 551
390 663 785
67 602
90 186 237 647
243 255 274
99 147 208 363 894
13 18 63 260 640 949
319 592
91 172
3 171
84 146 194 205 226 604 853
76 158 199
52 257 360 480 502 685
32 58 154 156 316 505 964
9 115 149 993
4 118
28 59 215
96 155 469 833 899
17 136 233 423 466 815
113 876
6 22 26 104 259 366
54 216 532
9 189
30 50 69 204 287
67 200 608 724 804 834 873 935 962
178 307
90 206 234 258 638
65 80 378 441
83 256
14 275 687
231 782
35 471 563 625 827 982
58 78
1 751
194 824 992
6 329 670
19 128
7 60 75 78 113 520 626 703
725 869
429 510
106 246
60 210
23 234 253 255 344 480
15 394 746
14 63 119 846 957
31 149
161 693 999
36 537 543
103 598
208 752
88 239 246 343 433
45 77 92 453 625
117 643
39 72 192
128 134 379
2 9 127
26 333 417 436
144 195 405 420 742 802
18 50 740 896
29 140 419 465
18 196 695
11 316
192 257
53 125 245 387
245 394
15 25 32 78 140 312 618 730 919
26 143 444 473 572
9 217 227 240 310 382 683
190 467
275 938
36 134 148 243 553
7 9 179
142 175 779 834
63 119 148
4 747 881
1 166
2 254 617
7 11 222 434 499 507 979
16 35
125 424 789
337 761
23 31 81 224 353
10 408 532 594 971
8 153 264
93 310 339
79 81 160 314 746 783 839 847
39 209
370 966
80 112 511 576 815 853 942
28 202
5 419 671
11 72 389
289 302
13 524
7 564 866 950
112 413 518
38 147 184 205 475 998
115 181 189 217 298 409 684
1 33 209
35 39 112 136
15 193 234 647 836 913
14 118 772 978
117 592
6 538
42 991
90 819
2 36 300 421 627
23 60 217 227 433
912 987
23 34 198 210 325 909
398 572
161 592 893 976
27 43 397 430 798
74 475
163 550
22 51 273 294
82 254
37 125
139 327 377 887 891
388 580
49 138 501 586
390 400
141 164 263 323 636 1000
822 953
4 881
169 290 471 802 916
21 535 608 863
45 91
184 443
464 644
140 172 564 635
116 295 706
48 55 84 664 853 889
44 154
19 438
29 98 127 169 193 266 499 529 711
283 482 532 611 712
90 647
27 85 144 884
7 172 414
5 29 41 71 89 370 444
262 667 851 959
102 302 590 751 787
256 547
319 920
2 114 137 143 198 274 409 583
192 743
226 240
52 116 177 185 338 939
4 34 89 133 164 360 377
19 74 280 384
21 131 143 346
121 237
261 820
19 130 634
280 412
58 327 638
224 245 656
7 273 390 497 705
11 710
13 334
88 131 775
320 332 910
540 597 808 938
345 784
149 170 258 797
55 87
159 514
95 528
176 396 472
136 158 629
110 111 281
83 175 274 669 704
272 735
7 150 243 438 562 651 730
10 132 208
18 196 671 677 832 857
11 554 590 953
10 314 557 872 968
42 884
276 395 630
4 408
12 34 60 588 673 754
187 426 442 508
16 488 714 996
4 8 509
379 635 801
70 133 156 162 277 503 582
36 112 137 222 559 941 982
24 399 565
44 537
14 378
437 522 613
371 543
59 418 753
36 204 432 924
104 355
24 165 403 834
4 30 168 177 244 262 621 754
4 79 314 369 468 474 519 595 760
22 62
28 34 59 312 432 446 687
200 607
357 489
38 771
67 106 403 425 591
68 78 91 650 716
9 482 808
185 706
149 181 214 934
42 71 156
89 232 331 399
100 126
29 80
7 140 304 450 612 626 851 936
33 94
1 23 92 99 246 248 372 722
511 600 998
59 486
357 393 556 738
10 41 104 132 178 519
33 128
49 173 406
1 361 854
191 392 430
108 123 220
415 441 524
278 425 440
35 45
1 167
64 168 943
10 26
242 488
5 287 676
25 587
48 193 844
89 232 252 813 932
1 241 546 637
19 20 622 883 972
5 45 86 92 400
16 35 500 512 918
205 386
52 94 215 685 898
363 967
28 117
5 263
8 291 811 840 850 855
14 16 560 674
168 198
5 224
301 347
97 149 180 211 276 321 661 831 928
9 731
12 35 242 295 297 458 570
831 906
115 482 934
88 769
31 367
5 263 278
10 40 261 354
497 721
19 33 53 105 420 801
24 246 250 428 632 763
111 139 772
242 473
15 64 237 364 695 774
13 18 32 47 349 494
12 85 122 822
82 139 526
110 228 260 326 401 784 932
25 194 736 824
420 463 662 907
257 309
24 89
88 239 359
71 120
126 203 632 761
560 951
11 920
81 272 275 401 410
117 812
275 345
194 504
22 56
406 561 627
43 395 430
22 220
11 912
79 147 672
401 540
37 476 598
366 985
62 355
94 164 636
49 77
11 95 422 554
9 41 124 174 288
11 54 72 97 657 733 981
206 518
196 695
1 23 293 313 399 439
3 72 136 339
4 75
53 278 280 443 841 849
154 175 245 300
30 60 262
17 50 668 865
19 119 144 365
96 288 526 723
7 19 46 116 150 320 949
12 100 337 391 460 954
9 31
19 20 46 212 293
41 67 75 288
4 218 267 531 734
6 699
393 494
106 251 347 724 871
122 814
130 169 579 972
3 46 956
29 315 585 971
74 323
17 54 633
24 106 361
64 95 198 210 583
55 142 188 783 869
2 131 224 285 373 567
40 73 147
16 57 456 467 707 913
533 901
55 109 242 636 765 1000
142 828
40 532
7 294 397 575 795
152 236 705 835
10 70 217 354 862
1 152 343
179 354
120 876 950
25 179
39 158
36 68 120
7 356
13 174 254 595 694
77 277
55 194 495 824
491 581 792
21 42 435 496 826 914
40 261 303 366 369 436 574 768
52 624
30 148 173 527 883
21 48 663 865 869
166 326
3 77 362 484 838
2 31
79 122 259 396
676 765
46 651
70 568 759
55 495 576 736
63 69 75 759
63 923
56 197 620 899
31 926
54 386 893
80 986
90 258
2 269 454
74 92 371
413 609 819
1 107 192 686 728 879 889
62 719
55 84
59 132 912 917
186 776 879
87 454
11 72 191 284 776
141 159 164
48 49 82 127 301 653
160 558
38 94 287 974
27 42 144 188 232 600 675 829
66 581
1 55 125 365 492 495 779 894
44 140 162 377 552 579 678
496 882
693 908 976
233 302 435 520
94 292
87 245
264 272 583
56 79 128 197 375 691 800
10 15
30 238
27 402
14 63
172 387
8 328 382 698
508 571
188 655
13 52 61 111 174 667
182 265
65 98 147 299 506
291 973
181 760
3 921
78 114
72 199 310 466
19 46 293 539 545 918 937
5 21 799
14 57 988
21 107 817
33 80 201 247
3 8 983
14 225 870
655 812
686 927
311 585 702
7 233
35 105 563
20 257
13 349
106 166
19 46 181 245 290 780 868
55 76 84 361 604
20 89 169 342 868
116 177 297 572 886
232 854
71 133 569 755 866
24 36 461 737
322 711
24 50
25 58
113 154 642 854
73 493 835
11 132 310 830
66 155 984
5 12 100 242 279 444 472 611 662
274 301 325 726 962
36 178 204 248 249 315 859
313 580
45 109 382 394
54 107 223 605 864
400 689
32 124 155 440 968
549 930
165 167 170 411 578 589 709 828
5 86 223 259 324 445 480
143 195 817
37 179 414
21 75 89 96 118 136 167
360 920
28 53 54 284 431 648
28 78 689 753
82 603 680 737
283 347 363
187 269
25 113 351
393 601
17 107 199 284
12 113 392 517 867 870 891 938
84 194
15 16 24 313
141 323 904 930
6 62 684
66 138
236 832 857
102 126
152 769
29 101 247 506 644 908
5 26 174 218
515 640
61 882 965 969
22 960
99 165 208
44 192 261 589 593 766
76 226
61 82
47 61 146
19 20 195 209
752 828
24 231 299
8 26 67 278 416 849 951
97 330 818 903
14 420
41 144 981
143 184 551
168 479
14 102 247 448 493 816
12 767
8 67
451 481 678 780 978
51 451
15 59 471
43 241
329 673 694 892 937
3 109 522 793 842
701 740 842
295 297 513
2 184 357 508 844 897
460 882
50 84 655
232 270 277 313 365 873
30 34 202
52 556 646
37 85 108 135 351 410 584 800
110 190 214
7 25 91
368 397
40 104 107 557
196 896
20 169
21 127 145 274 304 544 548 606
42 166 271
63 321 794
679 848
42 675
30 186 205 237 739
112 677 791
674 902
259 279 344 509
111 268 723
20 41 157 229
249 409 543 907
130 333 549 958
2 76 254 282 490
65 499
79 159
8 477
6 43 465 717
1 12 65 136 772 878
106 110 228 419 456
645 676
14 27 141 700
8 28 132 268 983
83 113 494 569
371 398
32 50 124 583
13 82 708 989
67 477
32 71 83 133 573 823
8 53 382 602
2 229
61 118 553
9 38 52 328 359 600 837
6 128 130
520 552
32 44
7 52 200 257 564 906
2 33 37 127 131 204 273
16 54 57 286 542
268 341
77 202 437 977
173 249 406
171 176 311
13 75 130 187 220 238
69 243
11 72 533 766 858
26 48 159
94 164 785
26 63 142 307 355 514
25 541
33 46 234
8 25 40 150 160 520
720 841
10 296 380 516
223 384 588 648 816 878 890
27 151 276 395
184 608
