17 76 107 121 284 386
159 163 317 557
8 117
75 146
86 92
37 745
309 600
29 380
48 143 145 444
38 328 463
24 572 668
528 938
3 71
6 757
15 371 488 818
103 129 273 465 960
101 871
107 258 911
25 68 113 123 232 304 414
38 52 128 215 328 359 478 918
21 184 712
9 475
5 82 118 286 390 400 895
40 163
29 64 168 306 469
225 982
67 758
244 531
16 27 35 209 355 579 705 801
38 600 624 998
504 604
134 566
30 262
53 280
136 733
51 481
4 244 881
28 33
8 10 98 178 335 444 738
53 560 732
57 86 88 190 285 913
70 91 547 569 577
1 248
71 302
152 239
13 21 35 86 225 239 475 488
82 139
2 127
111 941
2 571
10 79
18 370
50 74 105 322 827 858
214 345 938
48 145 187 245 373 608 817 863
11 39 54 275 843
92 115 149 191 519 574 981 988
53 280 376 513 720 799 841
202 995
5 94 263 287 324 663 906
23 547
193 441 535
13 61 82 118 124 288 637 891
156 450
19 121 377
28 59 114 132 753
15 705
10 839
54 484 545 842
165 372 565 580 828 914
39 158 199
103 227
369 550 783
122 126 253 391 496
97 201 216 315 364
25 83 179 346
143 865
101 303 337 391 761
221 261 369
2 658 718 721
146 183 298 327 510 985
25 99 162 981
82 85 111 146 364
141 765
11 19 39 130 319 868
12 17 40 460 472
28 312 462 885
384 440
4 44 470
27 78 133 393 427
14 33 47 75 128 268 849
47 341 989
631 729
46 169
12 122 517
84 576
5 141
11 33 130 290 916
12 126
10 40
9 146 446 681
8 48
15 321
18 153 159 300 382 616 896
73 80
31 118 174
18 166 399 411 789
69 222
58 78 213 265
35 196 563 903
47 229 941
822 901
90 638
27 275
96 553
12 75 203 238 253 334 337
95 419 830
140 297 564 835
13 139 146 526
219 308
5 141 689
6 56
515 528
163 348 607
59 681
30 50 238 943
9 74
6 734
275 456 629
122 632
24 232 252 806
451 795
17 199
36 137 149
47 118
12 73 122
5 400
228 403
352 476
112 599
138 362
30 673
357 775
5 30 38 94 480
61 111 892
89 100 104 167 235 246 580
102 106 230 451 514 855
330 357 610
66 67 153
680 852
46 130 809
27 43 144
60 64
89 188 403
167 230
133 172
59 310
7 83 900
388 492
59 224 523 548 967
214 281 340 770 784
7 71 172 256
49 60 928
13 21 143 358 394
76 192 856
137 204 904
31 325 915
134 417
7 224 473
83 564 601
46 333
63 407
7 71 91 282 349 507
153 477
36 69 145 255 537 627 717 786
532 644
206 413 676
17 158 284 466 776 920
65 458 594 816 908
18 695 781
13 288
106 762
183 566
5 12 180 203 452 472 954 965
57 81 178 570
40 64 210 550 872
122 665
16 225 371
18 211 640
7 9 23 149 744
9 405
120 610 981
102 135 449 795
13 61 286 619
154 573
5 255 259
25 122 133 755 800
44 244
11 927
168 262
40 261 557 768 909
21 373 551
120 562
240 633
384 560
30 185 264 572
196 617
467 818
38 360
89 219 910 977
38 70 134 292 470 585
46 342 379
48 127
81 104
198 210 262
18 832 926
84 664 812
12 452
501 909
114 187 394 442 741
25 132 156 162 831
27 42 181 449 961
26 183
1 270 335
178 261
165 335
52 425 478 480 500 630
18 173
10 42 52 79 142 355 478 746
190 903
22 65 108 185 284 297 764
522 781
4 14 267 755 871
15 83 150 256 591
23 181
77 861
41 61 146 157 541
294 777
72 93
8 194 504
114 269 551 599
34 116 177 277 959
38 630
410 538
1 89 142 170 439 660
242 338
466 877
180 203 344 617 662 874 925
216 493 877
116 295
10 26 40 81 159 314
18 196 605 789 896
11 381 713 864
175 859
8 102
266 378 506
19 20 24 439 578
16 89 388 682
23 227 298
184 193
457 688
24 332
25 72 78
3 99 956
1 37 106 135 208 363 641
326 453
54 72 920
4 45 89 190 244 677 858
186 223
4 64 474
1 214
25 173 416 703 788
30 583
310 815
105 990
17 309 360 512
6 45 102
256 536 568 684 876
125 135
43 675
265 289 304 370
30 50 262
28 61 105 220 425 500 525
6 36 243 627 788
319 947
26 40
25 162 562
88 239 285 468 810
58 156 416
513 799
444 875 882
264 754
25 192
26 74 97 112 711 888
382 602
1 347 497 639 751
28 132 164
41 443 464 473 844 975
16 544
581 984
596 628
3 173
28 753
12 100 304 973
111 119 131 241 425 617 694 989
207 218 457
4 69
10 500 931
81 256
8 18 109
36 69 148 204 249 805
52 502 511 561
380 878
579 749 778
171 284 339
5 6 55 84
221 567
18 183
129 684
67 983
11 17 107 158 205 353 592 821
171 593
6 22 123 294 598
394 955
100 973
90 836
3 56 62 481 652
34 66 715 861
546 694 964
2 865 869
353 529 890
4 85 267 531
242 956
6 37 102 351 777 825 974
38 309 478 918
30 943
149 189 217 482
55 137 194 889
335 682 731 779
207 278 384
96 329 594 614 723 891
10 606 946
62 126 345 837
18 211
45 322 471 756
42 200
214 228
57 95 488
25 44 70 78 663
1 251 990
136 278 423 907
49 77 78 81 459
72 262 264 479
44 257 309
20 128
17 42 169 176 991
6 59 123 129 237
3 81 214 528 540
9 23 198 217 353 411 418
2 442
272 948
34 49 307 838 935
43 151
68 410 902
136 310
132 774 921
9 298
19 33
21 87 245
18 45 142 196
27 43 293 315 984
5 14 141 495 687
66 501 586 935
6 343 368 620
9 43 149 760 830
27 402 449 650
88 103 438
12 460
117 976
387 573 986
118 526
7 22 414 569
34 202 534 626
220 336
21 87
8 61 109 698
250 344
4 345 533 747
19 30 67
40 81 557 839
12 37 223 410
17 217 605 952
33 209 651
42 84 716
508 599
30 210 946
9 23 189 356 367 911 915
38 298 630 685 704 998
57 340
149 227 313
10 260 330 333 519 942 949
156 407
30 64 168
622 745 800
194 604 824
242 549 676
67 1000
845 993
47 67
604 736
38 52 80 447 464
202 320
682 932
16 73 101 364 532 986
409 485
270 854
57 988
17 75 96 240 591 657 767
241 288
33 243
187 571
98 201
31 266
278 376 727 803 849
211 640
16 22 626 719
47 75
247 306 960
79 646
114 187 291 508
4 85 244 267 576
70 78 113 197 233 520 552 610 635 730
64 272 631
21 56
147 469
80 201 506 912
7 120 414 494
27 716 996
372 514 709
134 461
104 746
20 140 150 540 674
45 86
166 721
8 840
17 39
491 811
197 575
372 660
16 51 92 123
3 199 438 545 743
129 147 220 266 273 850
383 748
37 102 273
2 59
34 47 82 124 286 543
11 657
34 66 202 661 690
420 622
332 404 514 639 858 967
80 236
71 545 623
38 84 215 328 500 512 685
20 130 780
18 216 735
125 410
47 106 241 288 341 525 678
1 106
110 133 540 808
93 158 693
7 25
167 428
90 206 683 879
120 141 263 356 782 851
98 216 289 311
34 503
70 101 231
19 402
253 814
79 968
57 903
44 131 508
136 158 621 629 879 927
10 40 81 672
465 575
648 803
46 880
2 18 211 473
23 40 115 181 367
233 759
48 321 331
252 415 792 994
3 208 746
36 328 537 788
41 124
207 415 491 688 811 847
366 461
760 911
65 201 272
185 668
127 161 224 342 525
148 773 859
156 427
8 97
13 111 119
246 361
251 440 813
5 222
211 695
32 68 137 173 249
91 851
860 952
72 76 186 223 593
847 862
94 549 697 930
4 88 152 769 794
1 73
50 429
42 43 151 422 671 952
33 130
46 128
263 895
8 164
32 333 539
12 64 262 429 487 583
89 188
65 124 227 231 247 948
88 239 744
11 17 186 276 295 740 766
235 828 834
44 213
136 466 509 589
9 217
10 163 307
254 806
2 59 230 311 404 548 753
302 427
32 68 78 302 573 950
77 586
10 104 160 672
54 107 161
24 235 248 361 492 813 997
210 621
51 102 123 260 575 584 653
8 397 490 620
454 748 750 955
189 452 517 934
14 63 260 957
115 180 337 383
98 699
74 97 105 322 371
64 91 168
603 649
1 170 230 428 570
5 41 141 238 334 390 526 785
45 791
31 431 797
43 449
68 635
97 112 156 710
45 95
46 420
32 568
57 544
127 145 269 357 611 926
137 904
116 295 907
59 132
26 847
50 754
13 82 196
6 26 56 129 148 538
55 736 853
252 555
50 64 210 264 305
42 110 275 317
17 54 58
93 107 386
22 397
45 105 112 245 714
16 37
23 31 149
126 392 452 739 848
86 93 339
226 605
807 884
102 103 234
413 845
140 265 987
19 20 622 742
427 435
124 238 723
36 69
7 257
58 338 572 668 798 959
73 189
19 33 172 651 742 802
25 890 927
11 290 742
87 93 127 611 656 750
9 90
81 143
10 90 516 819
41 118 170 286 313 580 708 752
400 445 899
2 39 54 107 158 205 316 713 756
51 734
175 274
36 41 201 255 274
8 88 109 477 827
1 99 411
26 163 672
5 287
81 104 405
1 165
1 142
99 108 332 381 826
14 63 277 586
158 176 386 657 856 877
316 376 384 841
12 248
76 113 136 237 590
78 400
294 352
9 10
27 650
352 691 961
7 86 643
9 173 175 222 249 421 542
374 709 718
130 169 749
323 390 445
426 694
11 76 119 319
4 266 371
22 59 223 271 310 316 633
160 163 807
116 177
1 99 106 166 170
37 62
19 169
148 859
11 39 389
30 60 109 198 840 943
292 324 765
3 261
40 79 178 277 616 646
13 75 670
822 881
7 32
4 157
281 317
228 317 401 597
28 201
693 999
61 82 709
47 124
122 496 763
42 365 492 716
293 634
40 354 516
7 150
22 37 123 653 717
114 269 346
3 639 779
38 93 480 936
11 846
96 649
10 81
25 68 119 140 154 393 494 569 908
3 355 613 681
282 948
66 77 152 239
305 465
191 686
348 503
493 524 771
66 278 350 376 440 732
14 387
177 185
90 131 258 638 845
230 248 313
6 51 65 80 123 448 691
123 125
69 148 274
25 40 71 91 213 517
302 618 740
79 386 550
12 100 203 250 259 396 739 767 969
642 851
4 267 474
366 436
35 97 438
17 195 199 379 868
15 322 382
117 161
96 595 758 994
116 185 338 706
9 61 102 887
23 115 145 193 227
28 132 274
760 934
2 21 161 837 893
99 246 399 932
391 867
297 939
52 215 359 516
53 412 577 866
65 101 299
5 213
229 241
103 206
150 172 182 289 564
76 728 917
1 53 170 188
304 919
132 179 453
28 132
161 976
385 463
179 435 701 902
10 371 756 913
279 460
16 86
46 212
447 685
109 602 698 983
129 960
22 273 368 717
14 58 94 100 179 260 632
155 301
148 347
383 870
53 170 280 951
359 646
135 305 963
259 725 763
104 307
5 58 68 450
24 365
22 51 56 197
14 339
17 158
174 238
2 21 127
15 101
23 26 43 395 810
57 671 791 827
35 92 96 151 340 563
308 362 534
26 574 862
52 360 669
31 129
72 113 191 211 773
3 41 144 286 852
20 46 190 195
18 857
5 94 141 164
30 153
18 370 510 896
23 31 61
171 592
2 49 551
160 872
57 112 188 190 918
22 52 125 809
4 531
655 992
2 87
6 98 236 249 273 299 311 527
163 354 516
9 181
1 11 167
52 360 447 511
68 393
32 162
85 244
68 674
242 323 390 1000
139 426 678
160 314
142 833 945
52 624 702
14 237
174 296 501 553 596
39 192 226
251 578
25 455 552
103 899
42 49 276 991
15 629
20 177 886
32 58 70 601
144 944
2 87 341 723
2 131
14 63 330 662 965
79 143
218 697 984
80 177 311 315
111 553
51 476 803
32 900
41 680
121 144 165 233 318
74 791
88 107
6 10 108 135 809
35 321 417 436
49 661
295 398
28 59
187 224
96 431
184 535 608
353 686
7 133
392 954
32 44 154 156 831 964
117 161 837
8 114
52 378 385
42 144 276 718
54 136 466
425 511
46 162 169 209
23 31
214 456
94 189 549
214 515
32 179 289
16 168 710
53 376
271 658
406 409 602
109 152
20 801
28 85 443 822
13 205 658 713
362 715
64 264 369
33 278 290 349
43 116 138 185 886
9 189 482
1 361
175 243 833
13 241 270
27 293 637 884 972
59 154 312 505 609 740
72 237 743 879
1 411
29 299 311 483 493 644 771 782 986
87 92 95 131 190 790
56 75 119 188 283 641
66 77 724
2 65 80 187 193 331 826
160 163
394 924
56 855
491 581 661 697 792
19 61 195 431
110 281 784
80 206 836
48 548
13 229
21 269 844
58 83 939
7 329 642
62 125 351 777
29 846
66 804 962
151 395
44 70 326 519 559 582 701 703
47 96 139 296 772 989
14 140 585 645
170 235
662 748
80 934
12 253
1 347
89 208 514
20 328 385 600 778
39 54 226 593 922
7 132 761
6 37 51 202 490 963
11 176 268 284 334 341 349
94 263
19 33 212 379 972
47 82 288 296 377 680
312 391
413 518 609 819
3 522
219 542
14 206 864
84 282 782 824 912 940
2 87 90 114
648 720 951
35 55 489 495 853
99 497 956
66 155 325
2 145 571 726
76 118 377 505 628
13 28 426 772
38 502
138 200 910
1 17 54 319 423 633
34 301 558 962
24 175 252 347 497 897
32 91 113 140 494 755 906 919
55 889
5 27 455
5 70 91
34 155
331 656 875
19 20 209
64 429
389 728
136 169 293 342
124 591 607 757
106 361 432 721 738
26 985
23 138 159 219 838 873
179 195
24 75 142 188 752 893
2 114 269 454 606
533 747
27 396 874
139 603
4 60 474
43 994
85 382 533 747 881 901
4 63 330 700 953
90 518
81 261 369 862
41 917
47 737
31 259 396 707
37 102 135 538 801
42 89 99 327 555 565 751 864
86 271 389 554 888
121 171
34 94 164 200 348 441 724
217 221 744
13 61 110 146 268 667 938
142 218 251 581
437 793
47 246 270
542 990
3 14 188
22 51 691
2 28
6 12 51 253 270 368 498 679 800
120 547
172 505
15 625
4 85 299
59 464 524
15 198 673 790
8 50 67 153 467
303 392 965
175 204 406 409 521 614 802
29 147 216 524
44 83
119 139 442 758 852
92 340 582
128 342
445 953 1000
11 15 530 677 982
104 307 768 783 839 944
13 119 474 541 609
39 766
43 128 146 193 883 892
19 20 46 128 539
358 591
419 790
315 437 613 793
53 560 727 799
209 539
162 486
16 498
543 741
19 195 203
1 24 167 182 235 403 626 854
589 843
9 53 301 320 412 690 909
159 355
41 254 667
391 707
171 319 590
3 57 484 532 558 933
272 408 464 469 940
55 285 853
14 933
481 850
250 867 973
15 374 422 530 654
157 268 785
3 48 183 417 793
9 14 521 763
395 675
11 93
113 587
22 129 354
91 133 568
36 137 485 980
23 50 60 121 443 535 953
287 559
462 544 586 921
72 237
126 303 392
63 687
643 999
114 143 184 346 869
137 432
148 204 521
115 433
21 29
105 467
42 45 929
14 63 69 175 458 794
318 345
2 48
95 419 923
29 73 201 272 483
128 212
25 83
222 348 421 485 829
144 929
113 120 552
30 50 588 621
34 325 378 979
37 69 220
22 125 719
46 138
249 891
29 291
50 429 848
170 399 522 565 585 587 894
451 498
69 147 243 255 421 571
9 273
6 22 51 102 110 197 336 481
44 140
7 95 950
117 165 166 455 807
34 348 459 690 838 928
15 49 155 282
32 919
208 251
155 200
98 194 236
512 692 835
263 287 292 445 457 663
7 78 83 687
3 108
151 430
488 711 794 923
15 57
165 399
19 652
10 234 820 975
29 216 236 282 644 735 736 816
195 539 789 958
103 905
248 751
13 157
42 151 276 374
1 339 565
470 587
111 546
60 210 375
14 138 325 951
108 119 176 526
41 174 640 670 737
7 113 182 289 505 703 876
124 486
84 285 343 664
320 715
15 16 74
94 164 323 569 774
80 98 199 434
60 356 375 479
73 98
12 29 180 250
383 510
21 59 401
10 307
26 261 355 405 538
654 675
13 82 84 296
17 920
24 248
58 70 213 215
12 100 144 253 632 848
5 215 292 407
48 346 556
89 98 283 365
323 829
79 974
117 643
907 936
70 179
257 360 385 463 502
178 820 946
27 42 151
166 252
8 260 330
16 625
53 727
3 50 76 281 437 623 808
55 84 504 665
293 780
11 284 316 890
44 71 172 399
21 352
17 27 925
384 412
93 107 199 339
24 47 166 252 365
7 25 44 133 183 585 735
197 397
10 104 159 872 968
10 38 145 178 844 869 875 936 968
36 432 485 543
95 225
12 127 396 472 521 882
203 396
116 338 696 959
34 462
44 730
683 860
13 41 43 61 257 649 708
58 71 256 730
171 192 683 947
95 561
2 224 421 865
42 650
62 451
32 288
52 257
327 553
100 496 679
25 134 436
7 70 326 435 731
5 323
11 39 62 576 843
48 96 349
15 55 112 168 344 475
15 74
4 85
37 584
373 897
116 706
8 109 153
14 260 949
92 152 208 343 420 438
36 69 204 496 627 904
6 359 385
144 237 240 271
135 368
349 468
29 448
359 702
20 549
65 80 434 448 507
4 533
7 25 113 166 182 356 494 582 618
109 153 200 840
363 722
71 78 182
166 347 363 439
51 279 905
69 543
131 817
12 100 180 487 509 867
8 67 109
88 110 111 281 515 708
45 105 888
16 97 178
2 36 145 331 741 955
56 377 424
46 226 554
33 161
25 35 233
96 541 759
21 44 117 140 265 326 351
1 439
4 17 590
499 971 979
76 171 947
222 274
107 191 310
35 45 190
472 870
395 455 991
28 446
54 815
228 275
97 561 944 997
6 50 294 305 479 970
14 957
290 379
206 234 283 312 446 462
5 229 324 930
34 200
227 797
4 8 243 267 423
11 54
404 535
234 836
3 135 247 507 677
71 86 133
258 647
12 893 945 976
26 29
321 508 566
24 555
15 16 24 35 99 232 818
6 157 527 825
213 308
483 846
487 882
34 49 77 873
67 109 210
117 693
5 829
39 121 125 186 199 686
45 74 471
352 476 498 762
442 608
36 69 173 458
11 139 176 226 327 589
98 796 816
611 826
24 544 563 710
171 728
10 26 110 228 314 878
590 776 860
11 589
251 313
167 403
9 23
134 183 461
1 308 325
2 87 143 300 357
21 131 267 291 787 993
16 45 112 165 184 773 916
106 722
207 218 234
3 12 49 66 552
7 140 154 256
645 957
48 77 187 443 454 556 894
70 689 898
162 435
53 278 350
75 254 341 637 887
173 186 592 922
23 181 245 433
55 84 194
18 366 461 566
57 97 422
21 193 224
36 173 614 842
15 43 126 134 402 430 929
72 191
184 245 300 738
21 193 394 413
10 26 160 178
184 250 454 548 550 725
27 430
20 68 169 702
137 204
324 895
38 215
74 221 769
4 26 104
103 575
6 963
56 116 295 764 798
83 191 205 523 821
55 60
58 91 150 164 287 450 453
77 90 962 995
233 302
130 656 817 993
45 241 913
58 78 115 172 265 992
636 785
73 147 506
35 45
131 551
24 232
194 202 504
16 74
56 108 286
669 704 783
63 645
150 333 797
60 143 168 198 300 588 673 970
62 545
154 387 407 490
28 331 523 921
20 31 33 115 212 333 634 739 767
7 587
434 933
35 530
80 230 270 428
522 558 842
12 91 101 164 364 689
218 372 811
100 383
3 137
168 198 469 479
221 239 247 567
82 118 431 737
19 27 925
27 276
155 277 995
631 692
48 787
126 279 509
258 518 647
88 769
11 17 192 353
266 367
29 98 692
50 375
223 529 593 733
121 240 389 529
21 127
14 949
19 138 579
127 606 850
78 346 473 775
32 771 796
66 534
23 186 367 417 482
110 317
60 115 418
92 97 176 301 316 529
154 246 446 564 577 647
26 433
65 73 306 364 441 912 940
24 89
21 48 357 615 897
204 250 337
332 578
225 378 835
26 314
20 32 156 179 866
1 62 232 336 351 372
6 221
32 68 71 91 215 577
55 655
14 139
30 131
3 138 219 406 671 924
65 147
22 51 207 415
3 437
366 985
151 374 484
3 148
752 834 914
55 812
400 724 910
3 623
4 34 392 495 665
60 527 749 970 972
41 157 678 772
300 560
9 31
119 329 546
145 556 615 679 926
29 236
420 868 978
33 79 634
285 567
5 94 596
181 217
38 55
342 388 871 883
9 303
85 231
13 41 99 118 283 430 619 659 892
107 191 766
66 804 977
30 60
176 815
6 424 931
64 264
63 280 648
39 54 922
51 653
162 182
33 46
123 424 612 620
21 291 700
3 29
52 512 624
456 528 615
570 722 932
205 271 279 517 814
306 369 380
105 880
68 559
2 9 23 115
19 180 344 487
61 268
114 291 880
16 92 823
77 150 308
16 39 95 115 471 988
3 781
75 124 139 272 595
714 982
65 101 198 247
5 141 242 765
92 196 363 393 471 520 547 966
77 219 320 459 501 704 861 977
185 398
2 48 70 182 245 373 725 787 964
53 841
242 636
17 87 93 240 743
35 39 76 205 337 381 554 937
53 412
207 688
4 434 979
236 441
5 106 263 292 570 898
9 117 999
321 366
268 377
329 358 468 628 937
108 197 240
453 942
63 923
40 79 159 415 463 768 878
450 642
147 499 699 833
813 997
85 901
147 971
208 232 246 393
29 483
10 112 380 405 820
18 370 506 695
79 931
32 120 133 398 422 495 987
50 64 111 486 583 696 754
152 343
63 71 120 154 326 536 906 942
13 595
26 104 354 701 950
12 303 954 969
7 277 301
1 20 21 42 43 48 75 863
20 33 290 523 579 664 778 916
31 62
148 406
17 37 54 72 223 350 389 670
14 700
150 520 568 900
50 588
287 324
1 16 142 167 762
46 195
350 513
7 172 416 987
14 63
22 56 135 336
28 312
8 44 477 902
87 444
5 157 327 358 362
336 719
416 876
12 180
468 638
8 408
432 489
503 726
27 53 259
6 56 108 220 598 612
31 160
22 125 612
110 456 597
13 525 980
780 958
49 71 180
14 387 607
16 95 322 378 499 556 601
34 101 448
31 76 271 915
7 83 499 584 857 966
41 546
40 159
655 812
149 189
476 961
62 584 684
61 75 229 254 667
4 52 79 160 290 314 883
51 218 457 734
541 978
2 99 254
36 73 231 282 408 594 825
58 356 831
44 112 381
18 370 832
67 129 983
13 23 296 374 375 418
57 86 95 428 475 625 659 711
15 31 117 161
15 381 698
88 567
285 810
2 37 56 62 294 305 795 863
85 153
23 298
404 924
126 874
2 269 750 775
491 581
22 108 294
20 212 231 293 304
196 211
59 291 885
30 375 824
279 296 344
74 86 134 340 402 419 996
275 318 784
175 249
37 299 380 806 855
11 856
289 536 635 823
22 84 334 390 576 889 992
20 121 212 636 802 941 978
15 16 35 45 57 105 174 225 854
414 470 536 562
329 334
24 106
213 335 388 641
54 88 598 974
8 22 56 62 234 351 397
43 53 122 440
36 174 358 603
110 540 597 770
58 573 582 674 759
176 776 939
82 174 619
103 424 905
47 52 309 669 821
212 401 808
28 100 707
320 511
33 152 731
3 31 482
192 887 937
297 572 764
257 480 998
177 651
13 155 174 229 238 595
26 354
87 143
203 259
30 60 527 583 588
177 666
15 134 542
177 398 666
696 886
65 101 315 805 975
274 786
28 774 885
8 60
666 706 798
32 54 233 265
654 830
19 20 37 46 67 169 209
24 63 492
17 72 93 136 192 226 554
5 164 292 676 898
21 48 373
206 819
83 559 866
8 67
14 18 832
144 276 884
101 283
19 142 167 235 255 332 388 618
36 69 409 489 786
18 966
92 659 996
1 208 502 580
31 35 55 367 418 714
6 49 66 77 138 873
39 592
386 729
11 121 423
1 108 397 465
49 77 155 209 459
228 281 318 345 401
318 515
90 207 258
116 295 362 534 726
574 616
8 857
65 147 266 524 532 796
94 254 426
9 13 146 152 280 433
73 216 908
10 519 557 574
12 24 361 578 894
39 205
3 537 558
74 97 112 935
29 306 408 507
36 222 712
47 82 157 917
43 705
8 477
243 489 712
6 130 490 652 745
20 120 930
9 35
13 41 96 486
40 792
19 113
72 76 343 510 733
460 509 761 814 870 969
11 126 279 379 729
24 35 467 530
100 122 770
49 200 277
280 513
197 899
49 503 804 928
484 613
1 24 313 395 497 555 561 914 967
6 27 103 368
22 37
62 125 220
165 283 834
15 105 563
458 537 805
297 398 447
29 73 247 594
55 194
49 93 186 945
8 16 67 141 338 382
231 493 699 971
19 20 33 128 130 958
4 18 436
387 823
68 520 562
255 980
202 757
350 660 720 732 849
4 26 111 531
23 90 181
363 365
31 258 518
779 828
