212 222 408
14 16 43 109 209 336
113 147 219 433 458
4 227 845
25 40 48 99 109 208 209 436 879
37 86 112 266 377 467 529 658
4 62 189 532
119 590 620
45 172 186 281 866
154 421 495
28 77 106 151 759 863 936
151 405
33 903
23 217 491 684 878
6 136 148 898
202 245 405 866
1 13 30 66 83 145 946
79 111 230 409 517 955
11 250 284 301 763
42 104 211 273 486 849 999
43 286
8 770
299 442
15 292 337 478 812 984
21 160 196 356 369 388 445 850
145 205 339
93 129 220 379 832 897 944
55 137 176 220 304 373 588 840 867
243 484 624
167 233 366 852
40 216 596
44 130 199 339
56 63 105 119 127 710
16 62 276
9 957
6 141 568 579 893
196 369
26 646
47 844
72 952
18 33 232 740 819 905
8 14 597 668
1 83 84 169 882
157 299 577
120 215 258 329
58 82 279 296 648 738
22 233 372
50 80 361
325 603
20 226 257 344 403 527
19 27 493 748
27 126 157 186 197 616 845 938
7 178 691
36 115 959 988
1 83 439 757
24 385 440 813
317 462 985
156 247 285 504
34 52 156 285 437
42 259
181 309
14 573 949 991
20 252
245 316 550
586 780 829 875
109 530
43 73 141 180 545
17 147 150 776 822
270 594
3 26 89 211 896 1000
104 164 206 583 747
847 905
111 134 141 169
6 39 192 253 298
59 61 110
66 304 928
213 585 664
167 170 233 526
172 872
38 80 91 308 546
159 438 718
11 53 106
7 226
51 897
5 94 426 468 758
5 135
24 36 48 65 80 631 890 892
469 993
1 308
4 183 228 800
8 21 72 362 434 597 638
107 230 909
15 38 173 198 547 821
135 325 705
522 958
4 465
115 299 496
287 300
49 103 214 484 656 699
108 231
39 507
346 415
2 177 737 854
27 183 201 556 598
46 160 370 629
71 683
361 535 566 797 942 947
120 155 962
103 792
45 708 755
91 194
76 183 188
8 14 105 109 139 356 573 725
239 848
144 590
47 572 576
72 638
18 78 79 193 261 272 475
32 497
109 118 949
33 141
87 282 906
6 489 631
18 27 651 834
443 447 566 902
7 473
22 130
7 161 207 279 374 659
17 22 67 138 197 540 964
36 48
12 123 826
87 517
414 914
31 260
41 287 739 878
88 139
351 493 965 977
20 74
89 979 990
10 12 48 163 359 744
42 195
265 393
490 613
174 586
37 121 259 528 658
54 64 194 552
75 115 131 186 259
106 439 483 805 863
26 179 358 540 543 552 677 972
55 393
58 101 262 575
20 21 404 434
7 486
10 122 132 353 378 839
211 231 639 832
19 51 611 762
27 74
155 330
82 390 499 582 655
231 558
83 371 462 483
85 90 739
151 326
39 973
85 118
477 534 562 617
2 87 145 169 180 205 545 844 900
16 251 276
8 88
148 300 898
284 692
62 826
43 49 789 793
156 191 520 563 587 614 715 763
23 207 511 641 895
4 142
181 200 205 309 338 498 508 745 768
196 387 513
60 81
37 203 206 255 513
42 50 538 569 753
49 758
54 67
82 89 200 498 741 772 814 979
58 89 101 195 738 745 814
165 353
178 929
10 51
28 284 383 463
18 177 922
8 21 43 59 208 352
59 96
342 349 384 897
109 254 316 503 679 998
452 476
6 609
16 70 92 117 140 736 809 848
698 905
76 236 556 653 751
175 464 571
69 159
319 566
153 574 801
3 49 214 404 420 468 830
337 650
14 21 395 957
26 28 413
507 791
10 83 161 270 722 782 856 954
63 130
16 30 50 117 276 605 663 686
7 13 34 103 161 428 511 524 596
534 988
28 589 706
9 63 274 533 606
406 508
2 328 510
9 56 62 63 183 274 532 633
20 152 490
48 59 119 810
254 488
7 47 279 303
40 50 56 93 108 476 548
602 746
377 616
13 415
12 951
9 727
98 173 194 295 392 774
267 340 359 917
366 935
10 487
253 309 332 344 768
3 103 128 321 428 982
15 195 467 860
70 373 795 861
51 57 93 441 746 787 928
38 363 990
1 184 477 562 572 687
7 980
75 115 117 122 219 425
16 130 182
33 193
2 4 141 169 189
4 12 237 696 877 908
251 291 322 812
453 830
37 42
17 26
313 807
18 71 775
173 482
61 474 612 865 941
131 171
20 277 473
59 101 738 992
51 382 804
38 921
217 298
12 84 168 663 667 680
251 455
273 354 752 942
15 136
255 756
179 650
136 144
40 174 377
166 247 669
381 890
89 604
15 240 399
14 286
192 926 955
48 127 163 280 571 709 712 799 914
98 451
8 72 185 503 998
27 131 150 291 425 504 593 621
92 173
26 67 269
311 979
14 725
282 394 842
102 836
506 699
29 41
9 63
242 348
58 82 332 703 880
179 199 336
536 787
221 761
75 133 216 577
73 324 363 370 384 447 771 821
46 370
328 330 974
525 868 921
37 195 458
77 994
5 19 125 203 204 397 679 931
15 353
322 425 578 919
22 724
157 292 523 707 929
2 6 87 691
142 189
146 521
663 714
60 243 553
81 91
75 178 376
97 119 438
19 484 967
20 34 137 393
89 311 582 938
187 310
3 257 453 581
13 29 34 121 265 393 399 808
7 10 12 70 84 639 908 951
171 272 448
56 407
33 212 246 457 475
27 45 76 77 490 494 559 872
54 232
508 900
106 236
116 159 460 670
39 122 429 507
178 248
46 80 567
18 676
1 171
55 156 285 588
81 140
34 52
24 36 61 110 244
78 297 418
11 51 57 97 221 346
244 474
146 252
68 163 351 383 681 811 818 950
8 43 770 773
31 36 59 61 799 960
65 96
58 89
80 876
37 42 354
86 541
36 69 395
45 479 654 920
219 341 927
210 220 605
2 111 409 641 698
410 683
59 381 678
95 151 236 250 883 995
428 534 859
33 118 701
77 751
121 448
113 248 322 930
8 73 213 352 362 713 769 853 960
697 991
147 619
2 61 141 193 249 644
28 77 212 735
26 279 514 574
43 434
341 595 674
207 279 524 565 803 841
55 295 509
156 218 455 595 669 923
98 324 363 456 771
46 69 198 313
55 411
31 78 84 246 704 856
151 198
60 752
284 599
9 29 105 108 283 551 561 762 993
53 478 525 542 621 739 862
58 575
149 966
81 98 107 159 389 806 881
20 188 207 511 514 606
587 637
36 343
423 424 690
38 50 92 107 215 293 542 567 947
20 252 403 575 651
421 894
52 247 295 306
29 107 234 784
21 73 88 275 317 816
124 149
13 635
43 209 549
32 114 452
242 301 326 367 444 672
14 21 160 263 952
108 349 379 560
20 185
648 938
6 192 609
145 531 673 754
11 28 77 191
48 61 163
96 140 865 890
27 74 187 231 364 380
7 28 153 226 716 834
1 985
6 281
52 924
1 18 24 69 87 100 249 584 975
140 239
408 569
23 72 73 188 228 258 286 608
278 495
115 117
157 218
78 223 491 825
1 11 348
9 10 32 440 675
122 189
36 92 99 107 433 807 868 936
5 19 214 885
71 269 540
10 168
91 234 599 921
10 12 84 174
13 34
10 84 675
34 130 662
94 235 264 294 351 950
134 166 419 472 861
45 126 535 659
817 853
31 33 69 100 261 413
8 9 36 56 115 120 335
86 193 230 409
218 619
3 32 114 271 969
16 147
5 982
207 708
17 223 580
108 365
1 83 247 267 268 864
3 128 522 758
58 82 582 990
24 48 65 244 612 975
3 889
25 122 345 496 934
464 489
15 62 532
459 972
8 21 72 358 434 454 971
255 375
2 5 7 18 460 541 557 670
12 908
41 94 294 926
63 120
29 724
6 176 214
65 97 471
38 234 313 389 526
57 327
73 254 688
11 162 250 302 326 667 697 883
2 13 16 201 399 524 721
6 39 791
24 280 449
101 200
44 179 779
5 430
1 801 859
76 87 222 364 475 490 606
151 319 520 786
4 31 62 86 142 230 315
59 96 414 960
16 577
17 76 146 427 493 910
57 184 706
18 31 164 592
54 67 104 149
134 568
15 53 283 772
443 774
173 361
135 362 615 884
40 551
74 241 618 755
19 125 420
147 351 824
257 624
144 720 825
107 743
125 135 296 719 945
18 31 78
67 360
15 750
79 661 838
331 505
289 430
7 172 618
46 363 391 461 807 925
7 20 60 391 780 895 981
81 479 829
129 373
49 125
171 918
3 113 115 148 184 372 712
50 220
208 209 286 388 417
348 367
74 335 801
471 865
8 629
217 329
265 588
167 506
9 56 537 689
22 226 961
8 14 139 175 190 196 260 288 488
23 759
6 176 398
317 790
92 198
309 604
9 259 273 350 513 519
10 31 544
36 97
74 115 219 504 927
2 365 544 796
10 84
19 304 735 885
34 52 55 346 393
15 90 129 271 980
249 419
81 215 989
174 452 479 551
15 29 53 165 219 292 561 800
137 355 565
18 258 283 953
314 688
3 27 49 125 128 331 333 420 945
180 436
88 356
9 330
23 98 141 417
13 137
20 137 156 694
11 25 77 113 132 150 450 520
218 251 496
1 37 757
268 371
74 635
8 166 549 796
52 75 171
47 488
52 112 137 682
5 446 1000
41 53 307 515
55 188 768
43 147 221 470 995
38 323 392 732
263 607 731
153 187 401
245 587
11 166 227
310 535
396 640 788
102 240
331 826
41 126 895
31 116 737
199 232 677
61 318
266 851
357 697
1 142
30 99 324 456 482 771 925
14 185 288
7 27 45 83 249 527 565
851 860
253 273 498
58 181 253 326 338 499
17 26 35 44 61 199 339 516 935
70 815
9 63 962
276 578
4 189 207 473 556
70 90 379 795 861
10 16 25 781
119 421 495
42 354 474 931
34 55
502 889
294 319 516 540 956
34 52 56 120 228 328 329
8 14 263 362 664 827
6 39 90 129 398 417 560 728 844
4 227 643
31 169
81 324 352 389 391
29 41 53 258 300 518 701 899
33 169 661 817
28 383
4 17 57 129 384
21 43 46 208 425 625 827
186 996
4 204 438
25 75 132 147 186 283
82 181
59 65 119
250 672
145 203 297 723
3 17 61 126 293 364 381 451 471
27 33 45 260 410 833 888
4 16
194 361 461 743 767 831 914 986
323 526 567
143 238
190 378 878
41 90 287 728 777 800
103 224
386 653
160 576
275 435 597
58 82 575
16 38 388 442 456 711
521 857
29 216 535 671 835 920
53 144
297 634 988
27 114 153 241 252 256 303
31 36 327 414 579 824
38 60 901
32 50 93
104 360
2 760
140 537 788
23 29 686
78 79 579 880
16 17 67 104 124 138 487 961
80 140 325 989
145 406
26 124 130 149 339 552
4 69 645 847
229 515
106 199 242 692 869
6 281 974
9 113 258 512 515 542 684
54 62 76 207 344 401 841 943 977
5 49 128 293 333 453 967
157 291 729 879
56 98 313
10 12 79 856 882
15 525 580 622 685 825
266 424 583
96 477 505 634 859
39 396 609 671 875
104 182 270 855 970
60 81 92 107 178 198 272 485 626
143 238 625
223 555
45 187
11 191 236 386 483 520 550
64 94 117 779
44 966
26 44 67 131 210 501 987
129 312 831
17 182 334 472 942 964
28 77 116 245 450 527 778
41 85 148 240 720
23 25 73 118 307 555 676
28 106 191 250 277 284 695
196 789
22 58 68 94 907
2 5 11 106 191
24 35 48 56 127 258 772
227 532 724
71 480 911 937
534 572
30 81 666
3 320 999
40 101 312 795 831
209 252 521 977
13 52 124 766 808 923
220 492 495 605
131 959
37 112 273 387
68 997
33 69
85 114 231 271 475 665 692
2 61 79 88 193 429 505 992
2 757
5 296 445
5 322 408 419 581 760
18 42 297 529 564 627
1 12 17 20
195 623
78 429 562 853
78 569
1 432 550
73 539 788 894
45 62 101 183 227 338 836 845
35 975
10 84 680
318 359
380 707
9 902
1 34 308 432
729 930
93 123 753
3 23 162 561
21 43 152 175 850 932
18 138 422
4 266 860
372 919
611 619 934
3 54 646
68 278 991
15 223 283 580
71 419 592 798
289 445
287 969
33 57 134 315 933
66 158 270 317 687
46 132 218 376
10 39 135
31 100 159 785
25 171 184 996
6 41 143 144 176 244
43 145 508
153 187 374 602 693
28 887
314 436
40 108 123 220 382 536 829 840
423 821 986
15 23 436 478
333 522 610
11 95 554
4 600 633
47 57 75 236 733
8 222 517
22 76 154 335 539
1 23 165 287 760 835
11 751 761
79 412
543 677
16 117 132 178 184
22 269 783
152 352 549 573 706 748 827
51 342 874
58 648
141 412 822
14 71 205 531 802
394 649
138 182 291 292 336 796 855
693 784
10 21
71 79 485 775
27 74 161
47 362
44 337
3 224 296 324 404
68 94 122 357 458 711 956
30 46 99 526 626 868
97 276 523
572 634
11 18 25 111 146 413 785
2 69 100 136 315 833 906
125 135 484
387 591 644 806
50 131 481 618
44 54 157 186 518 919 968
4 62 229 701
714 874
24 48 110 340
43 81 316 369 431
13 112 375 747 782
20 172 971
11 68 245 277 463 936
113 132 171 251 496 600 711
39 740
5 428
8 14 73 213 503 888
92 107
378 715
51 93 570
146 153 241 635
91 443
19 180 573
5 679
13 864 867
51 108
416 554 656 786
20 187 252 364 494
17 98 269 316 358 749
53 85 228 376 395 455 528 533
32 42 204 280
31 196 288 545 765 797
7 45 66 267 305 823
72 286 615 718 932
51 70 271 274
86 412 798
4 457 465
202 411
42 467 644 660 849
3 125 128 260 261
64 961
6 39 114
406 673
28 77 367
14 72 144 152
459 502
13 18 170 312 815
164 204
35 65 96 97 773 857
253 385
24 110 688 802 917
16 25 75 117 133 322 442 470 501
227 500
86 785
523 929
117 523
397 426 611
238 256
32 652 981
42 93 127 264 280
353 537
30 91 215
162 225 321
59 744
2 754
87 798
7 29 79 161 222 261 891 909
66 439
5 40 103 128 149 225
28 672
190 518 836 953 978
303 524
30 98 194 213 550 993
145 754
116 775
147 149 184 248 299 481 501
59 127 180 244 327 340 347
25 157
45 74 449 489 678
493 965
76 153 620 712
142 161 305 355
2 170
14 175 916
553 783
29 64 136 228 568
13 55 694
47 88 545
40 665
208 916
447 547
254 276 328
105 120
302 381 631 910
68 516 984 997
10 12 939
38 140 370 389 443 659 689 876 925
87 112 164
100 480
277 301 390
93 114 368 818
466 476
20 74 188
60 109 134 140 657
19 405
38 46
23 307
174 466 714 781 787
217 478
66 83
3 10 12 24 139 191 449
188 652
210 343 874
11 28 77 167 170 444 503 653
460 704
229 812
250 267 282
105 126 153 403 602 607
137 346 399
752 784
51 854
86 111 159 976
16 334 551 593
7 44 64 146 256
117 150 341 465
39 345
46 76 553 657 881
242 761 887
105 407 432
1 5 37 282
334 481
84 667
61 72 110 744 789 871
5 321 445
3 99 736
221 970
63 120 219 227 385 730 930
16 218 345 376
45 518 755
35 48
715 959
5 135 214 321
40 69 774 818
8 43
46 60 80 567
44 67 124 269 603
4 102 837 899
143 192
27 76 226
13 55 137 862 870 871 923
94 262 681 814
41 90 221 805 887
167 366
316 435
124 360 509
100 976
35 36 61
12 168 951
143 176 369 740
94 235 926
39 182 327 402 828
76 172
13 519 660
50 343
105 813
764 862
418 422 485
66 371
412 765
4 262 882
8 65 127
1 237 267 394 790
27 74 76 256 511 613 630 654
25 441
34 41 121 561 623 980
10 576
25 184 218 248 691
158 317 460
1 843
55 114 174 202 220 379 586 647
22 742 940
202 285 306
36 61 119 163 264 323 811
251 378 918
149 650
70 93
25 37 113 133 368 564 690 813
114 129 349 665 928 976
255 519 996
68 357 939
11 17 22 26 205 588 673 734 965
7 344
202 265 721 766
57 343
570 815
246 365
9 381 431 489 533 718 871
11 242 386 614
139 180 356 816
180 181 769 802 888
69 514
148 837
5 97 135 224 449 571
160 594 668
363 370 566 940
485 873
7 54 136 148 165 857 886
33 46 95 234 368 599 657
16 122 643
17 22 26
12 75 131 132 186 291
410 906
402 502
98 107
244 264
85 148 158 221 307 684 750 886
94 235 664
4 62 72 144 183 552
15 217 287
311 582 745
41 347
37 272 660 1000
44 91 360
123 349 986
70 99 361 392 560
185 196
1 66 78 83 590 790
19 125 162 275 296 333
28 95 869
86 159 212 544
18 116 134 289 472
37 49 112 189 211
34 52 202 247 462
87 249 765
22 170 479 901
9 25 94 96 105 280 907 915
32 128 174 216 382 430 731 948
310 333 426 610
120 330 440
280 464 471
32 40 50 70 93 216 382 384
27 401 598
383 386
19 106 225 404 723 830 896 945
14 47 90 152 160 166 356
51 639
133 674
408 584 627
233 366 983
69 100 510
70 210 228 343 492 779
37 377
83 371
5 162 893
156 558 808
12 168 839
9 84 154 353 421 730
6 176
7 946
35 910
1 138 158
29 118 373 512 555 685 726 835 899
17 26 64 124 459 964
243 783
28 31 95 106 151 242 319 367 869
60 91
14 68 71 166 263
116 655
31 71 212
22 55 149 306 398
391 469 626 666 736
3 5 18 19 33 95 225 529
21 85 118 217 283
56 63
2 110 249 480 557
49 52 97 254 257
30 92
30 118 190 451 698
80 243 666
24 49
6 64 398
57 70 944
45 541 817
54 182 968 987
88 549
39 181 281 311 499 880 973
13 166
71 230
30 368 451
29 53 240 347
4 143
19 719
47 275 725
54 179 304 546
139 668
167 170 366 506 699 852
13 867
85 144
73 820
126 161
832 840
102 144
6 143 359
34 864
89 108 123 271 560 632 741
12 48 168 382 892
8 713
108 129 452
54 337
80 99 542 791
557 877
8 11 33 200 261 510 581 584 903
15 53 491 969
46 141 173 313 396 482 848
152 628
25 115 133 184 934
331 477 687
19 224
10 168 592 680 794
199 232
275 717 995
47 355 395 971
37 42 203 423 467 616
240 329 463
8 139 904
34 55 295 411 491 819
13 640
69 86 111 134 159 222 891 909
78 260 365 392 429 877
32 40 57 123 804
8 213 351 585
26 418
2 72 418 454 517 608 642
37 112
69 241
278 537
46 67 71 290 409 601 661
48 160 185 208 314 352
378 621
19 103
52 647
9 35 56 64 110
95 450 637 866
64 104 138 339 764
151 266 326
154 158 268 335
42 121 164 206 658 851
139 850
14 109 583
35 892
19 68 206 214 289 610 958
15 580
223 898
48 380
45 559
6 265 617
88 577 904
74 126 364 598
30 98 239
274 385 962
358 388 530 703
315 911
102 118 136 307 886
294 939
32 51 749
3 20 146 468 726 746
750 943
155 820
308 823
12 99 368
247 298 306 411 904
86 100 246 569 581
58 101 181 200 253 262
17 232
21 43 160 286
11 405 587
45 256
1 21 263 615
84 168
13 40 52 306
62 105
126 188
18 192 238 819
282 371
9 155
357 516
23 37 42 96 164 204 387 400 448
10 12 38 60 767 778 797
15 53 85 102
424 747 966
14 41 42 53 103 345 564
37 154 423 931
12 954
36 177
16 25 109 131 171 299 531 700 918
60 91 243 325 547 809
735 994
38 81 234
685 749
16 113 178 501 742 968
11 277 348 463 554
177 557
4 500 633
81 293
21 180
505 992
109 607
12 84 197 355 401
61 145 406 734
45 146 153 201 226 716 981
134 290
72 314
248 700
4 6 62 142
386 970
23 622
121 308 439 722 900
108 114 172 492
297 911
40 50
44 199 546
43 94
167 233
95 106 236 301 444 563 786 805 994
2 65 128 453 468 522 842
126 201 215 494 559 630 705 858
17 54 130 179 402 502 912
17 54 138 336
17 64
476 762
601 708 803
194 239
195 446 591
3 125
59 65 96 163 474
6 176 192 281
22 70 216 548
3 162 214 321 982
63 533
201 305 858
342 733
435 952
350 446
112 121 206 255 387 583 589 873
10 12
481 504 578 729
3 7 245 374 403 608 654 689 896
51 647
26 68 901
35 142
28 288
132 219 248
213 974
58 89 181 200
332 983
4 23 29 239 719
30 60 293 416 876
57 497
210 780 875
190 622
42 589
48 101 127
32 530 591 717 733 884 978
82 89 262
203 206 375 400 756 776 999
16 600 717
140 693
177 396 704 828
175 209 328 454
331 562
110 327
17 915
151 338 499
1 66 225 301 394
52 55 188 303
114 271 536 558 849
91 239 553
142 183
22 34 124 285 855
35 36
32 312
170 372 604 935 983
20 172 197 716
259 350 486 528
416 637
275 957
2 18 173
190 347 512
3 5
88 185 254
2 18 87 116 281 538
9 120 547 710
31 47 100 152 431 683 703 833
457 794
14 25 39 133 150 345 617
2 100 168 169 365 442 629 696
62 342 455 465 500
111 702
102 106 777
82 101 205
23 837
67 223
49 224
78 86 315
121 164
31 100 413 676
14 139
20 27 49 417
3 19 320
288 431
44 54 92 149 158
628 732 920
5 36 224
36 102 264
320 792
559 574
122 433 578
15 23 223 695
130 433 543 742
18 111 152 727
195 204
166 235
24 59 380
135 289
68 235 341 907
33 116
259 272 375 591
1 92 267
123 290 536 799 846
137 177
350 400
49 103 288 320
49 65 97 163 225 420
29 190
82 544 592
222 457 601 662
325 778
165 686
198 743
26 427 546
65 620 917
3 19
30 215
312 342 437 570 636
415 721
80 92 940 989
35 48 110 669 678
152 358 454
24 36 127 707
59 65 302 318
7 146 279 806
6 39 127 332 338 390 828
128 232 427
155 274 440 870
30 91 165
125 229 300 953
85 118 555
83 132 201
123 210
35 79 87 269 655 702 847 903 933
210 586 948
416 444
163 590
2 260 641
224 529 538
24 189
113 117
11 17 22 67 138 336 470 972
102 136 298
40 50 492
101 924
198 947
197 473 521
6 9 63 155 303 407 675 809 912
15 23 41 85 90 136
16 131 458
91 98 461
31 263 350 510 579
35 119
238 374
112 266 272 354 400 424 446 528 776
26 64 67 122 182 447
35 97 119 205 571
24 35 120 380 464
3 79 397
1 154
96 110
12 150
88 213
126 841
154 539 782
373 893 978
44 54
64 427
30 515 881
19 705
8 14
627 632
66 165 268 432 462 722 842
71 838 973
25 76 147 595 927
51 437 497 548 636
22 26 77 104 284
5 885
172 192
57 175 185 558 570 638 854 958
78 354
64 104 360
68 94
124 402
8 879
72 179 612 884 941
30 38 99 323 456
111 632
53 90
204 564
46 133 211 273 323 913
6 39 143 176
39 143
92 237 282 376
32 50 57 384 497 781
27 187 344 872 946
57 130 441 793 915
756 873
1 158
65 97 340 811
206 589 623
21 73 217 488 770 793
104 987
636 753
314 576 585 816
30 38 173 767
105 183
66 70 107 243 469 500 603
127 155 274
40 101
42 203
2 116 305 472 538 645 937
6 32 53 123 148 216 732 846
82 157 311 390
241 310 494 556 748
46 482
104 155 646
60 107 194 215 507 519
43 73 109 388 530 727 769 949
294 357
5 24 119 302
161 197
3 38 102 128 257 309 652 741 985
21 28 47 435 594
21 47 585 773
121 375
112 255
1 73 237 843
13 29 202 295 441 509 682 731 777
203 377
41 525
2 6 78 187 238 625
134 225 397 430
131 643
2 270 290 568 838 955
32 50 58 129 671 810
30 60 389 709 846
47 209
681 997
5 369
11 44 383 470
17 35 984
56 710
156 662
74 201 527
86 422 922
77 319 563
193 230
9 23 912
2 111 222 290 422 584 723
75 268 334 913
150 674
75 122 630
15 118
1 649 823
23 85 90 148 208 241 726 933 944
7 13 766
200 262
221 367 483 554
95 563
11 95 932
89 390 924
21 916 941
332 498
50 111 113 121 164 486 690
7 16 197 913
88 822
175 185 998
150 341
170 233 852
2 99 177 246 702
9 82 105 234
49 158 268
35 96
44 138
20 310
9 88 730
80 392
103 257 889 967
277 348 506 614 883 937
22 179 337 543
87 167 372
640 645
211 448 513
22 124
38 298 943
18 71
4 189
512 794 963
63 628
21 656 713
29 41 191 300 450 695
24 264 824
4 891
9 56 75 820 870 902
10 12 700 963
13 34 265 415 694
11 763 863
165 720
112 211
10 12 487 954
25 75
79 426 541
531 734
487 963
89 108 123 130 759 948
278 335
22 67 193 764
15 90 102 190 229 292 347
237 649
318 340
278 894
33 169 177 212 480
77 95
3 19 93 624
33 212 728 839 922
1 3 63 103 162
34 346
261 438 642
2 670
7 20 574 596 858
66 237 270 285 349 359 437 469 843
226 461 651 803
15 90
32 129 231 304 548 810
5 162 792
6 329
174 379 466 804
116 642 696
24 110 709
80 99 150 391 509
24 29 53
19 330 407
26 32 93 459
154 278 539
229 235 956
41 115 240
6 466
4 14 44 62 142
33 52 246 410 737
66 83 133
305 514
302 318
374 834
13 47 175
4 320
133 593
7 613 682
40 47 56 63 385
5 49
23 113 178 182
414 950
186 334
256 355 565
