6
5
6
6
5
7
6
12
6
5
5
5
5
6
5
5
5
5
6
5
5
5
6
5
14
5
5
6
5
5
6
6
5
6
5
5
6
5
6
5
6
6
6
5
6
5
6
5
7
15
6
5
6
5
6
6
5
5
5
5
7
5
5
12
9
5
6
11
6
5
5
5
6
5
7
5
5
6
5
5
13
5
5
5
5
6
5
13
6
6
5
5
7
6
6
5
5
5
5
5
5
5
5
5
7
6
7
5
6
5
6
6
5
5
5
6
5
5
5
5
6
6
6
6
6
6
9
5
6
5
5
6
5
5
6
6
5
6
5
5
6
7
5
5
5
5
6
5
5
5
6
5
5
5
6
8
6
6
6
5
5
5
5
6
5
6
5
5
6
5
5
6
6
6
5
5
7
6
9
6
5
5
6
6
5
5
5
5
6
5
5
6
5
5
5
5
6
5
6
6
5
5
6
5
6
5
5
5
7
6
6
5
5
5
5
5
5
5
5
5
7
6
5
5
5
5
6
6
5
6
5
5
6
5
5
6
5
5
6
6
5
6
5
6
6
5
5
5
5
5
