24
10
51
3
4
3
3
3
3
3
6
6
3
3
6
3
3
4
3
3
3
3
3
3
5
3
4
3
23
3
3
3
3
3
22
19
3
4
13
3
15
3
3
6
5
3
3
10
16
3
14
3
5
4
3
4
7
3
3
5
3
12
3
3
10
3
3
7
3
3
5
3
5
3
3
3
3
9
3
3
5
7
4
3
3
3
4
3
3
7
3
3
3
3
3
3
3
3
3
11
3
3
4
3
3
3
3
3
3
4
3
3
3
3
3
3
6
4
3
3
3
3
3
3
3
3
3
8
3
3
3
5
3
3
3
3
3
3
3
3
3
3
3
3
3
3
3
3
3
3
3
3
3
3
3
3
11
3
3
3
4
3
3
3
3
3
3
3
3
3
4
3
8
3
3
3
6
3
3
3
3
3
3
3
3
3
3
3
3
3
3
3
3
3
3
3
3
3
3
3
3
3
3
3
3
3
3
3
3
3
4
3
3
3
3
3
3
3
3
3
3
3
4
3
3
3
3
3
3
3
3
3
3
3
3
3
3
3
3
3
3
3
3
3
3
3
3
3
3
3
3
3
3
3
3
3
3
3
3
3
3
3
3
3
3
