23
7
6
8
5
6
7
5
6
5
5
10
7
15
21
27
6
5
10
5
6
6
5
5
5
21
7
29
7
14
5
5
7
5
5
5
7
14
6
6
9
6
9
6
7
5
5
7
6
7
14
7
6
5
11
12
5
38
5
5
5
6
6
6
5
5
6
5
6
6
5
6
5
5
7
6
7
11
8
7
5
5
7
5
5
5
6
5
5
8
5
6
6
6
6
7
5
6
7
8
6
8
6
6
6
5
13
7
5
7
6
6
5
7
15
5
5
6
5
5
6
7
5
6
5
7
5
7
5
6
5
5
5
5
5
5
5
8
12
6
6
5
5
6
6
5
6
18
5
6
5
6
6
6
7
6
5
5
6
6
6
6
6
7
5
5
5
6
5
5
5
5
5
6
5
8
7
6
6
5
6
6
6
5
5
5
5
5
7
7
5
6
5
6
6
5
7
5
6
5
5
5
7
10
5
5
5
5
5
7
5
7
5
5
6
5
6
5
5
5
7
6
6
5
6
5
7
5
7
6
5
8
6
5
5
5
5
5
7
6
7
5
5
6
5
5
5
7
5
6
7
6
5
5
7
7
6
5
5
5
5
5
5
5
5
6
5
5
5
5
