3
3
4
4
3
3
3
3
27
4
6
3
4
3
3
14
33
3
3
3
3
15
10
9
3
4
9
20
3
3
9
3
5
14
3
3
6
3
5
4
5
16
3
3
9
5
3
4
3
16
5
3
3
3
15
3
3
3
3
4
4
6
3
3
3
3
15
3
3
8
3
3
3
3
3
4
13
3
8
3
4
6
3
3
3
3
3
3
3
3
3
6
3
7
4
3
3
3
3
3
3
3
3
3
3
3
3
3
3
3
3
3
3
3
3
3
7
3
3
4
6
3
3
3
6
3
3
3
3
3
3
3
3
3
4
3
3
3
3
3
3
3
3
7
3
3
3
3
3
3
3
3
3
3
3
3
3
3
3
3
3
3
3
3
3
4
3
4
3
3
3
5
3
4
3
3
4
3
3
3
4
3
3
3
3
3
3
3
3
3
3
3
3
3
3
3
3
3
3
3
3
3
3
3
5
3
3
3
3
3
3
3
3
3
3
3
3
3
3
3
3
3
3
3
3
3
3
3
3
3
3
3
3
3
3
4
3
3
3
3
3
3
3
3
3
4
3
3
3
3
3
3
3
3
3
3
3
3
3
3
3
3
3
3
3
3
3
3
