5
6
5
5
51
5
47
6
7
5
6
5
6
6
6
5
31
5
5
6
5
5
9
5
6
5
7
7
5
5
5
7
38
5
5
5
5
5
6
7
7
5
9
23
7
7
6
7
6
6
5
9
6
5
6
9
37
7
5
5
11
7
6
7
5
5
6
8
10
6
5
5
6
5
12
23
7
5
6
5
7
8
8
5
5
5
6
7
5
5
38
16
7
6
8
5
6
6
6
5
7
7
7
5
5
8
7
38
5
7
6
8
6
6
6
5
5
5
8
45
14
5
5
6
6
5
5
11
33
5
6
7
9
5
5
5
5
5
5
5
5
5
6
6
6
7
6
6
5
5
6
5
7
7
6
5
6
6
10
5
8
5
5
7
5
6
6
5
5
5
6
6
6
5
5
7
5
6
7
7
5
6
5
7
7
5
5
5
6
6
6
6
7
6
32
7
5
5
7
5
5
7
6
5
6
6
8
6
7
5
5
5
5
6
5
5
8
5
5
5
5
5
6
5
5
5
5
6
5
5
6
6
8
6
5
7
5
7
5
5
5
5
6
7
5
5
5
7
5
5
6
6
5
6
6
6
6
5
5
5
5
5
5
6
5
6
5
5
5
5
7
5
5
7
5
5
5
