5
5
12
5
6
7
6
7
5
7
5
7
5
6
16
7
5
11
6
6
7
8
5
5
7
6
5
5
5
7
5
6
5
8
5
6
5
6
6
6
6
5
5
6
5
6
7
25
5
6
9
6
5
16
6
6
5
7
6
6
12
7
5
6
6
6
9
12
7
5
19
6
7
6
13
5
5
6
5
7
31
6
8
7
5
5
7
5
6
5
5
7
5
6
8
5
5
5
6
5
5
6
7
7
6
10
8
6
5
5
5
5
5
7
6
6
5
7
6
7
8
24
5
15
5
7
5
5
5
6
9
20
5
5
5
5
6
5
6
8
5
7
9
6
6
6
5
5
6
7
5
7
5
6
5
5
6
5
6
6
5
7
7
10
5
5
5
5
7
6
5
5
6
18
5
5
5
5
19
5
5
6
6
7
5
8
5
5
7
5
5
5
5
5
5
5
7
5
6
6
5
5
6
5
5
5
7
7
6
8
5
8
7
5
5
6
5
5
5
5
5
5
7
6
6
5
7
5
5
5
5
5
5
6
6
5
7
5
5
5
6
5
5
5
6
6
5
7
5
7
5
5
6
5
5
6
6
5
5
6
5
5
5
7
7
6
6
6
5
5
6
6
5
5
5
5
5
6
6
5
