7
18
11
8
6
6
7
6
6
5
12
6
6
7
5
5
6
6
7
5
6
5
5
5
6
7
5
5
5
5
5
5
5
5
6
7
7
7
7
6
5
6
7
5
10
5
5
20
5
5
7
12
10
5
6
6
16
6
5
6
6
21
10
17
6
6
8
5
6
7
6
8
5
5
7
6
21
7
9
5
7
22
5
5
5
6
7
5
25
5
5
5
7
5
5
7
6
5
5
5
7
5
7
6
7
7
6
7
6
5
5
5
7
5
5
7
5
24
5
8
5
5
5
5
5
7
6
7
5
7
7
6
5
7
5
6
5
7
5
6
6
5
5
5
7
5
5
8
5
5
5
5
7
7
15
5
6
7
5
5
6
7
7
5
5
6
5
7
5
5
6
6
5
6
6
8
5
7
5
5
5
6
5
6
6
5
5
7
7
5
6
6
14
7
6
5
6
5
6
5
5
5
7
6
5
5
5
6
6
10
6
5
5
6
6
5
5
5
7
6
7
5
5
7
5
5
5
6
5
6
6
6
6
5
7
5
6
6
6
5
6
5
6
7
5
6
5
6
5
5
5
5
5
5
5
5
6
5
5
5
6
5
6
6
5
6
6
7
5
5
7
6
5
6
6
5
5
5
5
5
5
6
5
5
6
6
5
