7
47
39
8
6
6
8
7
6
6
5
12
18
6
7
5
5
45
6
6
5
6
5
5
5
6
7
5
5
5
5
5
5
5
5
6
7
7
8
7
6
5
10
9
5
6
6
5
6
6
21
34
12
10
6
5
6
7
6
5
5
7
6
38
7
9
5
10
6
7
5
5
5
5
15
6
7
5
5
7
6
8
8
7
5
11
14
6
5
7
5
7
5
5
7
5
7
6
7
7
8
7
6
7
8
5
5
7
7
5
5
7
5
25
5
8
5
5
5
5
5
7
6
6
5
7
5
6
5
6
5
5
5
7
7
9
5
5
5
8
5
10
7
5
6
20
5
5
7
7
5
5
6
5
6
5
6
16
5
5
5
5
22
6
5
5
13
5
6
8
5
6
6
5
5
7
5
7
6
14
5
6
6
5
6
5
6
7
5
6
5
10
6
6
5
5
6
5
6
10
7
8
7
6
5
5
5
5
5
5
6
6
6
5
5
8
6
6
8
10
5
6
5
5
5
5
6
5
5
5
6
6
5
8
5
5
5
5
5
5
6
5
5
6
5
5
6
5
6
6
6
6
6
5
7
5
7
6
7
5
6
6
5
9
5
7
5
5
5
7
5
5
5
6
5
5
5
6
7
5
5
5
6
5
5
