7
23
6
5
7
5
6
6
5
5
6
6
7
5
5
6
6
5
7
7
6
5
7
6
7
6
5
9
6
11
6
6
5
9
5
6
23
6
8
33
6
6
7
6
5
8
7
5
6
5
5
7
5
6
6
6
6
7
5
11
9
5
7
7
7
10
8
7
5
5
5
6
5
14
6
7
6
6
5
6
5
23
5
5
7
6
5
6
5
7
7
6
5
6
5
6
5
5
5
6
7
5
6
5
6
7
5
5
7
5
6
5
5
5
6
14
5
6
6
20
5
5
5
7
5
8
6
7
7
6
7
6
6
5
5
6
5
5
6
5
5
6
5
5
6
6
6
6
6
5
7
6
5
6
5
5
5
7
7
6
5
5
7
7
5
5
6
6
5
6
5
5
5
5
7
6
13
5
5
7
5
6
5
7
5
5
5
6
5
5
5
5
5
12
7
6
5
7
5
5
7
5
5
6
6
7
7
5
5
5
6
5
5
6
7
6
5
5
6
5
9
7
5
5
5
5
6
6
9
5
5
6
8
5
5
5
7
6
7
5
5
5
7
5
5
5
5
5
5
7
6
5
5
5
6
5
6
5
6
5
6
6
5
6
5
7
5
5
6
5
5
7
5
6
6
7
6
6
5
6
5
5
5
