25
3
3
3
3
13
3
14
17
3
3
3
6
18
3
25
9
3
4
4
3
3
3
32
3
3
9
3
3
3
3
6
3
3
3
4
4
3
3
7
3
3
3
3
3
3
3
3
3
17
4
6
9
3
3
6
3
3
3
3
3
3
3
3
6
3
3
4
6
3
4
3
3
23
3
3
3
4
3
4
6
3
3
4
3
3
3
3
4
3
7
11
4
3
3
3
3
6
3
3
5
3
5
3
3
8
13
3
3
4
3
3
3
3
3
3
3
3
3
5
4
3
3
3
3
3
3
3
3
3
3
3
3
3
3
3
3
3
3
3
3
3
3
3
3
3
4
5
3
3
3
3
3
4
3
3
3
3
3
3
3
5
4
3
3
3
3
3
3
7
3
3
3
4
3
3
3
4
3
3
4
3
3
3
3
3
3
3
3
4
3
3
3
3
3
3
3
3
3
3
3
3
3
3
3
3
3
3
3
3
3
3
3
3
3
3
4
3
3
3
3
3
3
3
3
3
3
3
3
3
3
3
3
3
3
3
3
3
3
3
3
3
3
3
3
3
3
3
3
3
3
3
3
3
3
3
3
3
3
3
3
3
3
