5
4
22
5
4
5
4
4
4
4
4
6
4
16
7
9
4
4
4
16
4
5
6
4
16
8
10
18
4
5
9
4
5
4
5
4
5
10
4
4
22
4
6
4
4
14
5
6
4
4
15
5
4
4
4
5
4
33
4
4
4
42
21
5
4
4
4
7
29
4
5
5
4
7
5
4
4
4
4
4
5
4
4
11
7
6
5
4
4
4
4
4
9
6
4
6
4
4
4
6
5
5
4
5
4
4
6
4
5
5
4
4
8
5
13
4
5
5
4
5
4
4
4
4
4
6
13
4
4
4
4
4
5
4
4
5
4
4
6
4
5
4
14
5
5
4
4
4
5
5
6
5
4
10
5
5
4
5
4
5
4
9
7
4
5
5
4
9
5
5
5
4
5
4
5
4
4
6
4
5
4
4
5
4
4
4
4
4
5
5
4
4
4
5
5
4
5
12
5
5
7
4
4
4
4
4
7
4
4
4
6
5
4
4
4
5
5
4
5
5
5
4
4
8
5
4
4
4
4
4
5
4
4
4
5
4
4
5
4
4
4
5
4
6
4
4
5
5
4
4
4
4
4
5
4
5
4
5
4
5
4
4
4
4
5
4
4
4
4
4
4
4
4
5
4
5
5
5
4
4
4
4
5
4
4
4
4
4
