5
4
6
13
67
128
89
5
6
16
5
10
6
4
6
6
6
4
100
5
8
4
4
4
4
5
19
5
4
4
4
4
6
4
4
6
18
5
4
5
4
4
32
60
6
5
4
5
5
6
9
5
4
30
6
46
4
4
4
5
5
4
4
4
4
4
4
5
6
4
4
6
5
5
4
5
4
6
4
6
5
4
6
4
5
4
5
27
4
5
4
4
4
5
4
4
4
4
6
6
4
11
4
5
6
6
6
7
4
4
4
4
4
7
5
5
6
15
5
12
5
4
7
5
4
4
5
6
4
30
5
6
4
4
5
8
4
4
4
4
5
4
4
4
4
4
6
4
4
6
6
4
6
4
4
4
5
4
5
4
5
4
4
5
4
4
4
5
4
4
4
8
5
4
5
5
5
10
4
4
5
4
5
4
5
4
5
6
4
4
7
4
4
6
4
4
4
4
4
4
5
4
4
4
5
4
5
4
4
4
5
7
4
4
4
5
4
4
5
4
4
5
4
6
6
5
4
6
4
5
4
4
8
5
5
4
4
4
5
4
4
4
4
6
5
4
4
5
5
5
4
4
5
4
4
4
5
4
4
