7
31
5
8
52
7
5
6
6
5
5
6
6
5
5
6
7
6
5
6
7
8
43
6
6
5
6
7
5
46
54
6
5
6
9
9
9
5
6
14
36
6
8
8
6
7
6
6
5
8
7
5
6
5
5
6
5
28
6
7
6
9
5
7
7
7
10
7
5
54
5
5
6
10
6
5
8
5
33
8
7
5
20
7
17
7
8
6
11
5
5
6
5
5
5
6
7
5
6
5
6
7
14
5
5
6
14
5
6
14
9
6
5
5
7
5
8
6
7
6
6
6
5
5
12
6
8
5
5
5
5
6
5
5
6
6
5
7
6
6
6
5
5
5
7
7
6
5
5
7
7
5
5
6
5
6
5
5
5
5
5
8
10
6
15
5
7
5
6
5
7
5
5
6
5
5
15
5
5
5
5
5
16
5
7
5
9
5
6
6
7
5
8
5
5
5
7
6
6
5
5
6
5
9
5
5
5
5
5
6
7
7
5
5
6
8
5
5
5
7
6
7
5
7
5
5
5
5
5
5
6
5
7
5
6
6
5
6
5
6
5
6
6
5
6
5
7
5
5
6
5
5
5
6
6
7
6
6
5
6
5
5
5
5
5
