194
6
5
4
4
24
71
4
5
4
35
8
5
6
4
4
4
4
4
4
5
10
17
4
4
4
4
5
4
4
45
5
36
4
6
4
5
5
5
6
13
6
5
5
5
5
4
5
4
24
6
4
6
5
4
4
5
5
4
4
4
4
4
5
5
8
8
4
5
4
4
4
6
7
7
8
4
4
4
4
5
5
4
5
4
4
7
8
5
4
5
4
4
4
7
5
25
4
5
6
5
5
5
5
5
5
4
4
5
5
4
4
4
4
5
4
4
5
6
5
6
4
4
11
4
4
5
17
5
6
5
5
4
6
6
6
4
4
6
4
4
5
7
15
4
4
4
4
5
4
4
5
5
5
5
5
23
6
5
6
6
4
4
4
4
5
4
4
5
6
4
11
5
18
5
4
15
5
4
6
5
6
4
5
11
6
4
4
5
4
6
4
4
5
5
4
4
4
4
4
5
5
6
4
4
4
4
4
4
4
4
4
5
4
4
6
6
4
4
4
5
4
4
4
4
4
4
4
6
7
7
5
4
5
5
6
4
6
9
4
16
4
4
5
4
4
5
4
4
5
4
4
4
4
5
4
5
4
4
4
7
4
6
4
4
4
4
4
6
4
4
4
5
4
5
4
4
5
4
4
4
