8
34
8
8
5
7
9
5
7
9
12
6
7
7
13
16
5
18
5
54
9
5
7
7
19
19
5
7
7
5
5
5
8
8
16
5
5
39
6
5
6
5
60
5
5
5
5
8
5
17
5
5
5
5
5
6
8
6
24
7
6
7
19
5
5
5
5
39
5
5
6
6
5
5
30
5
8
7
8
5
6
6
5
8
6
5
7
8
5
5
5
5
5
7
6
6
5
7
6
6
5
5
5
5
5
7
5
5
9
5
5
5
8
5
6
6
8
5
6
8
5
29
6
5
5
6
5
12
5
6
5
5
5
5
5
5
5
6
5
5
5
9
6
5
7
6
12
5
5
8
5
6
6
6
7
6
5
6
5
7
8
5
8
6
5
5
8
8
5
7
5
5
6
9
8
7
5
5
6
7
5
5
6
5
6
6
6
5
5
10
14
7
5
12
5
6
7
5
9
5
5
5
7
5
5
5
5
7
7
6
5
6
6
14
5
5
6
5
5
6
8
6
6
8
5
5
5
5
5
5
6
6
8
5
5
6
6
6
6
5
16
7
5
7
6
7
7
6
8
6
6
7
5
5
5
5
6
5
6
5
6
7
5
5
5
7
5
5
5
5
6
6
7
5
5
6
6
5
5
8
6
5
