5
6
5
5
5
5
6
6
5
6
6
6
6
5
6
5
5
11
6
6
5
5
5
5
5
5
5
6
5
5
5
6
5
7
6
6
6
17
5
6
5
6
6
5
5
5
6
6
5
5
6
8
6
6
5
5
6
5
5
7
6
5
7
6
5
5
5
6
5
5
6
5
6
6
6
5
5
17
5
5
26
5
6
6
6
5
5
5
6
5
6
7
6
5
5
6
6
5
6
5
5
5
6
23
5
5
6
5
6
5
5
6
6
5
5
5
5
5
6
6
6
6
6
6
6
5
8
5
6
5
6
6
5
5
5
6
5
6
6
5
6
5
6
5
5
9
5
6
5
5
5
5
6
6
5
5
6
7
5
6
6
5
5
5
5
6
5
5
6
6
6
7
5
6
5
10
5
5
5
5
5
6
5
6
5
6
6
6
5
6
5
5
6
5
6
5
6
5
5
5
5
5
5
6
6
5
5
5
5
5
6
5
6
6
6
5
5
5
5
5
5
5
5
5
5
5
5
6
6
5
6
5
6
6
5
5
5
5
5
5
6
5
5
6
5
5
5
5
5
5
5
