15
23
60
7
6
5
7
6
8
5
5
7
5
7
5
7
5
6
16
7
5
18
6
7
6
5
8
15
7
5
5
5
5
41
5
7
5
6
5
8
5
6
5
6
9
6
5
6
6
9
6
5
6
5
50
7
38
8
5
6
6
6
12
7
5
5
6
7
6
6
14
13
7
5
29
6
7
6
13
5
5
6
5
9
6
5
5
6
5
7
32
6
35
8
7
5
5
10
6
5
5
5
6
7
30
6
11
5
5
5
5
7
6
6
5
7
6
7
5
7
6
5
5
5
5
6
5
6
5
5
7
8
8
6
6
6
5
6
5
5
5
5
6
5
7
22
5
5
6
5
5
7
6
5
6
5
7
18
5
5
5
5
5
23
5
7
6
5
8
5
5
7
5
5
5
6
5
5
5
7
5
5
5
5
5
7
5
6
6
5
5
6
5
7
8
8
5
5
6
5
5
5
5
5
6
6
6
5
6
7
5
5
5
15
5
6
9
7
5
5
5
5
5
5
5
8
5
5
15
7
5
8
5
6
6
5
6
6
5
8
5
5
5
5
5
5
7
7
6
6
6
6
8
5
5
6
6
5
6
5
6
5
6
6
5
