4
7
4
3
3
4
3
30
3
4
6
3
3
3
14
36
3
3
3
3
20
15
9
3
14
28
14
3
3
14
3
3
6
3
5
5
3
22
3
3
10
28
3
5
3
3
3
17
3
3
4
3
4
4
6
3
3
19
3
3
8
4
3
3
3
3
4
13
3
8
3
4
6
3
3
3
3
3
6
3
3
3
14
7
4
3
3
3
3
3
3
3
3
3
3
3
3
3
3
3
3
7
3
4
6
3
3
3
6
4
3
3
3
3
3
3
4
3
3
3
3
3
5
3
3
7
3
3
3
3
3
3
3
3
3
3
3
3
3
3
3
3
3
3
3
4
3
4
3
3
3
5
3
4
3
3
4
3
3
3
4
3
3
3
3
3
3
3
3
3
3
3
3
3
3
3
3
3
3
3
3
3
5
3
3
3
3
3
3
3
3
3
3
3
3
3
3
3
3
3
3
3
3
3
3
3
3
3
3
3
3
3
4
3
3
3
3
3
3
3
3
3
4
3
3
3
3
3
3
3
3
3
3
3
3
3
3
3
3
3
3
3
3
3
3
