3
3
4
4
3
3
3
3
26
4
6
3
4
3
3
14
33
3
3
3
3
14
6
5
4
3
6
3
3
5
9
3
9
3
5
10
3
3
6
3
5
4
5
3
15
3
9
11
3
4
3
5
5
3
3
3
3
3
3
7
3
3
3
4
3
3
3
15
4
3
3
8
3
5
3
3
3
3
3
3
3
3
3
3
13
3
3
6
3
4
6
3
3
6
3
3
3
3
3
3
3
3
3
6
3
7
4
3
3
3
3
4
3
3
3
3
3
3
3
3
3
3
4
3
3
3
3
3
4
3
3
3
3
3
4
6
3
3
3
3
3
4
3
3
3
3
4
3
3
3
3
3
3
3
3
3
3
7
3
3
3
3
3
3
3
3
3
3
3
3
3
3
3
3
4
3
3
3
3
3
4
3
3
4
3
3
3
3
3
5
3
4
3
3
4
3
3
3
3
4
3
3
3
3
3
3
3
3
3
3
3
3
3
3
3
3
3
6
3
3
3
5
3
3
3
3
3
3
3
3
3
3
3
3
3
3
3
3
3
3
3
3
3
3
3
3
3
3
3
3
3
3
3
3
4
3
3
3
3
3
3
3
3
3
3
3
3
3
3
3
3
3
3
3
3
4
3
3
3
3
3
3
3
