4
10
13
7
7
5
60
6
4
4
5
9
6
39
4
5
14
4
4
66
6
5
5
4
4
94
18
54
4
6
6
4
4
15
5
5
47
11
13
4
5
4
6
7
6
5
5
4
4
5
4
5
5
5
7
26
4
5
4
5
4
25
4
4
35
5
5
8
16
5
7
6
5
19
44
5
4
4
5
5
5
4
4
4
5
19
4
4
12
4
8
5
12
4
4
6
8
4
5
5
7
4
6
4
6
4
4
4
4
4
5
4
4
5
5
4
4
6
6
16
4
4
4
4
4
4
4
5
4
5
6
6
5
14
5
4
4
4
5
5
4
4
4
5
4
5
4
4
5
4
4
6
4
6
6
5
30
6
4
4
6
10
5
4
4
12
4
4
4
6
6
6
4
5
4
4
6
5
4
5
9
4
5
4
4
5
5
6
4
6
4
5
5
4
4
4
5
4
4
4
5
6
4
5
4
4
5
4
4
5
4
4
4
5
4
5
6
4
4
4
5
5
6
5
4
4
5
4
5
7
4
5
5
4
5
4
4
4
5
4
4
4
4
4
6
4
4
4
4
4
4
4
5
4
4
4
5
4
4
