29
5
7
5
9
6
6
5
7
8
5
6
33
5
5
5
7
5
7
5
62
5
5
8
5
5
9
8
6
5
15
6
37
6
6
6
5
8
5
5
8
6
5
7
31
5
8
6
6
7
5
6
6
5
5
7
11
5
6
25
6
17
7
5
7
5
5
8
5
8
7
7
5
7
5
7
7
45
5
6
8
5
7
6
7
5
49
7
5
5
5
7
7
7
9
5
5
8
6
5
5
7
25
5
5
5
6
5
14
6
7
6
5
6
7
8
5
5
9
5
5
5
5
5
5
6
5
6
7
6
5
14
6
8
10
5
6
5
6
5
6
5
5
5
6
7
8
6
6
6
6
7
7
6
9
5
7
5
6
11
5
5
9
5
9
5
5
6
5
5
6
5
5
7
8
9
5
6
5
5
12
7
5
5
5
6
7
6
6
5
7
6
7
8
7
5
7
5
5
8
9
8
5
8
6
7
8
5
5
8
6
5
7
5
5
5
7
6
5
7
7
7
5
6
6
8
7
6
6
7
6
5
5
6
11
6
5
5
5
5
7
5
7
6
5
7
6
7
5
5
5
7
5
5
6
6
7
5
6
5
5
7
5
5
7
5
5
5
5
7
5
5
5
5
7
6
5
5
6
5
6
5
6
7
5
6
5
5
5
5
6
5
5
5
8
6
5
5
5
