3
3
4
4
3
3
3
3
28
4
6
3
4
3
3
14
35
3
3
3
3
15
10
9
3
4
9
21
3
14
3
3
14
3
3
6
3
5
4
5
3
18
3
9
5
23
3
5
3
3
3
17
3
3
3
3
4
4
6
3
3
19
3
3
8
3
3
3
3
3
4
13
3
8
3
4
6
3
3
3
3
6
3
3
3
6
7
4
4
3
3
3
3
3
3
3
3
3
3
3
3
3
3
3
3
3
3
3
7
3
3
4
6
3
3
3
6
3
3
3
3
3
3
3
3
4
3
3
3
3
3
3
3
3
7
3
3
3
3
3
3
3
3
3
3
3
3
3
3
3
3
3
3
3
3
4
3
4
3
3
3
5
3
4
3
3
4
3
3
3
4
3
3
3
3
3
3
3
3
3
3
3
3
3
3
3
3
3
3
3
3
3
3
3
5
3
3
3
3
3
3
3
3
3
3
3
3
3
3
3
3
3
3
3
3
3
3
3
3
3
3
3
3
3
3
4
3
3
3
3
3
3
3
3
3
4
3
3
3
3
3
3
3
3
3
3
3
3
3
3
3
3
3
3
3
3
3
3
