7
51
76
8
6
6
8
7
6
6
5
23
6
12
7
5
5
45
6
5
6
5
6
5
5
5
6
7
5
5
5
5
5
5
5
5
6
7
7
8
7
6
6
6
5
10
21
5
6
5
9
6
21
55
6
5
6
7
6
5
5
7
6
44
7
9
5
10
6
7
5
5
5
5
7
5
11
6
5
7
5
7
5
5
7
5
6
7
7
8
7
7
5
8
5
5
7
7
5
5
7
5
31
5
8
5
5
5
5
5
7
6
6
5
7
5
6
5
5
6
5
5
7
5
7
5
8
5
5
5
10
7
15
16
21
5
5
5
7
7
5
5
6
5
5
6
10
6
17
5
5
5
5
22
6
5
5
13
5
6
8
5
6
6
5
5
7
5
7
6
14
5
6
5
6
5
6
7
5
6
5
10
6
6
5
5
6
5
6
10
7
6
8
5
5
5
5
5
5
6
6
6
5
5
7
8
6
6
8
10
5
6
5
5
7
5
5
6
5
5
5
6
6
5
8
5
5
5
5
5
5
6
5
5
6
6
6
5
6
5
6
6
6
6
6
5
7
5
7
8
6
7
5
6
6
5
9
5
7
5
5
5
7
5
5
5
6
5
5
5
6
7
5
5
5
6
5
5
