109
4
5
5
4
41
55
5
4
48
6
5
21
6
4
4
5
4
61
13
4
4
4
4
4
4
4
4
6
17
5
10
6
4
5
5
4
4
6
6
4
32
4
4
4
5
4
7
4
6
4
4
5
4
5
5
4
4
4
4
4
4
46
4
4
4
6
5
6
4
7
4
6
4
4
9
6
4
4
4
27
4
6
5
26
5
5
5
4
5
4
6
4
5
19
4
7
4
4
10
6
6
4
4
6
5
5
5
37
6
4
4
4
6
5
4
6
4
4
10
4
6
4
6
5
4
6
5
4
5
4
5
5
20
4
4
6
7
4
5
4
5
5
4
4
5
5
6
4
4
4
4
4
4
4
4
5
4
4
4
6
4
5
8
5
5
5
4
4
4
5
5
4
7
4
4
5
6
7
4
4
4
6
4
5
6
14
8
4
4
4
4
5
5
5
5
5
4
6
6
4
4
5
5
6
4
5
4
4
6
4
5
5
5
5
4
4
7
4
4
4
6
5
4
4
5
4
4
4
5
4
4
9
5
5
6
5
4
6
4
5
6
4
7
4
6
4
4
4
4
5
4
4
4
4
4
4
4
5
4
5
6
4
4
5
4
5
6
4
5
5
4
4
4
4
4
4
6
4
6
4
4
4
6
4
4
5
4
4
4
5
4
4
