74
97
63
4
4
9
5
5
4
6
5
11
12
5
6
4
5
6
17
4
4
4
5
36
6
4
4
6
41
4
5
6
8
13
4
102
5
4
4
7
22
8
4
4
5
6
5
43
5
4
4
6
4
4
4
4
6
4
18
5
4
4
4
5
6
4
4
4
23
4
17
4
4
4
9
5
6
4
4
4
4
4
6
5
6
4
13
4
5
6
5
5
4
24
12
6
5
5
4
28
5
5
4
4
11
5
5
4
6
5
5
4
13
5
4
5
4
6
35
4
4
6
5
6
4
5
4
21
4
5
6
6
4
7
5
4
6
5
4
4
4
5
6
6
4
4
5
5
5
4
4
4
8
5
5
4
4
4
6
4
29
5
5
4
4
4
9
4
5
4
4
4
5
12
4
4
4
6
4
4
11
5
5
4
4
6
4
5
4
5
6
5
6
5
4
5
7
4
4
5
4
4
4
5
5
4
5
4
4
4
5
4
5
4
5
4
6
4
5
5
4
5
4
5
5
4
4
5
5
4
4
4
11
5
5
5
4
4
5
5
4
5
5
4
4
6
4
4
4
4
6
5
5
5
4
5
4
5
4
5
4
4
5
4
4
4
4
5
4
4
4
