72
5
23
4
7
4
8
41
38
8
5
7
6
9
4
38
5
5
52
5
5
4
5
48
8
4
4
4
4
4
4
4
5
53
8
5
4
14
4
5
4
14
6
13
4
4
5
4
6
7
4
6
4
5
34
4
7
4
6
17
4
4
5
4
4
6
9
4
36
6
4
4
4
6
6
8
4
4
4
6
5
5
6
4
9
4
4
19
7
4
5
4
6
24
4
5
4
6
4
29
55
5
7
5
14
5
4
5
4
4
5
4
7
4
4
4
4
4
4
6
6
5
5
4
5
4
4
6
5
6
4
4
4
4
4
5
4
4
5
4
5
6
15
7
20
5
9
7
4
9
4
4
6
5
18
4
4
6
5
8
4
4
5
6
5
5
5
5
6
6
4
4
4
5
5
11
4
4
4
4
6
5
4
4
4
4
5
4
4
4
6
4
4
4
4
4
4
5
6
6
5
8
16
5
5
4
4
4
6
4
5
4
4
5
4
4
4
4
5
4
4
5
4
4
4
4
4
4
4
4
5
5
4
4
5
4
4
5
4
4
4
4
4
6
4
4
4
4
5
4
5
5
4
4
4
4
4
4
4
4
4
4
5
5
5
5
4
4
4
4
4
5
4
5
4
5
4
4
4
4
4
4
