3
11
28
6
3
24
3
3
18
3
3
13
8
4
3
3
10
3
15
3
3
32
3
3
3
3
3
4
17
14
3
3
4
3
13
3
3
3
3
24
3
5
3
5
3
4
3
5
3
3
12
19
3
3
13
3
3
3
3
8
3
3
5
3
3
3
3
3
12
3
3
3
19
3
3
4
3
3
5
3
3
3
3
12
4
3
3
15
3
3
3
3
3
3
3
3
5
6
17
3
3
3
4
3
4
3
3
4
3
4
8
3
3
4
3
4
3
3
3
3
3
3
3
3
3
3
4
3
5
9
4
3
5
3
3
3
3
3
3
4
3
3
3
3
3
3
3
3
3
3
3
5
3
3
3
3
3
3
3
3
3
3
3
3
4
3
3
3
3
3
3
3
3
3
3
3
3
3
6
3
3
3
4
3
3
3
3
3
3
3
3
3
3
3
3
3
3
3
3
3
4
3
3
3
3
3
3
3
3
3
3
3
3
3
3
3
3
3
3
3
3
3
3
3
3
3
3
3
3
3
3
3
3
3
3
3
3
3
3
3
3
3
3
3
3
3
3
3
3
3
3
3
3
3
