0.997
0.997
0.997
0.997
0.997
0.997
0.997
0.988
0.971
0.931
0.827
0.827
0.827
0.577
0.571
0.55
0.539
0.052
0.047
0.042
0.037
0.035
0.035
0.027
0.027
0.011
0.011
0.011
0.011
0.011
0.01
0.01
0.009
0.009
0.009
0.006
0.006
0.006
0.006
0.006
0.006
0.006
0.005
0.005
0.005
0.005
0.005
0.005
0.005
0.005
0.005
0.005
0.005
0.005
0.004
0.003
0.003
0.003
0.003
0.003
0.003
0.003
0.003
0.003
0.003
0.003
0.003
0.003
0.0
0.0
0.0
0.0
0.0
0.0
0.0
0.0
0.0
0.0
0.0
0.0
0.0
0.0
0.0
0.0
0.0
0.0
0.0
0.0
0.0
0.0
0.0
0.0
0.0
0.0
0.0
0.0
0.0
0.0
0.0
0.0
0
