0.987
0.987
0.987
0.987
0.987
0.987
0.987
0.982
0.953
0.905
0.696
0.696
0.696
0.166
0.166
0.166
0.163
0.027
0.027
0.025
0.025
0.025
0.025
0.022
0.022
0.01
0.01
0.01
0.01
0.01
0.008
0.008
0.008
0.008
0.007
0.006
0.006
0.006
0.006
0.006
0.006
0.006
0.005
0.005
0.005
0.005
0.005
0.005
0.004
0.004
0.003
0.003
0.003
0.003
0.003
0.003
0.003
0.003
0.003
0.003
0.003
0.003
0.003
0.003
0.003
0.003
0.003
0.003
0.003
0.003
0.003
0.003
0.003
0.003
0.003
0.003
0.003
0.003
0.003
0.003
0.003
0.003
0.003
0.003
0.0
0.0
0.0
0.0
0.0
0.0
0.0
0.0
0.0
0.0
0.0
0.0
0.0
0.0
0.0
0.0
0
