0.05753417105305685
0.057534171053068316
0.057534171053099596
0.05753417105310297
0.057534171053088834
0.057534171053089216
0.057918999725959514
0.058998475778365034
0.06117178092896194
0.07127320813685592
0.08951716811473974
0.08951716811476217
0.08947119106244396
0.16958586049959837
0.1671683192828704
0.16633078649047758
0.16838687622365428
0.15023766062961302
0.148528148160667
0.1370079075979591
0.1267805675917546
0.12467817857028808
0.12415187232885218
0.11389333237734846
0.1094598898521931
0.06798270459784535
0.06683332952558003
0.0660979885806732
0.06574675367516855
0.0652633139597964
0.06321246488028805
0.06321246488028805
0.06354720860536404
0.06354720860536404
0.06266632354195614
0.061918749001585054
0.061918749001585054
0.06138165909678949
0.06065395464873184
0.06065395464873184
0.06065395464873184
0.06065395464873184
0.05979377563342046
0.05979377563342046
0.05905361950993358
0.05905361950993358
0.058792259131976665
0.058792259131976665
0.05827017763981398
0.05827017763981398
0.05733044294172835
0.05733044294172835
0.05733044294172835
0.05733044294172835
0.05733044294172835
0.05733044294172835
0.05733044294172835
0.05733044294172835
0.05733044294172835
0.05733044294172835
0.05733044294172835
0.05733044294172835
0.05733044294172835
0.05733044294172835
0.05733044294172835
0.05733044294172835
0.05733044294172835
0.05733044294172835
0.05733044294172835
0.05704599999999991
0.05704599999999991
0.05704599999999991
0.05704599999999991
0.05704599999999991
0.05704599999999991
0.05704599999999991
0.05704599999999991
0.05704599999999991
0.05704599999999991
0.05704599999999991
0.05704599999999991
0.05704599999999991
0.05704599999999991
0.05704599999999991
0.05704599999999991
0.05704599999999991
0.05704599999999991
0.05704599999999991
0.05704599999999991
0.05704599999999991
0.05704599999999991
0.05704599999999991
0.05704599999999991
0.05704599999999991
0.05704599999999991
0.05704599999999991
0.05704599999999991
0.05704599999999991
0.05704599999999991
0.05704599999999991
0.05704599999999991
