0.041398466196862965
0.04139846619683857
0.04139846619685981
0.04139846619683388
0.041398466196839435
0.04139846619684639
0.04176212262649566
0.04239666438785219
0.04394125053401754
0.050021751245375196
0.05911379269195741
0.059113792691951494
0.05918361821144096
0.11591950897010384
0.11877497771434835
0.11799433428159355
0.11626176818940417
0.15099200387446063
0.14793760831775402
0.13963597994689456
0.13242764336417065
0.12852248376769057
0.1263845271403306
0.1185394458342013
0.11672971125185332
0.06053066136461285
0.06016108408264681
0.05779287742104575
0.05725385080902014
0.055462528876797125
0.053306229376397965
0.052985106924307517
0.05144145701600369
0.05048608502159
0.04663581837564837
0.04567830090955425
0.04502114203595308
0.045021142035896515
0.04346325413287577
0.0428276339741511
0.042625991987761326
0.04253751422404429
0.0422892337349961
0.041841528069453904
0.041841528069453904
0.041841528069453904
0.041841528069453904
0.041841528069453904
0.041841528069453904
0.041841528069453904
0.04177230782928704
0.04177230782928704
0.04177230782928704
0.04177230782928704
0.04177230782928704
0.04177230782928704
0.04177230782928704
0.04177230782928704
0.04177230782928704
0.04143212806249243
0.04143212806249243
0.04143212806249243
0.04143212806249243
0.04143212806249243
0.04143212806249243
0.04143212806249243
0.04143212806249243
0.04041400000000001
0.04041400000000001
0.04041400000000001
0.04041400000000001
0.04041400000000001
0.04041400000000001
0.04041400000000001
0.04041400000000001
0.04041400000000001
0.04041400000000001
0.04041400000000001
0.04041400000000001
0.04041400000000001
0.04041400000000001
0.04041400000000001
0.04041400000000001
0.04041400000000001
0.04041400000000001
0.04041400000000001
0.04041400000000001
0.04041400000000001
0.04041400000000001
0.04041400000000001
0.04041400000000001
0.04041400000000001
0.04041400000000001
0.04041400000000001
0.04041400000000001
0.04041400000000001
0.04041400000000001
0.04041400000000001
0.04041400000000001
0.04041400000000001
0.04041400000000001
