0.040921623248018915
0.0409216232480032
0.04092162324794657
0.040921623248023876
0.040921623248017285
0.04092162324795092
0.04094661645304166
0.04113512628179292
0.04349310545944708
0.047745368602935316
0.06574543523069892
0.06574543523069441
0.06575858847232023
0.08917749748896855
0.09201989554370468
0.0922287831500056
0.0943795831095651
0.16217635851615214
0.16097571186580753
0.14720464488497045
0.14188165547298884
0.1379405255464654
0.1374091992398395
0.12628310687397337
0.11887722661331467
0.07307672562839945
0.07196779049859627
0.06634418385176394
0.06480261337745384
0.06480261337746429
0.06163176945841972
0.060133201081023546
0.05961189990522725
0.057912273478005
0.05398218605881307
0.05242639008671589
0.051999426740170475
0.051999426740170475
0.050702398460277964
0.05024170610233559
0.04952634246065118
0.04913889407584708
0.04855322030065949
0.04795572160682433
0.0469724012134498
0.04600061048342789
0.04600061048342789
0.04600061048342789
0.045138839859258935
0.045138839859258935
0.04394313138943016
0.04394313138943016
0.042972470317510274
0.042972470317510274
0.042972470317510274
0.042972470317510274
0.042690455766985866
0.04175038609517738
0.04175038609517738
0.04175038609517738
0.04156059996341665
0.04156059996341665
0.04156059996341665
0.04115376128385147
0.04115376128385147
0.040184
0.040184
0.040184
0.040184
0.040184
0.040184
0.040184
0.040184
0.040184
0.040184
0.040184
0.040184
0.040184
0.040184
0.040184
0.040184
0.040184
0.040184
0.040184
0.040184
0.040184
0.040184
0.040184
0.040184
0.040184
0.040184
0.040184
0.040184
0.040184
0.040184
0.040184
0.040184
0.040184
0.040184
0.040184
0.040184
