0.05007189998806067
0.05007189998805087
0.05007189998800736
0.05007189998803417
0.050071899987997236
0.050071899987992705
0.05032297040849242
0.05115161914070707
0.05259020080974139
0.05606364689680442
0.0813441903785062
0.08134419037846395
0.08155603453476544
0.11666010619861956
0.11588359525986129
0.1175905818822077
0.1143434550177395
0.15911539507471853
0.15483767208100002
0.1464886967622266
0.1428197257441031
0.1386496799137143
0.13896773300723145
0.13025482325524282
0.1274121404437935
0.07345965649224973
0.07299188569948646
0.07064609660719721
0.06997178495518588
0.06923696998859209
0.0647409481649062
0.06335695493498956
0.06046807048903422
0.059182361433923
0.058756551963389185
0.05686298482601252
0.05656607533672837
0.055972032943220916
0.05432727956495449
0.053975288936689264
0.053975288936689264
0.053975288936689264
0.05213124993204707
0.05162885694567215
0.051628856945663576
0.05162885694565072
0.05098182758703525
0.05098182758703525
0.05098182758703525
0.05098182758703525
0.05123648911474993
0.05070783323200726
0.05070783323200726
0.05070783323200726
0.05070783323200726
0.05070783323200726
0.05070783323200726
0.05063179074446658
0.05063179074446658
0.05063179074446658
0.05063179074446658
0.05063179074446658
0.05063179074446658
0.049366
0.049366
0.049366
0.049366
0.049366
0.049366
0.049366
0.049366
0.049366
0.049366
0.049366
0.049366
0.049366
0.049366
0.049366
0.049366
0.049366
0.049366
0.049366
0.049366
0.049366
0.049366
0.049366
0.049366
0.049366
0.049366
0.049366
0.049366
0.049366
0.049366
0.049366
0.049366
0.049366
0.049366
0.049366
0.049366
0.049366
0.049366
