0.06102829014619632
0.061028290146223366
0.06102829014620367
0.06102829014619375
0.061028290146216156
0.061028290146210834
0.06145511800932889
0.06207588308612679
0.06328147192516644
0.06985440694178703
0.07768370414950236
0.07768370414954252
0.07781266671535501
0.11100895124252479
0.11889554397113974
0.12063774957072257
0.12675484839509246
0.1407486676877263
0.13657822717372925
0.12805305836760345
0.12626073287385423
0.11778842096511384
0.11665745712971896
0.11067779655024049
0.10801051315163289
0.07789149342575978
0.0778944940906069
0.0756758267916201
0.07567582679161393
0.07538846277443065
0.07374470586801539
0.07310956318184435
0.07240812762156355
0.06937926239730174
0.06885718602354819
0.06842887011509603
0.06842887011510436
0.06842887011504922
0.066013076923077
0.06555629195940664
0.06480766535068477
0.0648562585034013
0.06454511601995844
0.06454511601995844
0.06351233748671865
0.06351233748671865
0.06351233748671865
0.06351233748671865
0.06351233748671865
0.06351233748671865
0.060221999999999935
0.060221999999999935
0.060221999999999935
0.060221999999999935
0.060221999999999935
0.060221999999999935
0.060221999999999935
0.060221999999999935
0.060221999999999935
0.060221999999999935
0.060221999999999935
0.060221999999999935
0.060221999999999935
0.060221999999999935
0.060221999999999935
0.060221999999999935
0.060221999999999935
0.060221999999999935
0.060221999999999935
0.060221999999999935
0.060221999999999935
0.060221999999999935
0.060221999999999935
0.060221999999999935
0.060221999999999935
0.060221999999999935
0.060221999999999935
0.060221999999999935
0.060221999999999935
0.060221999999999935
0.060221999999999935
0.060221999999999935
0.060221999999999935
0.060221999999999935
0.060221999999999935
0.060221999999999935
0.060221999999999935
0.060221999999999935
0.060221999999999935
0.060221999999999935
0.060221999999999935
0.060221999999999935
0.060221999999999935
0.060221999999999935
0.060221999999999935
0.060221999999999935
0.060221999999999935
0.060221999999999935
0.060221999999999935
0.060221999999999935
0.060221999999999935
