0.046064792999668
0.046064792999685585
0.046064792999686924
0.046064792999615294
0.046064792999632315
0.04606479299961204
0.046329917866953424
0.046893404556702066
0.0488453047076866
0.0536143072978799
0.06580002919560515
0.06580002919560561
0.06610249911539351
0.10873480623041562
0.10970467438958326
0.1087606035300486
0.11285424917251898
0.13740249321412232
0.13143316679215422
0.12063366536315474
0.11781514443257408
0.1145308743212449
0.11372009440395747
0.11149012744219618
0.1077350776273434
0.0625448444190551
0.062376650430077944
0.061252063077426755
0.06068093057313231
0.05997898961086142
0.05845520115285718
0.05665463701479144
0.05603626166886849
0.054517358850929155
0.05283588802220251
0.05185848940960121
0.05185848940963985
0.05189913507739261
0.050864944482527145
0.050864944482527145
0.050864944482527145
0.050864944482527145
0.05072641635958729
0.05072641635958729
0.050236027551111374
0.049304973762790895
0.049304973762790895
0.049304973762790895
0.048921987343971955
0.048523975429683446
0.04805386792446618
0.04684836034983408
0.04668243672561666
0.04585883967692546
0.04585883967692546
0.04585883967692546
0.04585883967692546
0.04585883967692546
0.04585883967692546
0.04585883967692546
0.04585883967692546
0.04585883967692546
0.04585883967692546
0.04585883967692546
0.04585883967692546
0.04585883967692546
0.04585883967692546
0.04585883967692546
0.04585883967692546
0.04585883967692546
0.04585883967692546
0.04585883967692546
0.04585883967692546
0.045353999999999985
0.045353999999999985
0.045353999999999985
0.045353999999999985
0.045353999999999985
0.045353999999999985
0.045353999999999985
0.045353999999999985
0.045353999999999985
0.045353999999999985
0.045353999999999985
0.045353999999999985
0.045353999999999985
0.045353999999999985
0.045353999999999985
0.045353999999999985
0.045353999999999985
0.045353999999999985
0.045353999999999985
0.045353999999999985
0.045353999999999985
0.045353999999999985
0.045353999999999985
0.045353999999999985
0.045353999999999985
0.045353999999999985
0.045353999999999985
0.045353999999999985
