0.04563501121406557
0.045635011214112606
0.04563501121408524
0.04563501121407401
0.045635011214082415
0.04563501121405268
0.045913520624197304
0.04666660239529113
0.04887204217427572
0.05543656947828283
0.07381255949584012
0.07381255949581507
0.07446785575164701
0.14518011479210036
0.1466756812720597
0.14457344305854405
0.14512675385454854
0.1505628466823897
0.14819648961486434
0.139791648183692
0.13238455740499147
0.1299798674898723
0.1299798674898723
0.12232025841575009
0.11845839422374141
0.0659274334522777
0.06592743345226472
0.06230252081397202
0.06164500802399313
0.06164500802399177
0.05830764852939742
0.05737526289562412
0.057216824403638934
0.05598510866464272
0.05228266637259283
0.05145836963914026
0.05145836963914026
0.05145836963914026
0.04990521778735453
0.04990521778735453
0.04990521778735453
0.04939308754199793
0.0484080147743355
0.0484080147743355
0.04798897423370319
0.04804986502858832
0.04804986502858832
0.04804986502858832
0.04772359219727649
0.04772359219727649
0.04696472800660485
0.04654380830437149
0.04654380830437149
0.04654380830437149
0.04654380830437149
0.04654380830437149
0.04654380830437149
0.04654380830437149
0.044751999999999965
0.044751999999999965
0.044751999999999965
0.044751999999999965
0.044751999999999965
0.044751999999999965
0.044751999999999965
0.044751999999999965
0.044751999999999965
0.044751999999999965
0.044751999999999965
0.044751999999999965
0.044751999999999965
0.044751999999999965
0.044751999999999965
0.044751999999999965
0.044751999999999965
0.044751999999999965
0.044751999999999965
0.044751999999999965
0.044751999999999965
0.044751999999999965
0.044751999999999965
0.044751999999999965
0.044751999999999965
0.044751999999999965
0.044751999999999965
0.044751999999999965
0.044751999999999965
0.044751999999999965
0.044751999999999965
0.044751999999999965
0.044751999999999965
0.044751999999999965
0.044751999999999965
0.044751999999999965
0.044751999999999965
0.044751999999999965
0.044751999999999965
0.044751999999999965
0.044751999999999965
0.044751999999999965
0.044751999999999965
