0.04112749939496612
0.04112749939497241
0.041127499394973274
0.04112749939499177
0.0411274993949377
0.041127499394965454
0.041455203705376004
0.042101557210855095
0.04491707496391856
0.05038359616424466
0.07362196248911795
0.07362196248911329
0.0738544464705085
0.14494018319466545
0.14466532808855997
0.14464537666488705
0.14120584010267084
0.1621615189810829
0.15760011953581357
0.14739678064607625
0.13941823257590383
0.13329543890511467
0.13329543890511467
0.12639612433178954
0.11992945316137889
0.06979669626664467
0.06879544979562588
0.06086457546994315
0.059331459179159454
0.059331459179153195
0.05515117609906392
0.05151803882606319
0.0496749587373006
0.04796592714167539
0.045241994617619755
0.044066458386490516
0.044066458386490516
0.044066458386490516
0.04370442503154627
0.04370442503154627
0.04267193779235114
0.04267193779235114
0.04302150683294376
0.04256288571462235
0.0421570185468623
0.04223180145372519
0.04223180145372519
0.04223180145372519
0.04134983429991699
0.04134983429991699
0.04079312938816439
0.04079312938816439
0.04079312938816439
0.04079312938816439
0.04079312938816439
0.04079312938816439
0.04079312938816439
0.04079312938816439
0.04079312938816439
0.04079312938816439
0.04079312938816439
0.04079312938816439
0.04079312938816439
0.03998600000000003
0.03998600000000003
0.03998600000000003
0.03998600000000003
0.03998600000000003
0.03998600000000003
0.03998600000000003
0.03998600000000003
0.03998600000000003
0.03998600000000003
0.03998600000000003
0.03998600000000003
0.03998600000000003
0.03998600000000003
0.03998600000000003
0.03998600000000003
0.03998600000000003
0.03998600000000003
0.03998600000000003
0.03998600000000003
0.03998600000000003
0.03998600000000003
0.03998600000000003
0.03998600000000003
0.03998600000000003
0.03998600000000003
0.03998600000000003
0.03998600000000003
0.03998600000000003
0.03998600000000003
0.03998600000000003
0.03998600000000003
0.03998600000000003
0.03998600000000003
0.03998600000000003
0.03998600000000003
0.03998600000000003
0.03998600000000003
