0.042443577957724805
0.04244357795771173
0.042443577957664194
0.042443577957708076
0.042443577957725284
0.042443577957691644
0.042648279613679
0.043987372376534564
0.04583258702692721
0.05151656459752417
0.07635971330583745
0.0763597133058455
0.0765403702963176
0.1814093663675556
0.17918364890867047
0.1792459131706834
0.1824693817021623
0.18030505342602796
0.1762522476953868
0.16721108425677017
0.16118320476018105
0.1543630941343317
0.1543630941343317
0.1444564126198139
0.13552512101398795
0.06499400926684158
0.06399838727722693
0.06201617639674772
0.061316176396734236
0.06110359286659874
0.05853580389990036
0.057510407815294214
0.05694324962261602
0.053742020522634375
0.052162106303953494
0.05125857273183297
0.05120104231835734
0.05029507396360114
0.04812481760324744
0.04812481760325393
0.04738375570461477
0.04737460130078834
0.04473402793550748
0.04473402793549796
0.044734027935455285
0.04392079370295398
0.04392079370296276
0.043920793702954
0.04382072167430823
0.04382072167430823
0.04310525801734321
0.04310525801734321
0.04310525801734321
0.04310525801734321
0.04310525801734321
0.04310525801734321
0.04310525801734321
0.04310525801734321
0.04310525801734321
0.0425783599995694
0.0425783599995694
0.0425783599995694
0.0425783599995694
0.0425783599995694
0.0425783599995694
0.0425783599995694
0.0425783599995694
0.04261065549589938
0.04261065549589938
0.04204799999999999
0.04204799999999999
0.04204799999999999
0.04204799999999999
0.04204799999999999
0.04204799999999999
0.04204799999999999
0.04204799999999999
0.04204799999999999
0.04204799999999999
0.04204799999999999
0.04204799999999999
0.04204799999999999
0.04204799999999999
0.04204799999999999
0.04204799999999999
0.04204799999999999
0.04204799999999999
0.04204799999999999
0.04204799999999999
0.04204799999999999
0.04204799999999999
0.04204799999999999
0.04204799999999999
0.04204799999999999
0.04204799999999999
0.04204799999999999
0.04204799999999999
0.04204799999999999
0.04204799999999999
0.04204799999999999
0.04204799999999999
