0.04998020071915327
0.04998020071913831
0.04998020071912848
0.04998020071913065
0.04998020071908922
0.04998020071911725
0.05065447914039234
0.051816254270110294
0.05351601864578113
0.05831557334969392
0.0667533929188532
0.06675339291888743
0.06714491954881985
0.126440191636114
0.12432380145989526
0.1228507727031011
0.1353354312809122
0.1416773015239424
0.13880240467388394
0.12594357541869564
0.11832897540438804
0.11378756677511095
0.11366971043707824
0.10770085282346384
0.10393789524834894
0.06380239323661493
0.06306219234998311
0.05967568064101569
0.05925756486443235
0.059257564864439775
0.05859072412789535
0.05722834777641096
0.057394596841493145
0.05580178346187042
0.05520313480828199
0.05347911774390332
0.05347911774390332
0.05347911774390332
0.052615975422427
0.052615975422427
0.052615975422427
0.052615975422427
0.05253242651965138
0.05253242651965138
0.05253242651965138
0.05253242651965138
0.05253242652007875
0.05253242652004535
0.051845661339768874
0.05110928562145891
0.05014806905951816
0.04988796389167497
0.04889199999999998
0.04889199999999998
0.04889199999999998
0.04889199999999998
0.04889199999999998
0.04889199999999998
0.04889199999999998
0.04889199999999998
0.04889199999999998
0.04889199999999998
0.04889199999999998
0.04889199999999998
0.04889199999999998
0.04889199999999998
0.04889199999999998
0.04889199999999998
0.04889199999999998
0.04889199999999998
0.04889199999999998
0.04889199999999998
0.04889199999999998
0.04889199999999998
0.04889199999999998
0.04889199999999998
0.04889199999999998
0.04889199999999998
0.04889199999999998
0.04889199999999998
0.04889199999999998
0.04889199999999998
0.04889199999999998
0.04889199999999998
0.04889199999999998
0.04889199999999998
0.04889199999999998
0.04889199999999998
0.04889199999999998
0.04889199999999998
0.04889199999999998
0.04889199999999998
0.04889199999999998
0.04889199999999998
0.04889199999999998
0.04889199999999998
0.04889199999999998
0.04889199999999998
0.04889199999999998
0.04889199999999998
0.04889199999999998
