0.061871253529137686
0.061871253529120124
0.06187125352910522
0.061871253529120804
0.06187125352910033
0.06187125352911758
0.06542247370457478
0.07424009617877564
0.09746228117394422
0.16225866478133893
0.18023046934910283
0.18023046934909775
0.17995233651047055
0.15157001071276607
0.1467457229545933
0.1423584815442796
0.1397885025086921
0.062042109531338915
0.05920972944327476
0.05920972944328327
0.05730871587789124
0.05712660789465762
0.057126607894640684
0.05567377230949933
0.054235274331403446
0.04937155071900499
0.04937155071900499
0.04937155071900499
0.04937155071900499
0.04937155071900499
0.04937155071900499
0.04937155071900499
0.04937155071900499
0.04937155071900499
0.04937155071900499
0.04937155071900499
0.04937155071900499
0.04937155071900499
0.04889199999999998
0.04889199999999998
0.04889199999999998
0.04889199999999998
0.04889199999999998
0.04889199999999998
0.04889199999999998
0.04889199999999998
0.04889199999999998
0.04889199999999998
0.04889199999999998
0.04889199999999998
0.04889199999999998
0.04889199999999998
0.04889199999999998
0.04889199999999998
0.04889199999999998
0.04889199999999998
0.04889199999999998
0.04889199999999998
0.04889199999999998
0.04889199999999998
0.04889199999999998
0.04889199999999998
0.04889199999999998
0.04889199999999998
0.04889199999999998
0.04889199999999998
0.04889199999999998
0.04889199999999998
0.04889199999999998
0.04889199999999998
0.04889199999999998
0.04889199999999998
0.04889199999999998
0.04889199999999998
0.04889199999999998
0.04889199999999998
0.04889199999999998
0.04889199999999998
0.04889199999999998
0.04889199999999998
0.04889199999999998
0.04889199999999998
0.04889199999999998
0.04889199999999998
0.04889199999999998
0.04889199999999998
0.04889199999999998
0.04889199999999998
0.04889199999999998
0.04889199999999998
0.04889199999999998
0.04889199999999998
0.04889199999999998
0.04889199999999998
0.04889199999999998
0.04889199999999998
0.04889199999999998
0.04889199999999998
0.04889199999999998
0.04889199999999998
0.04889199999999998
