0.05754240731171248
0.05754240731174974
0.05754240731170835
0.05754240731173975
0.057542407311751705
0.05754240731175313
0.06168773123000768
0.0708147235645021
0.0977461683915264
0.14121838755994742
0.16124641592578315
0.16124641592578468
0.16076848285948012
0.12777933192416235
0.1259312471518294
0.12480615641835326
0.12305457754309797
0.05627810835910993
0.055318379307139634
0.05292649279560423
0.05232013071119363
0.05050797202537562
0.05050797202537188
0.05045229777658246
0.050551527499750094
0.04809550975340457
0.04809550975340457
0.0472072947214075
0.0472072947214075
0.0472072947214075
0.045771997079225954
0.045353999999999985
0.045353999999999985
0.045353999999999985
0.045353999999999985
0.045353999999999985
0.045353999999999985
0.045353999999999985
0.045353999999999985
0.045353999999999985
0.045353999999999985
0.045353999999999985
0.045353999999999985
0.045353999999999985
0.045353999999999985
0.045353999999999985
0.045353999999999985
0.045353999999999985
0.045353999999999985
0.045353999999999985
0.045353999999999985
0.045353999999999985
0.045353999999999985
0.045353999999999985
0.045353999999999985
0.045353999999999985
0.045353999999999985
0.045353999999999985
0.045353999999999985
0.045353999999999985
0.045353999999999985
0.045353999999999985
0.045353999999999985
0.045353999999999985
0.045353999999999985
0.045353999999999985
0.045353999999999985
0.045353999999999985
0.045353999999999985
0.045353999999999985
0.045353999999999985
0.045353999999999985
0.045353999999999985
0.045353999999999985
0.045353999999999985
0.045353999999999985
0.045353999999999985
0.045353999999999985
0.045353999999999985
0.045353999999999985
0.045353999999999985
0.045353999999999985
0.045353999999999985
0.045353999999999985
0.045353999999999985
0.045353999999999985
0.045353999999999985
0.045353999999999985
0.045353999999999985
0.045353999999999985
0.045353999999999985
0.045353999999999985
0.045353999999999985
0.045353999999999985
0.045353999999999985
0.045353999999999985
0.045353999999999985
0.045353999999999985
0.045353999999999985
0.045353999999999985
0.045353999999999985
