0.05503827203465131
0.055038272034676615
0.05503827203467159
0.05503827203468266
0.05503827203467929
0.05503827203467605
0.059873266986170695
0.06923943341254055
0.09002071703441485
0.14894501287417855
0.16645109654521525
0.16645109654521406
0.1662225789719369
0.13801199898385194
0.1342413679638634
0.13258319801854773
0.13182869741338377
0.05428249633513225
0.05099321772307935
0.05025210974859644
0.05064851303865821
0.04971797391496446
0.049717973914976316
0.0489898878586846
0.0486810011714808
0.04060259218692946
0.04060259218692946
0.04060259218692946
0.04060259218692946
0.04060259218692946
0.04041400000000001
0.04041400000000001
0.04041400000000001
0.04041400000000001
0.04041400000000001
0.04041400000000001
0.04041400000000001
0.04041400000000001
0.04041400000000001
0.04041400000000001
0.04041400000000001
0.04041400000000001
0.04041400000000001
0.04041400000000001
0.04041400000000001
0.04041400000000001
0.04041400000000001
0.04041400000000001
0.04041400000000001
0.04041400000000001
0.04041400000000001
0.04041400000000001
0.04041400000000001
0.04041400000000001
0.04041400000000001
0.04041400000000001
0.04041400000000001
0.04041400000000001
0.04041400000000001
0.04041400000000001
0.04041400000000001
0.04041400000000001
0.04041400000000001
0.04041400000000001
0.04041400000000001
0.04041400000000001
0.04041400000000001
0.04041400000000001
0.04041400000000001
0.04041400000000001
0.04041400000000001
0.04041400000000001
0.04041400000000001
0.04041400000000001
0.04041400000000001
0.04041400000000001
0.04041400000000001
0.04041400000000001
0.04041400000000001
0.04041400000000001
0.04041400000000001
0.04041400000000001
0.04041400000000001
0.04041400000000001
0.04041400000000001
0.04041400000000001
0.04041400000000001
0.04041400000000001
0.04041400000000001
0.04041400000000001
0.04041400000000001
0.04041400000000001
0.04041400000000001
0.04041400000000001
0.04041400000000001
0.04041400000000001
0.04041400000000001
0.04041400000000001
0.04041400000000001
0.04041400000000001
0.04041400000000001
