0.07608085184313441
0.07608085184309314
0.07608085184310844
0.0760808518431157
0.07608085184314953
0.07608085184314224
0.08027034503407979
0.08617019090877412
0.10944736301718626
0.166428502865533
0.17293945979408828
0.17293945979408598
0.1709756055877384
0.14390042798381775
0.14047586206954532
0.13876498831440048
0.13571696636660424
0.07378207263675547
0.07322856059808007
0.07133752062510723
0.06851603509010422
0.06743589560622201
0.06743589560621788
0.06260843332283478
0.06199779417353983
0.06076096905950034
0.0605111419223852
0.060221999999999935
0.060221999999999935
0.060221999999999935
0.060221999999999935
0.060221999999999935
0.060221999999999935
0.060221999999999935
0.060221999999999935
0.060221999999999935
0.060221999999999935
0.060221999999999935
0.060221999999999935
0.060221999999999935
0.060221999999999935
0.060221999999999935
0.060221999999999935
0.060221999999999935
0.060221999999999935
0.060221999999999935
0.060221999999999935
0.060221999999999935
0.060221999999999935
0.060221999999999935
0.060221999999999935
0.060221999999999935
0.060221999999999935
0.060221999999999935
0.060221999999999935
0.060221999999999935
0.060221999999999935
0.060221999999999935
0.060221999999999935
0.060221999999999935
0.060221999999999935
0.060221999999999935
0.060221999999999935
0.060221999999999935
0.060221999999999935
0.060221999999999935
0.060221999999999935
0.060221999999999935
0.060221999999999935
0.060221999999999935
0.060221999999999935
0.060221999999999935
0.060221999999999935
0.060221999999999935
0.060221999999999935
0.060221999999999935
0.060221999999999935
0.060221999999999935
0.060221999999999935
0.060221999999999935
0.060221999999999935
0.060221999999999935
0.060221999999999935
0.060221999999999935
0.060221999999999935
0.060221999999999935
0.060221999999999935
0.060221999999999935
0.060221999999999935
0.060221999999999935
0.060221999999999935
0.060221999999999935
0.060221999999999935
0.060221999999999935
0.060221999999999935
0.060221999999999935
0.060221999999999935
0.060221999999999935
0.060221999999999935
0.060221999999999935
0.060221999999999935
