0.060814022040560474
0.060814022040541434
0.06081402204055834
0.06081402204057079
0.06081402204057802
0.0608140220405499
0.06430938811566694
0.07389976387866577
0.09430101322363024
0.15204432018045602
0.155792985258973
0.15579298525897298
0.15438905533308672
0.12673183960349693
0.12372811726374368
0.12260042057619296
0.11991660599429521
0.052600057147612345
0.05287212609137748
0.052452894370851086
0.049939604903697116
0.046825057920802486
0.046825057920802486
0.046825057920802486
0.046825057920802486
0.04666383817998344
0.04666383817998344
0.0459172681589767
0.0459172681589767
0.0459172681589767
0.04549835706462202
0.044751999999999965
0.044751999999999965
0.044751999999999965
0.044751999999999965
0.044751999999999965
0.044751999999999965
0.044751999999999965
0.044751999999999965
0.044751999999999965
0.044751999999999965
0.044751999999999965
0.044751999999999965
0.044751999999999965
0.044751999999999965
0.044751999999999965
0.044751999999999965
0.044751999999999965
0.044751999999999965
0.044751999999999965
0.044751999999999965
0.044751999999999965
0.044751999999999965
0.044751999999999965
0.044751999999999965
0.044751999999999965
0.044751999999999965
0.044751999999999965
0.044751999999999965
0.044751999999999965
0.044751999999999965
0.044751999999999965
0.044751999999999965
0.044751999999999965
0.044751999999999965
0.044751999999999965
0.044751999999999965
0.044751999999999965
0.044751999999999965
0.044751999999999965
0.044751999999999965
0.044751999999999965
0.044751999999999965
0.044751999999999965
0.044751999999999965
0.044751999999999965
0.044751999999999965
0.044751999999999965
0.044751999999999965
0.044751999999999965
0.044751999999999965
0.044751999999999965
0.044751999999999965
0.044751999999999965
0.044751999999999965
0.044751999999999965
0.044751999999999965
0.044751999999999965
0.044751999999999965
0.044751999999999965
0.044751999999999965
0.044751999999999965
0.044751999999999965
0.044751999999999965
0.044751999999999965
0.044751999999999965
0.044751999999999965
0.044751999999999965
0.044751999999999965
0.044751999999999965
0.044751999999999965
