0.07113802968655807
0.0711380296865946
0.07113802968660211
0.07113802968655476
0.07113802968657608
0.07113802968657319
0.07613491010816492
0.09170444478881959
0.1351195942892078
0.16768118910200758
0.17325455886818883
0.1732545588681852
0.1723990902835428
0.1447855826838526
0.14194054324461547
0.1389770124704327
0.13863896839344073
0.07077950528066573
0.0672308513164594
0.0659885883729678
0.06297698478698567
0.06095951733978253
0.06081770374331092
0.05953527636295043
0.05904126756326761
0.05861381557510586
0.05861381557510586
0.05861381557510586
0.05861381557510586
0.05861381557510586
0.05861381557510586
0.05861381557510586
0.05861381557510586
0.05795855734767009
0.05704599999999991
0.05704599999999991
0.05704599999999991
0.05704599999999991
0.05704599999999991
0.05704599999999991
0.05704599999999991
0.05704599999999991
0.05704599999999991
0.05704599999999991
0.05704599999999991
0.05704599999999991
0.05704599999999991
0.05704599999999991
0.05704599999999991
0.05704599999999991
0.05704599999999991
0.05704599999999991
0.05704599999999991
0.05704599999999991
0.05704599999999991
0.05704599999999991
0.05704599999999991
0.05704599999999991
0.05704599999999991
0.05704599999999991
0.05704599999999991
0.05704599999999991
0.05704599999999991
0.05704599999999991
0.05704599999999991
0.05704599999999991
0.05704599999999991
0.05704599999999991
0.05704599999999991
0.05704599999999991
0.05704599999999991
0.05704599999999991
0.05704599999999991
0.05704599999999991
0.05704599999999991
0.05704599999999991
0.05704599999999991
0.05704599999999991
0.05704599999999991
0.05704599999999991
0.05704599999999991
0.05704599999999991
0.05704599999999991
0.05704599999999991
0.05704599999999991
0.05704599999999991
0.05704599999999991
0.05704599999999991
0.05704599999999991
0.05704599999999991
0.05704599999999991
0.05704599999999991
0.05704599999999991
0.05704599999999991
0.05704599999999991
0.05704599999999991
0.05704599999999991
0.05704599999999991
0.05704599999999991
0.05704599999999991
0.05704599999999991
