0.06380393349258923
0.06380393349259368
0.06380393349263204
0.06380393349263179
0.06380393349258937
0.06380393349264177
0.07001133982994932
0.08058248228746004
0.1067370464111141
0.1463391097989459
0.17821366674585692
0.17821366674585984
0.17804063176040796
0.16095108453987333
0.15606992968771868
0.15141189036621724
0.14733702557431128
0.06722563885372551
0.06579909290967423
0.06368239396473445
0.06222447626918832
0.05786973251256862
0.057485990723788946
0.055395210634241535
0.053575785218176436
0.051578304457662434
0.052073094945558604
0.052073094945558604
0.052073094945558604
0.052073094945558604
0.05136554714977916
0.05032647262647275
0.05032647262647275
0.0498215201864394
0.0498215201864394
0.04920215999131652
0.04920215999131652
0.04920215999131652
0.049366
0.049366
0.049366
0.049366
0.049366
0.049366
0.049366
0.049366
0.049366
0.049366
0.049366
0.049366
0.049366
0.049366
0.049366
0.049366
0.049366
0.049366
0.049366
0.049366
0.049366
0.049366
0.049366
0.049366
0.049366
0.049366
0.049366
0.049366
0.049366
0.049366
0.049366
0.049366
0.049366
0.049366
0.049366
0.049366
0.049366
0.049366
0.049366
0.049366
0.049366
0.049366
0.049366
0.049366
0.049366
0.049366
0.049366
0.049366
0.049366
0.049366
0.049366
0.049366
0.049366
0.049366
0.049366
0.049366
0.049366
0.049366
0.049366
0.049366
0.049366
0.049366
0.049366
