0.058626585157451644
0.05862658515745845
0.05862658515745578
0.05862658515745644
0.05862658515742785
0.05862658515743475
0.06350196575761981
0.07225643618450284
0.09993001799926671
0.1585893130816642
0.1849673088707493
0.18496730887075016
0.18326110199766185
0.15380099484989518
0.15095460679712028
0.14691014459472548
0.1435953378722498
0.06173856139201155
0.05960207263524319
0.05498789779663925
0.05208337266486022
0.05073455750717586
0.05073455750714718
0.049546072158627996
0.04871924767664295
0.04393478870630582
0.04393478870630582
0.04393478870630582
0.04300623023402896
0.04300623023402896
0.04300623023402896
0.042017670682730796
0.042017670682730796
0.04204799999999999
0.04204799999999999
0.04204799999999999
0.04204799999999999
0.04204799999999999
0.04204799999999999
0.04204799999999999
0.04204799999999999
0.04204799999999999
0.04204799999999999
0.04204799999999999
0.04204799999999999
0.04204799999999999
0.04204799999999999
0.04204799999999999
0.04204799999999999
0.04204799999999999
0.04204799999999999
0.04204799999999999
0.04204799999999999
0.04204799999999999
0.04204799999999999
0.04204799999999999
0.04204799999999999
0.04204799999999999
0.04204799999999999
0.04204799999999999
0.04204799999999999
0.04204799999999999
0.04204799999999999
0.04204799999999999
0.04204799999999999
0.04204799999999999
0.04204799999999999
0.04204799999999999
0.04204799999999999
0.04204799999999999
0.04204799999999999
0.04204799999999999
0.04204799999999999
0.04204799999999999
0.04204799999999999
0.04204799999999999
0.04204799999999999
0.04204799999999999
0.04204799999999999
0.04204799999999999
0.04204799999999999
0.04204799999999999
0.04204799999999999
0.04204799999999999
0.04204799999999999
0.04204799999999999
0.04204799999999999
0.04204799999999999
0.04204799999999999
0.04204799999999999
0.04204799999999999
0.04204799999999999
0.04204799999999999
0.04204799999999999
0.04204799999999999
0.04204799999999999
0.04204799999999999
0.04204799999999999
0.04204799999999999
0.04204799999999999
0.04204799999999999
