0.05605213467332681
0.05605213467331803
0.05605213467332554
0.056052134673339735
0.05605213467330465
0.05605213467333671
0.05812495297237273
0.0632473243929291
0.0827359503451446
0.1346955958485761
0.15937031644796934
0.15937031644797373
0.15921093179099507
0.14642789273290954
0.1427158386146723
0.13981444207074473
0.13429315253294252
0.0572416112908722
0.055613117027361
0.05125514191241804
0.04945120943597416
0.04899867697641624
0.048998676976425855
0.046580060984981644
0.04346636686389758
0.04322131869141097
0.04296865567498463
0.04197327640733701
0.04197327640733701
0.040558941648948646
0.040558941648948646
0.040558941648948646
0.040558941648948646
0.040558941648948646
0.040558941648948646
0.040558941648948646
0.040558941648948646
0.040558941648948646
0.040558941648948646
0.040558941648948646
0.040558941648948646
0.040558941648948646
0.040558941648948646
0.040558941648948646
0.040184
0.040184
0.040184
0.040184
0.040184
0.040184
0.040184
0.040184
0.040184
0.040184
0.040184
0.040184
0.040184
0.040184
0.040184
0.040184
0.040184
0.040184
0.040184
0.040184
0.040184
0.040184
0.040184
0.040184
0.040184
0.040184
0.040184
0.040184
0.040184
0.040184
0.040184
0.040184
0.040184
0.040184
0.040184
0.040184
0.040184
0.040184
0.040184
0.040184
0.040184
0.040184
0.040184
0.040184
0.040184
0.040184
0.040184
0.040184
0.040184
0.040184
0.040184
0.040184
0.040184
0.040184
0.040184
0.040184
0.040184
