0.10850142651900595
0.10850142651900437
0.10850142651900443
0.10850142651900363
0.10850142651900635
0.10850142651900313
0.13394138609978626
0.15686649739067327
0.1758030054938119
0.16916807127942524
0.1296831750351717
0.12968317503516974
0.12915796555787815
0.05451506696075126
0.05466359623075776
0.05393460380406843
0.05393460380406843
0.04889199999999998
0.04889199999999998
0.04889199999999998
0.04889199999999998
0.04889199999999998
0.04889199999999998
0.04889199999999998
0.04889199999999998
0.04889199999999998
0.04889199999999998
0.04889199999999998
0.04889199999999998
0.04889199999999998
0.04889199999999998
0.04889199999999998
0.04889199999999998
0.04889199999999998
0.04889199999999998
0.04889199999999998
0.04889199999999998
0.04889199999999998
0.04889199999999998
0.04889199999999998
0.04889199999999998
0.04889199999999998
0.04889199999999998
0.04889199999999998
0.04889199999999998
0.04889199999999998
0.04889199999999998
0.04889199999999998
0.04889199999999998
0.04889199999999998
0.04889199999999998
0.04889199999999998
0.04889199999999998
0.04889199999999998
0.04889199999999998
0.04889199999999998
0.04889199999999998
0.04889199999999998
0.04889199999999998
0.04889199999999998
0.04889199999999998
0.04889199999999998
0.04889199999999998
0.04889199999999998
0.04889199999999998
0.04889199999999998
0.04889199999999998
0.04889199999999998
0.04889199999999998
0.04889199999999998
0.04889199999999998
0.04889199999999998
0.04889199999999998
0.04889199999999998
0.04889199999999998
0.04889199999999998
0.04889199999999998
0.04889199999999998
0.04889199999999998
0.04889199999999998
0.04889199999999998
0.04889199999999998
0.04889199999999998
0.04889199999999998
0.04889199999999998
0.04889199999999998
0.04889199999999998
0.04889199999999998
0.04889199999999998
0.04889199999999998
0.04889199999999998
0.04889199999999998
0.04889199999999998
0.04889199999999998
0.04889199999999998
0.04889199999999998
0.04889199999999998
0.04889199999999998
0.04889199999999998
0.04889199999999998
0.04889199999999998
