0.1235185321863336
0.1235185321863286
0.12351853218632837
0.1235185321863291
0.12351853218632972
0.12351853218633108
0.14427326646059901
0.15947222087525653
0.16774257633774214
0.16557336155471006
0.12648475235103732
0.12648475235103815
0.12609665874430132
0.05749560632271204
0.057183346471721144
0.0571466077641479
0.056864396748501675
0.05199916755404536
0.05199916755404536
0.051204941790048066
0.05069498851077812
0.05069498851077812
0.05069498851077812
0.04923331522477251
0.04923331522477251
0.04923331522477251
0.04923331522477251
0.04923331522477251
0.04923331522477251
0.04923331522477251
0.049366
0.049366
0.049366
0.049366
0.049366
0.049366
0.049366
0.049366
0.049366
0.049366
0.049366
0.049366
0.049366
0.049366
0.049366
0.049366
0.049366
0.049366
0.049366
0.049366
0.049366
0.049366
0.049366
0.049366
0.049366
0.049366
0.049366
0.049366
0.049366
0.049366
0.049366
0.049366
0.049366
0.049366
0.049366
0.049366
0.049366
0.049366
0.049366
0.049366
0.049366
0.049366
0.049366
0.049366
0.049366
0.049366
0.049366
0.049366
0.049366
0.049366
0.049366
0.049366
0.049366
0.049366
0.049366
0.049366
0.049366
0.049366
0.049366
0.049366
0.049366
0.049366
0.049366
0.049366
0.049366
0.049366
0.049366
0.049366
0.049366
0.049366
0.049366
