0.12714443022770092
0.12714443022770786
0.12714443022770594
0.1271444302277057
0.12714443022770452
0.12714443022770078
0.1395535421914004
0.15088030213090559
0.1612425521450698
0.15899001264016596
0.12413646894101736
0.12413646894101762
0.12413646894101764
0.048201826017353226
0.04646371875825524
0.04646371875825524
0.04646371875825524
0.04131615305598349
0.04131615305598349
0.040042824290946244
0.040042824290946244
0.03998600000000003
0.03998600000000003
0.03998600000000003
0.03998600000000003
0.03998600000000003
0.03998600000000003
0.03998600000000003
0.03998600000000003
0.03998600000000003
0.03998600000000003
0.03998600000000003
0.03998600000000003
0.03998600000000003
0.03998600000000003
0.03998600000000003
0.03998600000000003
0.03998600000000003
0.03998600000000003
0.03998600000000003
0.03998600000000003
0.03998600000000003
0.03998600000000003
0.03998600000000003
0.03998600000000003
0.03998600000000003
0.03998600000000003
0.03998600000000003
0.03998600000000003
0.03998600000000003
0.03998600000000003
0.03998600000000003
0.03998600000000003
0.03998600000000003
0.03998600000000003
0.03998600000000003
0.03998600000000003
0.03998600000000003
0.03998600000000003
0.03998600000000003
0.03998600000000003
0.03998600000000003
0.03998600000000003
0.03998600000000003
0.03998600000000003
0.03998600000000003
0.03998600000000003
0.03998600000000003
0.03998600000000003
0.03998600000000003
0.03998600000000003
0.03998600000000003
0.03998600000000003
0.03998600000000003
0.03998600000000003
0.03998600000000003
0.03998600000000003
0.03998600000000003
0.03998600000000003
0.03998600000000003
0.03998600000000003
0.03998600000000003
0.03998600000000003
0.03998600000000003
0.03998600000000003
0.03998600000000003
0.03998600000000003
0.03998600000000003
0.03998600000000003
0.03998600000000003
0.03998600000000003
0.03998600000000003
0.03998600000000003
0.03998600000000003
0.03998600000000003
0.03998600000000003
0.03998600000000003
0.03998600000000003
0.03998600000000003
0.03998600000000003
0.03998600000000003
