0.10305797340206259
0.10305797340206303
0.10305797340206392
0.10305797340206407
0.10305797340206206
0.10305797340206163
0.11662053881111736
0.14054114732603773
0.16017308526891386
0.15589253572961245
0.12649574402661132
0.12649574402661035
0.12629815347414078
0.04650507663695511
0.04357355221626527
0.04259959936587933
0.042127497692446295
0.0407681818181818
0.0407681818181818
0.0407681818181818
0.0407681818181818
0.0407681818181818
0.0407681818181818
0.0407681818181818
0.0407681818181818
0.04041400000000001
0.04041400000000001
0.04041400000000001
0.04041400000000001
0.04041400000000001
0.04041400000000001
0.04041400000000001
0.04041400000000001
0.04041400000000001
0.04041400000000001
0.04041400000000001
0.04041400000000001
0.04041400000000001
0.04041400000000001
0.04041400000000001
0.04041400000000001
0.04041400000000001
0.04041400000000001
0.04041400000000001
0.04041400000000001
0.04041400000000001
0.04041400000000001
0.04041400000000001
0.04041400000000001
0.04041400000000001
0.04041400000000001
0.04041400000000001
0.04041400000000001
0.04041400000000001
0.04041400000000001
0.04041400000000001
0.04041400000000001
0.04041400000000001
0.04041400000000001
0.04041400000000001
0.04041400000000001
0.04041400000000001
0.04041400000000001
0.04041400000000001
0.04041400000000001
0.04041400000000001
0.04041400000000001
0.04041400000000001
0.04041400000000001
0.04041400000000001
0.04041400000000001
0.04041400000000001
0.04041400000000001
0.04041400000000001
0.04041400000000001
0.04041400000000001
0.04041400000000001
0.04041400000000001
0.04041400000000001
0.04041400000000001
0.04041400000000001
0.04041400000000001
0.04041400000000001
0.04041400000000001
0.04041400000000001
0.04041400000000001
0.04041400000000001
0.04041400000000001
0.04041400000000001
0.04041400000000001
0.04041400000000001
0.04041400000000001
0.04041400000000001
0.04041400000000001
0.04041400000000001
0.04041400000000001
0.04041400000000001
0.04041400000000001
0.04041400000000001
0.04041400000000001
0.04041400000000001
