0.11318036151273
0.11318036151273685
0.1131803615127291
0.11318036151273012
0.11318036151272913
0.11318036151273553
0.13241880689932042
0.15378458185656263
0.17134873956466926
0.17089181025610878
0.1390241800249496
0.1390241800249496
0.137561495298546
0.04912995051778466
0.047602337786878265
0.045984554523957985
0.04551051703388625
0.04412703109728132
0.04232878787878783
0.042098073701842535
0.04204799999999999
0.04204799999999999
0.04204799999999999
0.04204799999999999
0.04204799999999999
0.04204799999999999
0.04204799999999999
0.04204799999999999
0.04204799999999999
0.04204799999999999
0.04204799999999999
0.04204799999999999
0.04204799999999999
0.04204799999999999
0.04204799999999999
0.04204799999999999
0.04204799999999999
0.04204799999999999
0.04204799999999999
0.04204799999999999
0.04204799999999999
0.04204799999999999
0.04204799999999999
0.04204799999999999
0.04204799999999999
0.04204799999999999
0.04204799999999999
0.04204799999999999
0.04204799999999999
0.04204799999999999
0.04204799999999999
0.04204799999999999
0.04204799999999999
0.04204799999999999
0.04204799999999999
0.04204799999999999
0.04204799999999999
0.04204799999999999
0.04204799999999999
0.04204799999999999
0.04204799999999999
0.04204799999999999
0.04204799999999999
0.04204799999999999
0.04204799999999999
0.04204799999999999
0.04204799999999999
0.04204799999999999
0.04204799999999999
0.04204799999999999
0.04204799999999999
0.04204799999999999
0.04204799999999999
0.04204799999999999
0.04204799999999999
0.04204799999999999
0.04204799999999999
0.04204799999999999
0.04204799999999999
0.04204799999999999
0.04204799999999999
0.04204799999999999
0.04204799999999999
0.04204799999999999
0.04204799999999999
0.04204799999999999
0.04204799999999999
0.04204799999999999
0.04204799999999999
0.04204799999999999
0.04204799999999999
0.04204799999999999
0.04204799999999999
0.04204799999999999
0.04204799999999999
0.04204799999999999
0.04204799999999999
0.04204799999999999
0.04204799999999999
0.04204799999999999
0.04204799999999999
