170 175 238 327 407 532 829
53 82 255 266 295 335 348 767
6 14
199 257
129 768
247 649
12 32 106 172 262 406 558
333 477 492 544 810
233 260 839
119 407
108 383 496 619
495 825
73 248 413
66 151 176 191 222 302 570 900
421 991
112 457
267 434
103 272
285 405
16 18 19 396 593 672 706 740 780 947
3 211 710 996
146 156 165 333 549 754
388 795 937
111 405 512 907
356 611
225 982
30 31 198 234 253
5 145 332 722
14 67 90 595 607 923
139 209 770
26 29 55 74 113 162 468
33 581
766 840 930
188 269
46 355 438
23 35 50 79 102 113 215 269 764
20 223 241 507 556
376 922
76 80 100 173 265 434 821
16 229 573 906 990
4 127 338 806 864
377 533 580
8 145 188 480 904
39 109 132 515
129 197 255
87 138 225 281 384 385 471 739 790
80 297 614 865
467 878
134 142 398 425
329 445 452 540 913
220 776
585 738
21 77
14 262 368 465 775 805
131 209 248
6 63 199 728 838
194 210 324
46 79 98 105 128 152 161 317 591
19 49 217 268 350
8 167 587 664 684 716 848
19 50 162 520 583 784
86 330
139 975
8 22 214 310 395 418 431 815
59 143 164 270 557 783
178 656 939
19 310 996
33 45 111 190 368 438 564
68 88 185 278
69 88 143 459
140 273 503 658
110 122 250 404 639 691
4 251
145 182 188 353 881
37 41 165 750
85 732
36 45 59
327 615
64 123 605 904
64 123 131 134 541
24 950
19 217 499
112 163 240 325 701
14 175 687 869
2 26 27 139 476
157 316
542 850 981
360 550
513 562
1 140 187 299 594
42 518
554 852
14 20 205
110 252 380
37 206 288 346
19 81
62 107 149 248 449 784
95 177 488
6 376 442
25 96 109 240 279 367
83 486
12 21 32 169 172 275 558 589
33 195 361 441 968
59 191
51 442
730 959
120 164
6 14 26 135 196 559
50 224
29 121
95 296 651 821
25 34 138 222
26 37 101 319 390 454 558 799
810 897
400 789
15 129 174 591 940 943
22 752
6 26 379 728 987
23 57 113
85 95 97 480 724
241 717
276 308
3 102 221 959
99 189
7 30 31 525
86 198 906
82 963
236 599
44 95 212 544 755 813
55 83 751 921
9 57 84 104 176 203 233 362 686
59 84 161 168 484 593
201 395
4 31 88 127 138 494
45 240
8 20 65 137 242
152 200 314 426 470 576 608 745
31 550
4 102 250 319 320 396 904
139 344 379 613 809
3 63 130 196 221 444 484 863
125 804 941
42 339 362
4 10 392 941
648 862
353 647
138 676 896
51 136 471 934
135 177 232 724
339 494 595 614
80 113 118 259 263 546
9 175 846
1 235 267 329
53 57 174 190 318 598 840
114 133 191
16 478 706 816 935
78 304 798
2 3 47 151 222
27 78 134 158 496 543 546
492 577
9 13
262 326
18 246 544 588 800
10 51
42 165
1 9 22 228 352
289 706
55 266
26 243 452 804
7 43 46
130 374 487 502
1 44 102
340 456
67 194 986
18 114 167 473 496 737 955
10 72 134 366 523 661 938
60 88
24 52 520 590 681
28 92 383
7 43 154
118 244 711 997
51 87 594
28 403 489 583 641 681
168 301
4 47 237 703 779
9 481
20 443
171 257 616
25 387 502 570 636 969
99 549
110 265 880
43 483 961
35 74 128 303 437 727 831 944
24 27 66 71 134 159 398 843 946
13 19 21 786
65 221 444 488 510 568 720 823
22 34 83 203 490 892
137 815 873
98 116 195 468
249 695
36 277 343 707 845
30 277 575
6 329 378 712
230 450
11 64 90 124 252 274 315 419 664 992
34 537
18 167
7 447 454 586
69 169 255 295 298 514 649 690
107 115 236 846
6 76 119
24 27 92 134 303 322 386 625 831 989
10 72 501 527 592 854 941
167 345 391 885 920
74 425
4 48 57 102 128 232 359 553 743 888
141 270
3 55 56 127 435 532 621 700 950
942 949
13 89
253 489
7 21 31 94 519
38 52 109 271 274 667
16 27 43 86 307 822
448 580
62 64 357 495
99 165 427 794 970
67 83 90 91 157 347 683
18 25 45 84 227
34 285
36 458
27 386
51 293 373 499
104 283 523 685 756
25 192
13 394
29 60 183 369
264 477
34 46 48 77 96 182 475 562 773 796
76 157 218 230
20 63
7 41 42 190
2 9 17 242 677
103 314 733
229 554
44 100
69 859
27 58 92 155 220 590 964
63 77 110 285 375
38 101 121 454 617 877 927
5 8 61 146 177 503 578 603
219 569
10 736
33 66 76 126 573 817 884
34 268 583
5 39 439 602
47 51 166 232 287 335 343 464 587 876
302 633 882
19 44 148 354 376 420 523 563 983
28 41 156 351
69 96 186
16 180 374
13 358 505 721
35 65
10 72 219 281 420 457 603
8 264
283 433
34 52
71 303 582 866 874 955
586 747
5 87 131 182 876 921 965
110 111 439
246 864
259 744 949
162 422
24 81 87 89 136 673 679 918 980
472 617
312 835
117 331 535 969
5 42 68 315 801 850 922
3 785 846
64 879 917 957
42 108 142 708
137 395
14 509
20 63 310 849 977
3 88 147 276 328 807 900
227 417
135 150 161 202 437 764 912
55 75 124 250 512 580 586 645
180 370 577 667
8 261 312 568
52 101 370 396 493 537 593 717 947
21 24 77 311 530 859
122 300
67 69 124
2 3 380
11 135 143 346 600
652 888
38 820
566 622
9 15 45 49 160 223 240 247 526
56 95 163 293 485 862
106 589
58 124
7 435
151 186
34 52 217 504
58 67 154 194 239 245 478 754 839 986
258 305
220 532
429 663
16 120 171 199 271 333 581 857 860 920
1 635
27 138 403 512 747
26 547
5 192
29 50 132 136 268 446 592 753 865
43 289 490 621
73 292 563
3 23 38 79 128 485 500 743
3 8 49 156 210 488 529 867
4 51 212 819
53 82 963
267 578 791 995
21 77 597 755
390 421
42 58 145 872
11 550 763 807 994
14 91 116
11 133 194 346 560 726
155 541
121 204 924 966
55 62 82 284 426 598 833
506 726
15 48 107 213 543
1 8 45 179 219 319 391 792
23 48
61 143
505 721
93 118
43 205 336 356
330 447 911 974
11 24 831
63 74 511
115 351 383 946
8 137 184 418 925
45 647 872
148 254 814 957
3 58 73 105 214 636 639 708 863
19 53 350 434 613
117 187 323
23 85 296 397 932
40 52 108 373 377 833
40 298
139 379
122 476 691
13 27 74 92
34 107 184 261 925
55 82
137 192
7 341
145 528
53 73 132 140 157 169 274 316 463 698
25 48 116 863
219 370 527 552 713
283 452 865
46 384
7 31
36 533 773
28 451
6 14 26 81 119 243 459 536 731
141 272 750 999
9 66 176 251 677 841
111 252 337 657
5 388
181 529 742
438 713
253 641
24 27 108 115 575 625 857 866 894
41 189
322 637 952
17 132 149 974
175 227 238 328 431 484 532 870
94 140 144 178 201 218 357
139 344 379 474 893
40 54 91 96 98 247 255 288 675 824
566 727
4 10 87 226 723
153 306 390 535 665
7 97
143 216 303 914
29 93 121 214 291 369 530 761 822
52 107
496 988
87 127 250 290 334 338 414 501 644 836
39 254
292 309 798
125 354 366 428 465 578
6 13 221 437 962
193 251 643
253 286 650
151 195 553 889
1 6 40 112 272
22 49 100 221 239 406 465 597 871
80 924
18 45 391 670 811 909
4 163 400
246 670
15 75 301 632 762 811 868
1 54 67 74 208 326 412
30 31 36 158 432 534 551 897 950 951
38 53 55 68 101 120 306 387 426 666
72 75
3 38 117 164 208 306 535 796 913
187 228
8 141 245 288 382 492 531
20 164 212 313 777 786 969
81 119 547
167 571
46 554 661 765 919
117 469
174 879
3 284 909
3 17 47 174 211 284
53 266
227 538
55 67 573
217 266 506
23 47 66 244 499
29 60 207 256 335 367 369 565
327 417 770
11 80 133 610
114 209 364 686 808
174 197
60 584 761 858
16 67 211
33 287 620 682
1 49 148
51 594
4 72 75 136 648 839 971
4 33 436 607 646 911
45 583
34 107
381 862
56 188 207 321 933 995
68 77 121 124 155 182 290 296 557
231 977
38 120 454
133 365 542
178 689
73 953 966
278 344 410 613 781 979 987
261 577
57 568 724
42 168 883
219 234 392
66 104 130 978
7 693 801
163 789 814 860
22 36 224 231 432 487 783
24 386
7 311 430 435 522 601 697
8 49 137 184 443 548
66 151 211 877 909
288 745
87 154 351 683
227 417 615
53 279 349 679
84 177 187 228 543 686 758 899
7 43 522 525
37 794 861
13 101 153 192 194 242
46 152
5 11 17 32 90 100 446 921 928
405 998
7 43 83 84 582
110 112 122 196 258 318 337 420 457 965
193 294 679 869
282 614
18 44 51 291 404 439 895 943
155 396 403 455 740
6 14 266 781 1000
206 304
3 293 448 564 785 877
62 123 131 205 521
144 357 416
148 401 486 627
38 153
105 430
259 291 584
13 19
1 14 43 54 160 240 306 345 357
78 227 332
37 200 245
4 10 87 385 466 498 631 655 723 841
2 76 601
9 40 98 147 215 270 326 678 919
74 155
12 102 478 589 675
30 31 49 78 120 166 236 388
39 193 241 254 403 455 489 607
62 435
20 402 717
57 113 180
101 117 209 400 637 787
34 52 53 268 605 653 715 958
21 171
23 195 246 384 436 468 746
180 198
208 478 508
473 540 751
38 120 212
60 214 234 256 280 416 700
51 501 790 971
156 267 803
126 200
181 224 245 824
21 109 341
347 643
22 61 80 203 899 905
1 103 160 327 990
13 97
41 94 146 342 526 929
109 125 216 300 304 347 517
80 265
99 153 407 786 913 934
28 493 587
194 960
332 881
151 978
26 151 204 368 629 651 712 746
14 292 390
63 95 238 328 747 826
40 98 195 551 919
36 59 277 458 628
35 57 113 302 372 488 714
14 169 368 687
251 982
44 50 57 97 118 293 312 726 732
23 35 82 97 129 561
404 657
38 110 150 336 698
66 70 74 91 96 409 468 620
719 944
433 523
42 146 149 190 351 362 546 948
88 121 788
28 650 976 990
530 780
22 104
548 591 641
14 671
11 144 260 348 469 638 758 812 830 893
389 513
32 616
18 40 91 195 956
40 70 91 116 295 343
395 626
350 461
6 26 231 244 253 383 820
65 205 349 408 802
75 114 378 442 753 841
33 305 330 436
173 403 458 610 733 880 932 968
2 47 299
15 32 54
11 265 445 486 547 559 1000
109 175 274 365
1 18 199 207 240 334 358
116 195 343 699
144 239 273 291 495
21 32 169
113 245 748 850
223 375 399 552
503 635 656
2 903
163 205
13 119 627
19 545 714
2 72 104 284 441 491 680
20 425 644 951
185 242 256
27 30 241 702
74 142
20 51 220 328 399 431 734
19 299
13 363 548 657 733 910
73 249 566
12 21 77 90 506 550 555 778 887
244 320 905
60 280 367 678 992
33 126 497
85 161 629 860
61 143 323 469
12 64 131
17 53 364 393 448
39 332 353 993
456 985
4 72 440 569 689
4 11 12 42 91 269
62 413
564 658 842
759 912
1 10 75 830
4 29 280 730
9 612
107 449 537
7 289 575
24 286 322 470 483 556 735
309 482 818
13 228 263 350 562
5 9 16 119 179 229 235 281 283
76 126 467 803 878 974
93 137 184 264 855
162 912
70 255
76 147 183 206 230 304 340 409 672 890
86 954
214 367
24 69 71 115 546 586
8 516
15 129 152 688
79 414 827
1 18 105 345 408
2 17 25 47 186 680
81 92 170 237
5 99 152 184 247 612 645 916
20 665
64 574
321 433
477 577 827 873
62 64 123 125 413 440 521 943
176 336
1 80 160 167 223
15 30 71 100 111 178 273 566 650
2 93 335 367 565 855
30 491
115 556
125 676 769 890 953
410 902
429 604
32 89 597 695 853
60 345
16 317 638 664 780
392 840
131 210 282 294
509 989
68 87 286 385 475 592 661 819 896 898
79 134 158 222 378 599
2 54 69 392 514 777 829 994
205 323 814
56 68 137 182 290 528 800
196 630
317 411
136 250 471 643 916
12 89
20 576 608
21 48 310 626
102 161 728
462 481
23 28 52 217 254
23 35 56 79 269 621 973
28 493 740 923
106 825
37 41 141 388 748 901
31 166
33 57 126 185 287 305 361 710
262 382
604 953
522 701
64 115 149 173 239 754 774
119 281 499
27 41 97 149 165 190 303 339 427 767
59 533
144 495 899
144 178 273 734 939
329 596 847
449 521
41 146 239 881 926
83 793
58 90 124 163 704
18 760 792
37 380
629 725 970
4 32 38 64 98 126 569
46 202 353
78 187 352 447 936
5 46 105 213 697
10 49 345 844
1 199 547 886
71 866 868 964
262 311 415
94 157 204 316
55 73 218 513
436 467 622
50 79 113 150 177 232 293 437 510 962
6 14 36 377 392 983
257 716
17 19 166 261 479 534 694 889 905
64 159 248 286 509 521
120 212
29 60 654
298 407 805
69 116
36 59 458 856
7 815
226 314 572 737 804 887 940
4 136 655
56 84 143 270 290 720 758 851 888
140 699
443 579
29 183 191
150 710
24 511 942
2 9 29 183 364 376 427 564
5 35 39 116 196 462
9 22 25 453
9 25 47 178 211 296 606
148 793
1 49 80 709 844
28 121 816
142 511
5 39 722
340 769
31 60 158 306 315 599
30 34 52 71 159 509 626
14 119
44 113 156 232 910
541 944
17 27 82 165 322 360
235 459
325 400
106 247
7 9 162 202 801 958
11 500 505 759 852
8 261 581
158 749
19 80 684 880
43 354
29 263 813
185 369
64 123 903
27 111 117 461
21 44 87 326 412 837
2 222 299 652
28 331
22 231 275
133 507 766
89 114 149 215 226 516
868 988
8 16 86 395
334 381 557
417 776 829 869
7 63 68 366 376 588 627 670 718 961
34 107 129
43 362 518
67 135 210 324 439
50 833
36 277 396
109 274 277 314 450 596
83 201 452 551 640 696
99 243 333 861 923 926 952
5 11 117 153 183 210 291 324 461 595
54 89 311 886 914
37 41 132 165 189 190 504 549 767
15 244 402
19 128 162 263 305 394 497 911
49 588 669
273 357 365
6 26
43 92 365 611
12 262
22 66 284 340 374 393 539 570 689
177 359 480 709
473 666 952 963
20 48
12 77 243 329 368 497 687 960
36 249 300 304 450 515 526 553 709
62 131 449 867 903
16 168 291 301 307 424 489 508
37 111 318 479 765
28 154 189 446
44 221 568 882
27 894
20 363 510
198 251
84 106 231 248 845
470 828
20 150 623
141 224
54 169 312 567
366 608 705 826
44 46 50 57 95 128 372 382 662 736
38 101 219 656 927
181 200 319 542 901
647 696 876
13 93 121
16 92 108 134 508
21 103 275 415 598 668
32 54 146 333 359 427 567 918 927
100 321 620 807 838 853
38 331
270 469
2 17 47 203 211 222 606 634 692
328 349
17 78 118 186 606 984
81 356 426 460 819
70 678
42 351
124 763
114 394 422 433 729 799 892
207 813
163 356 701
1 252 811
15 574 867
70 154 171 228 243 297 389 482
173 610
15 421 646
15 46 174
7 35 47 137 148 342 544 584 836
85 135 554 691
16 45 206 271 292 309 517 818
205 446 518 600 604 693 789
276 475 498
58 133
96 173 690
16 180
31 951
52 520
6 26 35 119 170 216 309 472 889 959
2 3 603
12 32 326 485
75 225 276 414 428 674 830 908
165 189 928
171 834
12 434 648
22 574 630 688
282 837
126 646
39 58 88 210 344 797 808 895
6 235 540 802
196 346 662
148 810 940
10 12 885
28 138 660
2 9
100 994
17 555
3 127 225 258 539 735 864 896
62 123 201
145 290
54 208 411
370 947
25 96 98 100 355 418 487
11 67 90
445 682
82 666
2 88
5 39
9 35 138 176
851 890
4 10 179 264 741 908 954 966 976
105 117 129 491 871 875
105 129
985 997
153 301 307
224 364
92 164 549 671
32 62 224 288 298 472 987
79 759 988
170 256 671 931
70 295 822
1 18 49 112 139 202 258 462 792 961
125 389
54 275
30 31 78 81 170 459 659 694 980
124 212 461 777 796
50 60 88 130 510 516 797 855
226 338 408
63 89 215 375
203 570
65 102 555 618 978
103 288
516 838
112 122 337 476 639 787
7 71 92 159 483 891
18 267 290 680
185 584 761 797
13 19 263
70 649
808 979
59 519
404 420
28 61 111 112 122 283 318 380 765
266 279
360 595
175 327
387 411
226 373 739
140 874
40 298 741
3 73 76 123 219 572 589 618
3 13 19 60 98 127 130 685 692 721
11 843 967
4 10
28 419 504 630
235 237 536
5 602
136 408
88 858
12 21 48 84 89 348 415 668 760 915
16 208
149 902
94 601
254 593
8 10 122 147 309 428 466 536 779 991
249 632 744
68 78 246 338 378
22 25 66
1 199 886
57 579 743 835
31 133 166 172 875 937
37 82 181 849
35 56 480 561 618
4 138 384 438 854 938
14 57 693 719
185 280
11 233
38 122
144 503
15 167 174 571
13 545
36 277 339 707 845 856 914
61 270 760 992
187 228 321 323 352 432 502 517 783 930
12 226 267 494 518 749 800
10 44 56 230 371 543 812 989
110 111 112 252 337 404 456 479
4 40 70 718
76 109 132 300 316 506
252 462 895
401 844
1 8
1 29 61
42 190
59 193
20 285 545
15 105 213 714 917
101 212
2 47
84 334 453 557
5 39 58 133 156 346 498
18 45 401 571
50 65 269 731
71 179 336 338 552
61 611 703
73 204 998
397 445
30 534
102 653
125 206 249 482
20 96 363
15 21 399
26 474 731
6 768
108 425 891
33 157 274 365 482 517 632 744
76 94 109 125 216 230 300 560
8 95 150
69 96 208 348
89 171 271 601 698
15 171 782
9 10 17 25 192 374 612 642 715
30 85 248 285 379 487 976
2 9 130 178 223
37 282
152 197 697
18 45
8 80 155 821
34 268
30 78 551
11 40 90 91 247 295 640 946
22 186 204
206 230 316 667 672
619 774 861
17 24 27 134 419 681
22 361 642 884
44 161 497 561 596 662
93 214 278 859
22 33 305 330 682
6 68 84 150 513 636 718 916 982
11 22 34 90 280 320 585 634 925
51 55 225 354 854
32 169 215 514 555
29 121 209 278 654 673
59 856
35 65 85 128 359
189 716 986
236 341 388
21 54 93 279 348 463 533 707
12 89 106
94 132 147 389 456 832 942
33 70
40 47
127 494 498 739 791 806
7 201 688 939
1 6 53 72 108 110 170 609 781
352 412 784
3 25 177 186 192 393 642 752
118 393
6 188
16 86 168 180 275 676 935
6 228 559
3 9 22 104 118 130 176 337 453 524
101 169 824
183 214
11 233 260 634 960
5 18 49 391 602 645 757
460 772
2 222 374
6 81 159
23 44 161 172 202 553 633 732
23 48 65 85 135 221 269 500 823
73 157
110 122
237 243 753
424 816
168 198
76 94 216 271 798
8 207 945
2 108 203 259 260 280 416 524 788
13 355 505
28 241 451
1 162 263 310 394 397 782
50 146 160 289 560 562 933 998
86 193 198 307 424 522
12 21 106 172 215 567 929
181 660
68 115 179
182 631
40 353 696 836
33 126 526 581 772 794 818 878 949
4 5 51 296 617
26 70 235 429 659 817 920
4 10 75 234 366 440 466 527 931
12 853
152 170 295 756
241 370
11 21 58 313 607 763
294 317 906 910
60 335 369
26 464
83 490
768 832
145 278 418
61 444 561 766
53 279 598
44 85
104 692
24 92 983
24 90 322 398 479 735
609 734
17 55 192 320 393 685 752
38 101 120 153 390 955
93 361 387 725 882 993
40 96 116
10 185 256 259 409 580
39 136 196
58 124 191
71 74 142 160 286 398 470 511
18 490 585
86 112 391 563 653 668 770 870
50 711
17 77 171 825
72 98 237 451 968
90 284 302 342 715
71 741
41 323
73 125 218 933
175 220 538 967
208 218 255 293 358 605 655
23 65 89 220 233 281 702 704 764
14 66 203 244 324 712 858
287 702
174 917
100 355
41 99
18 45 160
283 354 355 471 617 908
5 28 173 191 197 210 423 613
11 287 349 386 515 537 737 902
9 313 535
72 569 603 606
16 86 91 168 198 424 638
576 608
103 319 382 972 980 984
39 147 541
180 229 828
59 377
16 294
16 86 100 193 294 317 828 935 956
297 308 347 408 428 723 806 938
99 106 146 154 164 167 704 803 948
32 94 147 173 422 450 832
331 820
48 50 135 189 202 330 372 683 711
83 342 563
3 25 151
31 600 616 695 782
79 97 559
216 791
42 246 264 875
176 406 755 834
114 139 199
229 232 579
14 536 659 802
477 771
7 20 30 43 201 525 575 874
79 85 596 799 852 883
848 945
217 448 520
33 126 460
31 78 331 599
28 253 455 531 742
149 239 339
175 238 484 538 900
123 605
211 387
53 82 207 463 637 924
8 184 848
360 423 493 640
41 42
157 206 218 389 592 971
220 615 870
99 926
1 21 173 757
133 172 406 778
111 258 265 318 787 898 907
204 225 515 623 705
2 3 11 17 58 242 320 364 481 612
15 46 197 276
69 690
5 58 486 677 936
65 312
684 956
166 694
27 164
260 315
25 179 276
39 795
15 485
23 835
170 507
93 409 451
15 46
156 929
1 12 407 531 669
41 565 616
45 186
181 245 529 756 981
187 321 352 358 381 432 571
12 32 48 54 77 106 406 675 834 849
71 419 624
5 722 793 993
104 158 225 375 945
142 213 308 441 524 901
2 17 166
155 383
132 292
55 292 463
114 209 842 872
116 343
56 879
98 778
26 61 155 429 444 504 528 539 720 973
112 907
33 361 779 884 991
18 19 394
340 727
17 47 66 502
1 18
29 108 363 556 609 891
17 336
377 378
3 69 191 194 233 315 746
23 50 95 372
14 397 545 762 775 996
23 102 302 372 385 579
114 139
56 736
24 72 74 142 159 237 512 590 719 847
141 158 166 236 279 341 560 622 958
143 231
140 380
200 660 663 999
39 334 362 423 590 776 785
63 609
11 67 360 386 423
103 272 936
2 6 17 441
178 201
227 238 674 967
74 108 115 483 619 624 774 857
2 453
26 397
88 144 213 416 673
30 142 341 371 534 651 937
5 257 401 635 795 965
63 81 223 399 633
81 464
5 29 278 788
13 19 162 297
37 307 748
325 507 604 611 663 773
6 213 286 894
132 271
81 301 775
4 552
7 289
14 464 465 540
8 13 24 67 183 265 398 665
12 75 103 105 127 229 238 289 401 415
15 56 177 359 402 491 871
65 83 725
29 68 207 226 373 713 954
51 87 918
30 749
8 975
809 843 975 979
10 466 527
34 163 275 525 930
344 501 508
10 75 117 188 600 790 823 883
2 13 97 130 654 887
582 699
19 350 422
1 15 83 342 738 751 934
16 294 349 431 826
63 977
48 128 371 658 964 999
4 250 308 347 674 898
35 79 97 150 202 229 973
10 77 179
204 893
114 209
145 332 528
447 460 772
216 442 623 705 729
7 188 610
325 356 400
6 73 76 82 147 405 729 769 851
474 809
11 260
122 285 457 476
103 159 282 750 1000
308 594
254 455 587
48 97 135 168 234 652 730
258 405
1 49 257 282 529 981 985
223 363
148 473 588 738 771 892 897 922
9 43 68 71 615 624
24 25 104 118 161 299 842
164 313 411 421
36 56
39 324
8 873
140 273
154 948
193 530
86 107 371 399 628
85 118 915
5 757
184 261 264 443
10 40 72 136 373 414 475 703
128 538 742
2 69 70 91 524
36 59 519
62 123 131
3 75 259 700
93 565
37 53 141 200 272 382 492
585 669 771
75 104 127 200 234 539 573 582 885
52 107 217 249
9 138 251 817
287 467 708
296 644
2 25 61 827
42 99 154 215 410 597 928 970
41 57 105 152 197 213 402 430 572 957
12 54 70 218 311 567
43 44 120 297 325 574 972 995
31 78 472
762 805 931
35 52 56 61 94 176 257 268 358 618
413 932
36 59 519 628
15 32 106 131 153 159 172 182 313 474
12 32 109 172 412 514
115 158 236
23 35 65 113 812
37 41 52 256 381 385 440 602 625 997
46 91 129 197 402 430 572 591
20 375 962
281 384 578
20 23 48 95 371 500
1 49 160
37 141 156 181 314 410 531 548 614 837
84 381
33 62
16 558
3 47 130 224 242 481 915 984
10 103 272 542 576 631 745 847 972
