479 776
100 186
260 345
217 355 447 802
8 69 929
27 196 728
265 440
102 350
74 662 690
3 93 152 281 654
51 64 323 462 554 645
184 233
50 466 609 646
72 164 317 750
220 288
19 38 494 741 1000
105 112 123 164 317 584 634 967
13 40 47 229 445
9 86 185 243
241 500
170 304 744
20 82
20 269 829 875
228 444 732
22 434
64 661
12 34 504 803
500 803
6 324
12 55 236 672 726
216 270 360 591 696
38 418 459 557
130 367
9 23 79 152 200
82 101 109 771 831 931
332 861
346 391
48 268 517
127 137 159 818
22 41 124 359 454 850
5 39 263 807
284 700
7 20 26 572
135 620
552 830
57 476 720
739 761
89 498
47 93 759
56 92 193 448
57 70 271
81 258
6 12 21 142 637
30 322 589
32 577 934
65 556
520 928 936
12 13 133 209 339
36 75 205 223 233 532 948
154 494 657 818 902
212 850
15 40 115 293
242 950
83 488
47 454
51 65 528 790 878
23 107 417
67 708
242 363 436 587
67 255 267 358 484
248 286
160 364 628
671 868 955
69 102 218 444
17 21 35 95 310 337
31 160 751
25 35 110 144 297 892
27 428 611 656
24 120 501 802
11 180 209
108 994
6 8 32 225 800 843 933 985
14 650
109 559 880 990
36 149 391
8 23 125 153 200 891
47 595
6 259 308 390 440 974 978
9 23 93 112 143 245 584
40 100 508 874
10 18 22 50 76 478
6 91 101 236 447
140 516 912
102 312 605 691 746 903
39 110 127 154 303 385 470
25 84 114 220
25 214
4 73 89
76 80 119 346
197 302 578
316 366
110 137 368 977 985
63 210 386 531
19 675
82 99
24 37 115 193 576 758 832
238 325 667
36 43 172
400 997
25 49 79 114 272 352
121 443
3 41 259
179 250
165 408 419
74 988
10 35 90 354
56 134
157 261
10 150 270 931
10 53 602
43 81 244 280 496 745 822 926
25 288 995
107 205 260 317 435 786
149 463
39 704
79 976
17 21 44 377 544 663
25 90 189 214 579 618
741 830
29 94 322 459 491 635 937
356 812 965
5 454 784
70 202 496
17 722
41 98 99 132 133
77 199
77 100 467 532 580 714 817
60 816
548 576 598 978
5 198 850
206 397
42 140 191 297 681 801
28 122 446
111 549 674
267 774
32 411
8 304 364 424 472 577 879
38 108 207 455 576 748
36 856
71 177 185 187 258
68 203 239 487
191 338
76 82 86 104 160 526 680
51 713
14 58 73 118 298
405 406 896
52 342
26 134 849 942
58 161 174 198 296 731 806 917 952
23 109 423
58 309 370 742
212 420 882
581 669 987
38 108 326
509 709 930
451 555 561
2 964
91 143 260
24 327 395 512 910 958
12 866
374 872 936
174 188
74 122
14 42 50 73 119 213 220
62 905
431 787
15 26 284
7 185 311 987
20 120 835
136 999
94 385 572
208 613
258 394 555 694
10 73 82
114 263 272 935
10 208 217 293
53 569
493 573 813
50 60 78 169 391 398 521 569 984
59 297 526 606 609 653
86 189 267 358 757 857
71 101 116 303 550
10 30 179
1 11 71 116 581
28 158 439
149 294 343 431
19 34
40 54 363 485 723 817
106 475 566 763 885
172 266 701 770
72 870 938
102 678
56 463 503
81 364 886 930
34 457
97 215 460 649 785
36 636
7 12 58 322 946
1 71 127 450 572
185 355 471 542
31 246 508
111 178
23 626
73 394 409 518
18 235
6 704
6 441 635
9 91 107 163 608
240 882
24 37 465 564 654
65 66 68
54 644
42 769
8 106 845
234 437
156 253 438 727 837
6 11 129 146 324 359 596
16 49
77 122 186 278
119 629
19 295 482 489 521
155 631 858 949
9 19 103 109 425 768
25 138 165 692
19 27 983
43 64
114 353 714
58 283
62 98 104 155 437
54 990
76 137 275 378 384 431 636 698 770
17 48 348 522 672
139 893
10 564 926
28 96 105 195 365 545 846
286 602 736 957
116 155 818
329 884
96 129 134 184 201 289 383 959
8 61 334 586
155 305
54 138 336 379
847 880 1000
80 354 436
215 533 712
22 78 146 514
10 87 138 201 401
12 27 34 137 222 226 479 587 771
110 151 467 505
24 117 898
161 854
21 40 68 170 178 183 296 573
20 44 224 497 985
72 319 493 753
224 473 566
8 407
141 449
15 28
145 401
89 477 734
66 704 788 918
90 329 568
7 380 382 388 977
3 28 41 851
107 129 383 568 690 902
616 865 963
163 750 931
28 80 134 540
5 227 571 859
19 141 735
35 452
13 143 821
11 15 73
127 145
398 952
337 592
73 166 169 381 534 756
7 62 95 481 914
326 933
38 62 230 290
225 310 414
46 156 918
582 665
51 64 223 645
39 281
1 23 55
237 366 378
235 332 574 687
73 734
1 217 464 832
510 670 781 796 813 968
15 28 127 134 218 231 277 620 925
268 362 442
5 26 262 629
242 270 487 829
121 172
21 592
320 370 797
20 85 180 270 388 640
74 208 852
40 77 100 158
28 947
229 510
41 458 980
84 348
193 804
36 906 983
177 354
46 347 352 838
412 937
698 749
5 254 262 474 754 939
94 402 538 669
186 702
41 185 318 668 876
51 223
32 469
5 151
7 68
16 170
90 181 808
6 41 480 612
19 164 808
27 59 148 497 594
175 347
13 37
7 16 49 326 330 374 418 464 619
2 44 55 221 300 672
17 72 875
88 103
120 204 273 392
48 153
175 625
9 29 177 194 983
169 688
93 152
22 959
380 553
2 221
139 557 861
505 714
122 942
195 689
2 546
25 90 288 352 524 588 981
216 814
2 44 545
146 219 296 549
52 139 161 178 239 773
12 241 513
23 227 461 479 501
169 695
93 109 205 847
188 307
30 139 421 976
8 17 25 61 125 310 452
98 599 624
190 265
23 147
2 159 309 330 864
72 93 480 641 724 887
3 8 249 489 608 920
1 550
214 524
107 109
28 231 468 891
27 70 351
2 85 167 292 369 515 545 877
38 196 207
243 926
246 307
243 592 595 826
15 92 191 528 766
491 840
177 197 408
32 171 318 417 692 712
3 527 767
67 153 282 766
188 562
85 171 388 534 964
91 286 627 683 687 881 917
17 88 150 507
192 259 922
154 173
337 544
86 190 192 362 376
15 74 208 241 446 625 925
7 19 172 276 363 429 642 843
51 75 343
62 287 711
16 45 116 824
28 284 468 474 613 663
258 327
75 304 400 997
65 556 933 962
27 204 506 539 829 943
85 771
399 410
84 855
88 274 411 577 747
383 527
403 541 795 895
48 79 381
48 346 403
123 689
6 91 93 481 809
35 138 869 927 972
419 965
23 72 137 671 772
395 558
781 838
7 404 655
478 823
35 61 69 407
48 461
648 751 787 883
49 203 601 653
228 394
134 231 253 884
102 214 438 525
4 38 60 80 267 357 705
12 167 292 725
45 53 721
14 271 742
1 24 145 146 401 605 791
30 42 716
18 197 582 765 989
12 168 236 675 803 975
204 350 525 706
169 192 842 910
13 146 217 320 324 384 392
43 715
392 960
97 661
2 546 643
406 920
380 666 682
23 486
161 998
93 540
56 74 212 551 563
3 8 36 53 259 455
6 7 148 311 349
37 490
40 104 187 571
397 902
131 273 357 525 727
17 156 305 711 887
36 266
177 439
37 539 913
356 477
67 153 173 299 632 647 857
61 147 224 688 896
53 61 149 820
540 543
69 475
18 367
1 5 50 104 151 254 401 858
72 112 406 732 923
117 381 782
263 272 781
54 549
2 31 108 133 188 541 852
11 252
762 821
9 72 202 245 417 584 967
13 339
247 253 355 513
390 697 860
53 180 472 498
68 311
67 69 131 168 173
54 176 865 889
85 400
14 63 141 291 676
276 387
126 556
60 402
25 32 214 329 376 490 579 679
9 23 190 423 632 835 919
8 69
92 490
228 269
3 987
66 230 568
118 177 192 375 387 517 772
60 80 137 237 384 636
233 854
2 30 79 89 789
13 84 93 182 208 215 247 352 486
42 56 283 395 430 524 543 836 870
70 122 128 282 501 640
16 891
2 15 21 34 80 107 747
353 441
402 861
24 33 35 166 220 255 426 719
57 168
158 805 967
17 159 372
388 982
29 60 77 292
78 374
61 139 167 225 227 408 860
245 583 723
1 39 71 101 116 174
33 63 283 362 416 921
115 249
25 35 61 535 916
22 258
228 377
10 226
47 335
158 186
32 92 290 411 608
2 138 175 1000
30 239 511 542 755 812
83 868
136 184 413 620 706
13 24 209
14 29 33 308 320 422 457 536 722
108 111 537
62 157 287
26 181
10 20 96 719
9 21 38 59
43 64 323 328 544 715 792
65 528 962
148 257
5 31
42 81 107 280 338 897 912
124 330
139 206 246 998
15 100
207 459 919
8 32
133 138 281 344 597 788
18 197
277 655
7 183 200
366 420
26 503 735 827 834
92 285 407
195 264
553 664 686
6 31 565
195 945
384 624
8 95 353
20 87 640
78 136
43 864
18 606
9 11 19 31 176 247 265 707 851
47 52 233 522 652
22 66 649 788
1 106 116 225
281 318
29 78 141 308
30 60 179 915
155 409
639 833
18 50 382 462 554
4 73 331 519
47 932
18 235 387 648
335 488 722
97 316 485 737 739 947 973
100 269 278 293 873
402 827
73 697
61 619 689
19 36 37 46 131 191 228 961
12 594
168 484 802
421 755
19 105 126 218 621 817 971
511 652 741
1 35 207 531 702 846 970
129 218
159 290 471
451 775 869
363 916
43 182
148 792
36 65 119 343 384
14 25 176 188 356 398 768 982
291 668
124 340
79 381 498 519
289 618
454 900
10 87 705
45 132 184 463 491 614
160 246
34 227 820
298 897
339 752
41 518
143 158 163 249 371 432
36 88 360 579 715 794
33 63 260 686
18 64 97 631
14 40 499
419 652 830
557 583 752 786 796
1 101
62 794
824 992
502 896
15 737
80 396 590
289 614
20 251 275 373
504 961
121 163 644
51 97 202 351 717
41 50 439 495 553 555 677 994
130 659
32 46
4 38 108 193 207 403 895
59 178 236
28 204
12 16 27 117 119 809 862 922
366 716
1 255 285 573
130 578
194 386 469 537
6 29 198 844
48 92
24 312 502 551
25 75 458
11 218 277 596
50 526 530 622 699
9 432 917
109 245 539 634
48 265 529
21 94 167 377
368 801
700 843
161 522 819
35 632
113 123 148 204 873
29 319 435
2 122 679 753 989
114 249
44 810
58 412 984
45 314
55 286 964
9 18 130
31 565
37 905
461 767
126 570 612 973
226 828
42 140 240 344 585 912
33 281 318 321 449 538 825 966 979
6 11 84 234 426 627
153 267
85 777
33 62 86 143 163 164 736 740 897
238 535 748 888
13 17 58 74 570
120 226 699
17 23 35 67 89 90 189 255 509
114 594 886
5 24 125 145
26 28
175 568
140 849
42 113 128 200
2 8 290 325 372
20 87
10 854
83 664 703
81 105 108 289 665 930
54 811
182 302
56 135 445 567 662
295 391 657
2 167 725
49 120
292 637
183 350 389
15 65 284
168 295
288 531
106 331 839
181 947
248 647
157 222
342 589
72 91 123 205 264
22 121 232 261 377 433
99 541 733
385 853
15 413
49 574 806
5 104 680
8 34 183 591
4 8 21 202 237 269 900
34 84 145 173 179 343 493 645 685
2 289
113 140 327 470
74 202 459
3 47 767
58 194 427
17 110 144 274 304 325 368 980
201 342 399
70 182 792 804 892
11 256
21 34
198 894
13 262 506 838
7 799
8 957
37 118 133 733
38 57 112 418 782
132 373 719
205 234
107 169 344 385 456 647
3 56
1 243 262
11 371
350 605
1 8 74 92 576
33 192 196 359
364 855
102 560 706
51 187 554
32 212
129 785 938
221 546
5 37 44 67 346
28 112 113 264 574 666 981
3 41 185 279 371 595 874
24 558 599
18 197 333
18 49 148 170 179 367 537
21 953
18 256 361 494 630 839
273 432 969
33 190 387 844 937
68 84 109 237 483
16 53 83 793
2 725
55 94
651 791
12 497 811 820
115 482
11 249 451 785
139 239
71 155 385 560
199 265 756
396 740
24 220 623 929 944
47 86
63 895
13 98
14 317 342
17 88 103 125
46 66 230 315 353 441
69 225 760
332 407 512
44 489
341 796
45 657
28 57 341 523
302 386 458 921
13 319 325
48 69 665 934
68 429 807
323 745
1 96 321 544
75 216 255 267 282 315 448 884
189 238
42 45 358
560 780
46 357
54 559 616
20 729
171 446
159 250 507 656
32 76 470 473 684
46 239 270 683
17 20 298
207 303
70 687
31 160 206 246 508 814
159 219
7 311 497 589 929
85 251
14 29
37 47 177 361 816
3 223 230 292 453 495
52 75 449
1 33 966
273 655
175 272 535
4 39 764 880
16 78 121 340 777
21 600 744
53 363 569
23 164
401 447 791 901 968
102 465
145 369 949
41 513 674 907 956
39 71
732 965
112 123 779 887
126 180 195 538
10 45 59 296
193 760
744 806
92 507 581
601 618
924 986
176 530
132 613
50 130 765
33 294 604
10 27 53 415 436 573 842
87 96
127 581 951 971
112 290 313 362 709 819
100 480
9 25 48 121
374 559
42 743 758 876
53 472 721
468 566
47 165
6 186 529
14 21 32 250
242 515
6 25 43 71 241 535 833 868 986
243 338 492 841
13 506
151 262
17 70 154 178 182 323 894 982
306 590
121 149 321
31 404 405 464 574
580 872
20 378 389 398 821 860
5 144 213 254 301 427 453 553
10 45
40 94 101 142 300 668 909
22 64 126 155 160 452 577 710
7 16 203
40 278
50 673
43 60 108 168 340 411 945
12 19 172 236 575 656 911 927 952
254 994
390 461 623 871
506 654
61 88
85 270
78 81 136 279 410
76 119 222 890 920
31 481
34 809 911
9 26 68 105 107 264 492 786
4 43 64 475
11 162 203 217 277 369 403 855 935
146 215 434 730
141 291
263 329
21 778
148 178 203
39 115 958
176 878 889
1 71
63 199 206 234 509 551 877 938
7 59 87 348
29 518 693
28 29 118 190 256 283
78 136 219
25 524
10 32 92 433 642
564 685
64 204 588 950
94 145 478 746
344 585
63 70
248 349 634
77 483
36 80 149 306 397 431
13 16 257
95 125 224 290 502 642 825 986
564 906 910
231 533 644
104 258
140 889
3 12 19 68 482 638 911
98 612
174 550
128 460
124 415
30 123 358
160 604
24 340
10 184 569
99 209
15 25 52 54
112 193 260 319 425 492 602
14 42 308 386 512
197 373 899
34 126 783 924 976
18 282 298
21 95 773 996
63 713
226 924
4 16 48 199 313 541 795
44 292 547 686
1 878
71 149 334 557
40 42 191 293
113 243 338
1 39 87 305 312 904
114 238 629 981
495 899
91 200 639
134 171 253 563
75 173
46 66
44 428 749 877
85 98 133 430
86 142 205
74 413 463 471
50 104 360
211 975
396 712
19 27 117 611
60 346
15 82
280 546
3 287 919
4 35 89 607 695 697
3 763
354 674
12 34
55 138 743 798 837
101 215 232 273 330 347 422 498 565
143 862
15 56 182 241 570 696
33 118 210 271 302 517
123 332
376 549
137 275
204 438
105 417 633
3 41 279
69 115 815
12 41 70 617 639
176 379 447 757 993
191 873
125 159 274 469
120 597
13 71 155
196 276 603 676 766
59 404
128 331
166 810
95 586
24 37 488
16 37 142 589
21 914 989
49 59 307 477 599 611 797
28 988
9 789 862 944 945
15 56 135 208 764 846
15 181 445 561 698 762 776 834
235 245
31 70
86 261 823
9 39 57 131 626
6 33 57 118 382 603
63 99 144 319 835 904
143 185 993
2 10 132 251 383 908
81 103 132 693
8 29 42 65 116 133 872
90 222 416
46 113
181 312 357
287 291
3 7 186 848
10 18 26 122 181 505 625
17 66
63 147 381 810
1 16 49 111 116 940
20 47 115 118 174 195 198 412
13 26 122 367 659
22 514
5 6
5 219
169 708
70 717
15 214 266 520
19 718 811
9 23 107 423 789 996
22 136 328 443 566 730 888
13 99 115 209 310 336 617 709
58 231
222 548 992
119 456
221 286 323 337
211 450
127 774
78 215 219 263 268 399 422 533
626 768
69 183 224 257 405 718 815 879 934
2 21 30 58 409 800
52 724
156 543 999
157 229
39 55 414
31 64 196 449 997
142 405
124 347 703 793
105 969
274 285 502 643
8 35 285
26 135 211
58 81 671 694
39 106 210 250 334 883
59 94 337 345 420
38 52 82
12 134 164 392
4 667
152 350 691
17 39 49 901 903
150 256 428
196 397
62 143 229
6 38 88 138 231 306 940
253 424 827
77 278
22 78 992
8 30 33 118 505 946
46 353
14 22 123 389 845 925 995
20 269
15 171 211 445
205 217 251 276 326 942 966
88 128 287 460 836
44 637
130 220 418 643
156 348 426 455
35 106
18 214 659 664 988
39 49 154 184 376 472 533 584
6 18 31 124 514 984 999
37 133 430 532 968
30 540
3 828 851
54 176
468 473 747
4 658
177 276 365 375 439 707
26 40 159 227 751
77 215 543 740 749
109 693
583 773
333 669
38 548
1 101 162
29 245 264 309 593
128 738
4 241 561
39 101 162 217 229 305 409 560
4 79 416 582 731
67 153 282
105 745
99 125 151 187 289 558
4 9 440 731
39 70 144 224 225 297
124 244
3 301
357 678 727
36 701
65 570
274 372 631 650 726
188 481 628
1 39
28 79 103 424
31 43 44 536 890 916
170 650
18 130
100 393 466
36 76 294 389 845
19 46
252 495
174 303 684
5 151 673
2 37 120 375 402 754
7 111 199 775
2 44 300
27 34
11 174 753
3 259
176 467
10 20 150 373
30 179
266 275 391
73 720 734
520 874 908
50 213
48 941
13 99
452 558 685 953
158 483 702
7 111 393 619
2 44 52 276 361
164 476 610 755
10 45 96 597 614
59 68 142
66 368
52 239
131 442
10 163
10 85 491 520 875
25 190 825
4 403
5 213 466
9 135 198 294 630 730 848
167 314 769
13 30 37 98 115 209 453 532 853
38 455
81 93 185 585
192 318 841 899
111 537
51 182
33 210
136 396
9 91 174 833
7 46
359 450 941
5 113 508
36 48 294 609 890
26 87 443
175 220
65 598
54 104
3 14 91 510
14 29 106 196 320 354 512 954
121 393
726 927
63 67 422 457
131 216 894
17 473
77 89
55 167 300 615 914
26 355 717
120 226 400
114 679
191 221 338 394 729
229 306
21 375 408 641 707 752
302 365 682 928
389 425 683
419 542 812
55 56 596
362 603
244 948
42 327
396 713
211 856
26 175 355 567
499 579
33 167
57 761
117 808
22 261 399 823
179 375
17 476 956
9 12 867
27 790 961
13 53 60 76 130 974
6 212 739 782
88 109 552 881
30 356 421 542 915
14 582
5 50 224 822
326 940
382 518
153 400 857
160 814
244 341 387 638
16 71 183
108 207
361 496
55 104 653 770
223 255 710
442 503
14 154 397 787
8 144 334
9 529
31 152 166 885
56 127 168 189 277 779 801
280 470 681
140 218 394 839
273 904
27 48 935
24 906
116 189
28 56 172 500 561 778
171 513 764
16 49 111 257 807
2 100
56 161 972
64 97 169
5 129 369 775
46 635
13 336 339 953
507 563
84 262 360
4 30 356 888
29 186
156 279
335 759
22 131
22 216 328 360 478
95 304
27 34 638 728
175 990
6 284 333
52 386 511 954
38 150 437
6 110 607
1 951
3 5
23 539
22 399 757
1 460 998
7 23 44 100 252 567
20 184 269 587
333 724
103 551 793 815
146 410
66 649
88 247 372 516 555
94 349 373 866
92 110 144 325 372 485
83 124 380 705 826
132 797
38 170
65 973
12 238 288
135 283 433
94 173 216
67 120 367 673 742 969
60 80 119 266 343 366 743 816
77 141 313 378 578 694
382 909
483 883
104 250 301
443 500
474 859
97 248 462 496
27 556
76 429
16 21 49 59 316 552 601 923
1 7 52
378 398 456
114 329 499
170 923
2 70 78 406 425 554
95 424 490
4 61 156 219 328
86 105 881 996
299 571
57 198 212 234 324 763 871
16 18 19 23 99 504 519 586
3 341
12 221 370 660 844
11 47 203 462 913
61 163 166 733
25 90
29 278 315 465
35 110
34 53 58 437 648 735 799
248 358
126 970
16 60 112
13 92 99 222 646 738
517 736
140 240 280 516 882
26 52 134 147 194 213
6 676
76 209 210 575 871
316 604
22 374
60 301 306
31 206 232 562 886 939 955
165 335 932
33 154
26 442 578 633
145 162 420
40 66 118 201 210 236 253 293
51 62 157 263 328 464 511
429 456
2 44 547 615 837
11 218
3 458 779 876
47 86 112
67 484
252 956
18 83 94 162 201 414
651 695
248 610
71 298 404 858
4 9 23 30 93 147 163 332 949
314 660 777
24 395
6 26 57
88 144
2 3 90 110 147 282 368 444 489
1 74 696
90 588
11 84
12 34 922
13 617 795
76 974
153 448
32 106
7 183 316
295 521
79 199 523 893
30 477
77 106
29 54 165
137 716
24 430 853 905
31 206 307 364 565
46 230
798 840
82 842
5 9 11 62 219 271 322 494
9 59 503 918 957 980
66 259 315 944
179 190 359
3 15 26 69 110 211 471 822
139 342
80 119 575 754
14 63
45 83 102 232 264 299
54 692
11 49 162 254 275 441 525 633 783
427 457
108 487 548 750 978
29 256 370
20 53 89 150 166 708 780 950
91 183 867
8 54 138 466 530 963
260 913
84 129 348
5 223
4 61 393 623 662 798
33 58 365
27 943
317 351
19 23 291 879
12 19 34 117 521 943
102 585
5 213 257 526
78 256 993
11 426
43 51 519 591 651
438 898
16 907
4 331 523
21 538
57 193 598 863
11 22 84 235 252 428 527 627
37 98
18 361
630 928
45 991
621 794
303 305 774
4 23 131 610
10 96 147 178 299 433 586 677
14 291
101 479
29 63 370
40 480 700
4 146
42 240
83 87
14 58 194 412 531 729 841
96 527 971
30 182 453
13 37 98
103 105 250 334
152 898
103 125
52 75 164 272 688 765
246 509
12 504
200 345 593
103 279 280
65 68 69 484 572 600 658
21 45 475
208 571
63 251 410
117 932
129 451
310 790 954
301 580
72 123 345
31 206 233
202 223
87 128 150 201 710 784 813 908
75 168
31 371 593
44 55 97 221 300 972
117 295 866
129 157
194 210 351
45 72 197 285 347 762
62 157 836
380 666
201 242 658
151 299
75 718
45 80 314
172 330 590
8 17 615
271 909
235 415
20 45 87 180 251 309 312
41 59
46 769
127 162 959
11 122 181
141 162 515
2 55 64 351
29 33 907 979
227 528 805 962
390 958
567 748
7 14 16 27 244 515
51 863
83 826
20 130 173 266 272 721
81 681
1 684
64 97
45 74 82 132 388 444 831
19 27 135
36 57 60 76 82 552 832
281 376
414 465 691
446 847
232 240 514 536
47 165 335 900
3 98
11 759
1 7 55 85 132
40 187
249 870
501 960
6 57 212 234 772 863
189 313 760
15 57 149
840 975
128 222 287 510 738 991
16 111 859
52 161
192 423
315 435
32 34 61 113 247 285 728
40 113 158 646
279 545 616 622 834
26 211 344 776 778
36 240 405 590 804
80 137 237 670
16 59
4 43 51 126 294 864
52 233 434 522 819
32 530
8 35 79 136 288 421 682 901
3 72 213 275 432 516 641 955
20 180
7 199 390 476 667 783
51 238 274 979
64 307 562 628
67 75 131 448
379 559
62 128 157 621 711
24 339
369 869
67 75
77 186 187
14 33 154 228 244 283 349 723
42 81
102 165 622
86 152
2 41 151 252 268 941
24 336
147 195
16 68 90 95 296 948
9 66 96 575 761
4 97 756
379 963
15 284
6 18 43 125 142 311 324 336 365
32 36
17 32 247 800 856
141 271
327 474 939
11 53 150 184 308 450 587 831 867
38 277
5 606
5 8 35 61 828
1 4 11 371 624
40 268
286 492
27 670
89 158 187 278 293
580 936
180 314
690 737
73 166 242 607 720
50 161
194 309 995
2 81 89 486 493 547 678 960
180 377 392 600 699
4 79 124 166 440 529 893
393 536
25 313 352 499 588
48 79 265 523 534
41 66 156 321 824
95 181 257 345 661
15 43 46 170 230 675 701 865 892
19 117
136 746
14 237 427
53 171 203 268 550 663 799 921
152 200
35 106 469 486 849 885 951
188 852
17 563 946
83 340 488 677
22 89 261 322 331 534 660 780 805
69 142 148 178 297 485 487
22 121 232 261 321 434
4 32 65 320 416
5 254 333 383 680
30 915
82 96 413 415 436
165 903
50 51 562
173 216
43 202
62 991
17 103 977
126 591 970
68 349
24 395 784
91 435 583
55 379 547
56 135
135 171
28 133 172 467
83 703
7 49 111 404 482 848
341 758
