9
19
28
7
17
29
6
2
3
4
18
11
13
1
5
6
2
32
11
4
30
10
3
13
14
5
11
5
1
31
22
2
1
11
2
8
13
20
9
21
28
12
15
19
4
35
34
7
6
17
15
26
4
24
19
5
29
1
6
8
2
25
1
15
36
35
16
6
2
15
9
3
7
5
16
8
21
10
7
8
12
4
27
18
4
3
4
2
7
14
3
2
3
30
2
4
15
13
13
21
9
23
2
17
3
2
3
20
3
2
6
3
12
14
13
9
11
1
8
33
10
5
3
27
2
36
9
25
18
32
16
4
13
5
5
10
8
24
26
12
1
6
3
2
9
10
3
6
8
4
17
3
16
1
9
10
25
21
2
22
26
9
3
3
34
7
19
16
7
6
5
8
16
9
14
24
1
6
31
4
5
15
6
4
28
21
21
22
14
1
12
1
20
1
3
1
32
29
7
3
4
15
6
23
3
22
20
5
13
1
5
29
17
14
10
16
9
18
10
14
19
25
15
2
2
33
33
4
25
35
5
10
26
29
32
11
8
14
26
12
5
4
12
6
3
22
2
16
18
2
4
1
5
17
16
1
6
12
28
3
10
17
14
3
7
8
16
1
4
4
1
14
23
2
8
1
18
21
28
12
1
16
1
5
2
3
25
14
4
2
1
19
21
8
11
6
2
1
17
19
17
1
9
2
9
8
22
1
1
2
6
23
14
4
35
6
3
1
3
1
10
6
15
29
2
20
12
10
14
6
7
3
30
2
34
13
30
12
13
27
20
26
8
12
3
8
14
18
6
23
15
14
35
1
5
31
23
16
1
17
32
1
4
22
1
8
32
2
18
1
18
2
4
20
1
1
30
8
24
27
7
1
4
8
9
1
1
4
8
7
8
33
10
12
13
10
1
8
10
16
9
30
7
6
6
3
2
1
9
10
2
1
5
9
4
7
3
20
31
30
31
1
3
2
3
18
1
11
6
13
8
3
10
10
3
4
29
23
1
7
35
5
10
4
5
5
9
16
1
4
18
2
31
34
20
8
1
28
20
25
7
15
5
6
23
17
8
5
2
12
5
4
2
17
2
7
31
10
33
21
22
11
21
16
2
3
6
27
11
2
4
3
3
1
1
15
6
7
14
5
33
2
5
11
5
13
2
22
22
25
26
1
5
10
19
12
1
1
7
4
11
26
7
14
23
17
4
36
7
24
1
13
10
7
14
10
6
30
3
3
13
31
10
30
19
19
19
20
24
9
2
6
27
15
12
36
34
13
24
9
5
22
5
13
22
2
5
14
4
36
17
9
4
6
8
20
2
32
14
21
9
2
3
3
12
2
4
14
6
8
7
30
3
11
34
18
33
20
13
30
6
3
1
6
23
17
7
2
17
16
11
36
5
4
19
24
13
4
6
5
25
34
14
9
5
3
18
22
17
1
9
16
32
3
35
8
19
11
3
4
3
2
19
10
15
17
16
1
35
6
7
26
6
13
18
11
4
7
32
4
15
5
30
27
2
27
7
1
30
11
12
19
17
25
11
1
27
23
14
17
12
27
3
9
13
19
15
7
3
5
23
24
3
12
7
5
7
8
33
2
8
21
27
35
4
23
1
7
13
15
25
10
15
5
15
8
15
11
4
7
4
2
21
26
19
11
23
12
1
10
7
4
13
7
1
3
5
25
29
10
6
1
8
6
15
9
2
14
10
20
1
1
3
8
31
7
16
20
34
2
29
8
2
5
32
1
28
3
12
8
4
1
3
9
18
5
4
5
3
7
14
29
11
13
18
3
1
35
3
15
9
15
27
25
7
20
4
12
6
2
2
9
11
20
7
6
6
11
11
28
11
31
4
22
2
8
21
1
26
11
8
5
10
28
1
27
5
28
4
6
4
29
10
5
3
25
19
14
32
12
1
4
2
1
8
5
24
6
5
29
28
22
13
26
18
2
16
9
17
7
3
3
29
15
24
11
4
27
18
18
7
21
12
34
4
28
19
36
2
24
3
12
21
5
2
22
3
14
24
8
10
2
7
16
1
2
3
23
1
34
9
1
9
23
13
13
1
4
1
13
11
12
3
2
31
4
3
35
1
4
1
11
6
33
5
12
11
1
14
22
4
34
2
2
9
21
1
18
12
20
7
5
11
3
3
2
5
6
9
4
9
8
13
1
12
1
2
13
9
33
11
36
24
19
31
1
3
13
3
36
9
26
36
8
12
26
2
20
1
2
14
15
11
1
2
33
28
5
2
24
25
10
28
17
14
3
16
26
10
24
