17 110
178 183
22 215 393
3 6 259
47 420 874
102 350
70 440
309 851 930
7 68 100 134 158 662
111 197 235 577 578 839 936
25 56 679 981
171 247 927
68 164 166 370 657
220 288
15 231 241 284 563
161 239 511 652 819
39 72 901
309 362 676 979
48 49 59 111 183 188 330 349 574 653
280 394
163 312 350 353 525 689 765 897
6 57 212 234 416 817
4 169 265 390 534 731 780
49 177 178 321 487 601
20 87 96 270 527 640 721 771 797
3 179 477
549 559
22 67 121 146 399 448
42 81 233 387 671
60 80 343 754
49 62 148 244 405 744 836
24 374 758
10 78 560
21 135 188 677 803 906
38 207
357 678
165 491 920
84 144 230 353 704 788
485 933
12 27 482 820
74 284
11 89 131 348 869
18 367 506 578
51 83
8 551 873
76 210 266 275 722
535 888
10 154 488 520 567
56 89 171
63 177 190 196 386 818
46 66 315 420 723 788 918
26 27 433 727 782
43 97 129 191 334 655 938
50 183 276 429 799
28 31 79 102 123 204 326 662 722
129 371
143 423
186 293 365 936
16 49 111 142
342 972
3 40 41 77 158
35 61 92 110 193 576 747
6 46 118 131 944
36 611 754
83 488
4 58 102 162 956 984
58 135 171 196 387 825
9 112 265 269 348 602 614 736 911
23 65 319 849 970 973
4 116 427 512 720
32 136 156 215 410
70 81 517 781
39 74 101 135 149 371 775 791 870 971
19 66 94 504 594 635 809
9 32 91 93 161 195 366 754 967
18 49 130 316 659
93 205 223 768
1 90 189 214 263 347 579 774 858
32 106 274 290 980
60 571 673 719 770
31 852
20 363
36 80 137 306 481 575 867
32 385 951
4 45 141 150 194 252 362 386 787
20 146 257 272 624 633
480 580 641
12 19 34
248 255 400 500
3 347 987
11 85 96 185 259 493 876
57 69 290 582 722 934
17 23 109 225 469
19 27
21 162 447 544
25 552
85 707
105 233
5 227 297 525 671
85 206
19 63 73 99 126 443
74 139 556 594 813 955
121 226 479 597 699 841 960
13 99 910 968
236 866 922 927
4 48 199 529 688 734
34 147 236 256 299 504 675 718 726 808
8 47 313 557 679 761
11 218 249 277 348 473
380 868
28 264 346 355 626 864
177 291 309 382 422 648 864
106 361 473 747 914 977
179 454
122 563
32 75 472 586 786 896
91 109 123 559 865 945
16 22 296 992
13 37 133 336
172 182 496 717 914
220 834
6 75 280 361 778 985
22 78 410 433 613 714 749 833 885
65 556 973
311 840 983
72 593 835 881
84 277 451 627 938
409 949
145 746 971
50 60 185 299 529 545
19 357 521
261 514
128 287 510 567 794
1 3 174 185 767
5 104 260 396 446 470 474 931
62 136 234 422 863
205 286
105 171 253 346 431 462 729 947
69 92 438
101 305 391 447
90 535
47 900
13 564
1 162 401
2 55 167 547 882
6 25 85 114 140
122 764 988
50 537 830
14 190
131 168 400
32 88 125 892
682 826
3 91 138 161 185 279 724 810
172 297 398
5 360 763
58 71 192 226 227 255 392 588 680
487 537
11 84 134 211 369 426 746
15 181 355 446
120 227
15 31 471 612
253 764
78 261 396 399
202 709
10 34 217 222 243 811
7 33 177
42 54 138 847
176 312 691 880
105 492
101 329 404 494 598 915 965
31 47 112 377 882
26 28 103 161 998
29 194
21 52 103 439 998
7 16 59 552
17 45 113 180 201 289 436 618
7 49 59
8 17 374 576
54 616 889
56 65 86 90 245 284 425 528 563 570
596 655
41 995
58 77 158 298 948
21 189 298 377 624
29 32 43 935
12 291
19 34
6 57 198 637
258 342
1 45 116 162 180 183 238
319 326 494 750 940 978
7 322
2 104
110 572 636
43 64 202 350 554 661 685 715 982
62 385 392 456 498 531 568 625 975
355 442 463 500
60 90 153 352 568 929 931
5 28 95
56 208 625
38 108 374 598 804
27 43
172 275 384 389 762
61 224 385 452 748 843 860 938 946
2 126
213 859
163 345 602 711 917 969
50 474 609 680
276 308 427 937
17 125 285 892
209 499 524
7 11 20 129 874 932 972
71 127 414
2 292 686
9 57 59 105 131 289 318 462 518
827 925
68 148 203 329 404
38 193 207 548 978
84 369 456 655
43 64
79 619
445 471
274 507
58 71 401 447 572 859
61 308 511 817
46 230 441
45 124
141 309 707
57 194 210
86 286
43 51 97 223 224 457 462 715
57 198 850
107 120 457
12 28 55 56 74 154 341 561 778
14 33 103 118 154 177 439 787 981
52 168 757
17 32 368 946
67 164 443 634 683
48 58 476 684 751
10 50 90 108 141 151 305 466 526 837
2 239 643
4 79 164 695 697 756 821 871 941
161 854
111 172 424 698
266 406 822
53 777
22 75 78 102 204 261 410
18 130 197 367 633
35 103 224
10 13 270 491
93 112 200 345 626 773 789 835
16 555 650 830
422 966
144 933
77 100 186 187 293
162 174 631
27 52 214 313 574 693 958
7 40 142 244 537 725 876 987
71 120 227 305 318
28 50 74 120 392 846
101 162 572
407 879
65 69 154 403 490
4 28 428 476 505 822
1 81 140 903
95 892
290 946
46 55 66
38 193 700
246 296
25 29 87 198 279 367 380 719
265 381 651
9 145 334 496
219 232 345
137 575
489 611 656 718 983
16 33 48 128 130 512 591
192 262 281 283 318
46 66 201 230
63 675 726 820 927
244 349
102 357
85 228 829
276 449 909
23 107 152 200
127 162
3 824
430 564
113 470 546 585 617 671 692 728 882 945
15 28 56 75 216 513
3 67 267 279 772
338 442
221 621
25 382 895 937
65 89 793
1 101 303
49 68 170 405 552
29 36 382 387 591 968
71 94 189 248 402 929
19 75 173 184 797
2 167
341 418 570 576 877
42 65 694
118 422
38 108 129 207 581 924 986
33 281
13 37
4 9 109 143 164 345 665 795
6 86 107 123 324 425 492
39 145 155 217 385 550 901
25 313 421
52 233
4 42 48 73 331 394 591 805
416 536 891
32 856 933
30 113 179 421 453 477
48 116 385 862
40 187 483
10 104 148 150 184 277 676 829 916
387 919
38 180
1 13 432 732 737
119 169
24 133
46 441
86 683 897
14 55
32 95 150 204 257 685 691 871
9 245 693
137 281 359 376 630 899
133 233 239 251 926
446 541 654
15 149 294 306
27 611
24 31 37 307 336 506 509
139 224 507 522 652 807 854 879
522 848
23 54 566
165 205 265
221 300 545 637
19 34 521
42 51 202 323 713
21 120 910
8 254
63 359
318 517 921
15 26 442 662 737
117 124 428 482 656 803
17 40 100 174 293 936
108 459
12 19 204 273 312 438 521 904
128 229
173 647
176 273 355 465 960 1000
35 250
119 628 701
3 78 117 216 399 894 949
18 342
2 141 546 619 964
21 87 105 333 396 626
1 14 15 26 64 72 91 582 890
83 488 666
10 587 614
11 870
12 113 956
7 142
8 32 88 99 103 304 475 507 885 934
2 224
43 51 351
112 205 493 926
60 306 701
67 75 255 282
29 209 395 685 994
72 102 216 632 647 677 857
9 76 123 286 319 967
114 220
22 77 146 219 543
3 149 255 597
51 645
95 586 977
121 368
66 69
28 31 63 160 188 508 764
7 148
5 13 24 354 571 709 905 982
23 123 286 317 423
60 590
97 98 99 126 365 733 752
78 262 880
268 895
33 241 341 547 554 712
27 54 95 239 865
235 361
5 7 56 82 96 181 257 310 649 846
101 116 155 949
13 37 115 133 209 532 541 910
15 26 122 129 197 505 513 514
8 224 401 957
2 19 63 284 411 465 539 640
35 92 110 274 469
149 275
17 32 88 92 272 497 818
62 765
337 990
94 337 600
27 221 522 645
29 68 235
44 55 114 132 168 221 223 412 806
14 36 76
13 396 958
9 786
6 7 12 19 27 236 295 437 482
11 56 135 446 970
27 40
5 15 134
20 25 323
3 10 15 325 468 500 567
67 75 292
43 70 709 733
119 366 378 389 743
108 326 548
3 158
115 395 430 558 606
208 215 267 282 894
156 204 273 465 536
194 281 531
72 425
7 18 601 619
16 228 415 569
39 624 884
87 240 955
23 105 147 200 417 583 917 996
65 117 340 756 780
47 246 974
8 69 159 256 372
59 100 203 278 293 296
6 145 832
134 561
7 43 84 250 413 510 608 650 791
23 260
516 912
8 83 340 488
156 321 393 410
438 525
4 11 20 39 73 89 199 635 654 744
537 650
29 154 370 439 735
79 169 403 720
477 542
54 91 107 260 692 881 944
1 147 217 872 923
14 63 118 141 190 192 271 705
44 52 139
57 62 157 212 460 738 739 895
14 29 63 378 408
241 253
29 58 495 648
17 86 98 317 403 913 917
14 33 63 118 177 301 359 376 751
19 120
30 47 179 477 496
11 855
31 95 133 339 481 618
14 88 243 665 700
213 262 282 571 632
302 320 376 392 578 597 752
299 609
20 211 374
405 806
70 202 792
212 877
17 35 110 125 159 324
46 420
10 41 45 87 269 294 381 388 732
321 833
206 438
10 383 388 472 618 875
1 127 155 225 424 684 774 901 903
28 69 187 520 536 644 836
38 796
29 94 252 300 513 705
140 258
131 216 255
89 416 472 565 651 704 828 872
22 251 314
15 350 605
8 61 815
79 166 734 876
2 9 55 163 583 725
158 186
19 718 911
333 592
34 42 316 803 964
82 87
440 708
86 164 881
748 781
23 44 59 86 91 112 260 317 539 768
83 139 161 444
33 291 302 320 457
39 303
23 41 56 94 215 234 235 388 659 674
10 41 159 180 228 527
17 30 35 85 95 372 473 760
271 362 735 902
165 622 759 900
6 9 91 234 736 753 761 856
31 364 729
5 36 50 104 172 673 848
21 146 393 478 823
15 26 53 96 184 233 822
143 332 417 540 887
46 918
14 24 29 33 37 98 318 361 367 558
31 160 814 873 939
8 32
90 175 838
11 31 364 369 775 785
638 866
36 51 80 100 251 346 391 398 559
190 199 306 431 815 905
135 565
335 449 557
18 42 191 243 280 327 585
7 741
52 380
11 68 322 335
12 68 236 922
5 209 811
11 129 277 371
9 79 464 720
36 119 266
65 132 145 165 275 434 447 455 523 801
48 199 265 688
62 222
67 75 131 216 484 610 647
13 61 93 126 169 259 271 273 708
3 4 38 270
20 21 58 192 362 531 909
11 202 348
8 310
38 46 418 649
508 562 930
82 105 435
245 753 789
21 52 112 144 152 347 359 992
93 109 195 689
13 31 206 528
64 70 112 323 736
22 36 261 434 443
7 24 25 219 437
214 728 748 798
40 508
61 117 236 482 656 800 809 961
14 40 46 77 118 483 495
87 269 831 920
264 584
155 174
9 19 27 117 943
4 166
110 123 157 502 742 896 985 996
41 125 259 458 501
16 17 106 309 310 411 800
182 194 283 453 710
64 152 317 332 417 423 683
231 942
6 13 18 174 228 277 344 907 965
73 440
169 331 534 871 893 941
5 81 330 617
144 157 674
27 34 489 594 983
37 617
360 994
66 957
107 779
68 140 191 604
11 84 369
1 31 246 959
8 32 354 584
7 16 49 123 170 178 203 311
24 67 395 430
5 213
220 347
29 35 108 117 249
5 90 93 127 286 584 886 887
333 544
30 421
83 124 553
75 168 173 267 519 546
328 397 954
3 41 161 185 237 296 995
30 63 88 154 268 281 354 772
19 521
49 948
180 327 351
5 52 357 605 678
16 41
7 68 589 601 784
121 151 317 405 428
96 118 276
66 855
62 157 208 794
18 67 130 248 940 997
8 17 69 106 144 225 250 334 452 475
15 24 479 853
26 28 171 445 463 468 696
22 390 416 823
12 18 227 235 295
3 12 19 512 726 808
17 92
14 58 252 370 375 412 668 841
122 463
72 486
1 18 40 101 414 560
173 668
7 22 111 136 382 623 984 986
693 865 963 969
6 328
26 28 95 239 242 445 561 623
542 543
176 362
16 42 315 325 328 441 694 724
77 158
106 304 490 767
10 150 270 875
98 119 306 366 398 698 896
440 697
2 44 178 493
67 282 358 400 444 788 808 997
43 70 456 645
256 354 956
22 196 232 261 393 533 730 992
36 569 867
25 148 244
19 27 117 489
4 13 48 166 591
16 17 45 49 74 91 160 195 220 549
11 125 337 402 538 629 858
44 64 182 223 242 433
10 93 150 436 916
132 614 831 875
9 57 148 210 212 331 458 571 577 914
28 30 77 179 356 483 812 915
250 297 533 657 989
11 371
40 606
48 658
266 378
10 47
24 26 98 133 205 331 336 564 706 905
17 35 61 285 989
80 364 426 450
157 222 414
25 157 220
69 79 89 172 201 667 780
81 240 346 470 890 975
95 475
121 136
93 169 893
29 39 40 77 872
21 600
26 134
16 31 60 122 389 456 698
62 128 991
2 167 221 898
6 761
6 117 206
10 87 96 388 450 721 777
1 11 119 167 278 353 363 833
43 97 805 943
21 59 94 402 600
257 316 578
3 20 45
148 665 747
1 121 146
218 366
1 134 155 739 796
50 262
71 207 267 770 824
553 677
112 147 492 689 913 969
36 78 121 219 443 543 999
63 190 365
500 664
15 24
221 637
5 82 284 526 646
14 99 790 953
27 191 243 327 681 873
15 28 567 993
23 87 261 390 702
100 137 231 322 427
80 88 187 215 431 478 523 712 817 999
131 262 448 695 859 997
42 78 81 394 728 939 975
52 407 454 485
76 119 129 681 821 974
94 109 264 319 539 634
23 147 486
37 906
15 37 48 84 376 486 854 991
8 98 325 558 958
451 954
33 111 176 249 679
60 378
258 458
60 103 421
15 155 208 274 304 642 792
40 642
9 33 36 37 44 106 170 225 845 990
159 334 424 977 980 985
185 993
6 7 57 257 324 593 629
42 258 344 555 663
7 16
81 88 113 240 258 338 344 516
30 724 812
7 16 49 178 349 404 574
46 97 353 654 704
4 265 607
81 113
1 5 36 48 387 558 959
72 147 439
5 104 151 466 474 506 646 784
54 77 223 298 381 721
7 68 73 111 259
44 69 247 325 547 964
301 825
14 15 186 283 354 399 580 702 921
3 12 153 279 448 573
127 174
1 76 96 409 802 838 858
5 21 586 699 868
47 165
47 70 223 323 595 661 710
27 911
12 128 157 165 674 711
113 243 280 327 516 769
7 45 54 314 379 430 919
35 69 88 106 290 452 586 800
338 758
151 262
9 91 105 143 332 406 432 553
108 374 455 459 750 804
85 87 132 269 305 434 450 520
57 198 238
102 772
83 110 703 843
76 218 816
18 24 38 173 659
111 170 405 589 785 789
8 103 134 240
2 643 837
36 76 80 86 172 398 826 952
1 24 39 835
379 435
40 278
80 137 384 437
10 343 429 604 783 885 950
21 94 104 110 254 563 779
1 41 279 935
99 122 928
5 299
369 570 612 962
79 364 508 628
37 38 45 65 124 173 556
60 76 391 442 590 636
24 599
9 18 109 133
26 195 480
386 512
2 51 745
44 545
912 939
86 109
9 17
54 107 110 143 250 391 490 608 664
2 292
3 60 62 113 258 491 499 585 798
150 373
1 127
13 40 126 853
4 230 463 966
108 263 598 962
448 857
94 100 186 669
66 140 230
75 131 248 557
18 189
242 569 908
72 91 200 472
53 228
36 76 149 590
41 44 292 542 686 688 731
5 59 192 254 296 301 360 680 925
694 926
20 53 191 518 707 771
271 359 603
16 178 404 464
59 128 197 316 806 839
14 713 717 745
15 144 211 801 856
533 999
2 86 116
142 922 948
20 43 85
22 219 232 328 730
22 64 583 687
138 692
73 493 913
56 160 181 844
20 53 116 746
46 66
33 230 315 358 365
47 335 454 557 622 932
6 57
3 197 278 480
353 649
2 574 672
12 41 767
10 44 92 191 242 245 579 861 942
79 734
241 445
320 825
136 244 373 711
23 71 101 409
3 41 279
33 108 308 382 518
2 44 50 114 300 515
26 28 74 168 171 231 241
592 820
59 64 183 267 311 429 507 653 923
125 297 750
175 272 398 981 995
19 21 377 504
35 66 70 118 397 497 513 552 687 713
74 100 135 311 355 413
6 26 38 181
81 280 585 681 840
182 351
16 170 188 307 562
131 153
162 730 765
2 31 38 44 167 203 364
43 97 202 257 378 930
71 153 168 807 848
8 88 577 815
2 18 44 496
26 171 776
232 285 320
226 479
80 294 636 878
11 84 426
44 175
153 358 400 436
1 13 36 60 80 145 245 560
58 499 766
152 163 406 583
9 23 152 425 432
73 169
23 861
3 31 509
28 40 78 100 127 187 480 802
211 627 947
82 244 263 272 329 524 532 568 588 950
31 719
30 71 174 288 491
540 639
56 135 231 505
65 126 556 612 962
77 107 312 779
90 213 274 302
1 6 57 212 581 850
13 39 94 194 209 395 538
14 35 238 264 294 891 900
15 126 528
33 58 141 397 484
4 39 109 226 332 340
268 729
2 138 549 616 880
68 83 280
158 187 210 287
138 176 204 530 691 898 1000
89 519
58 120 177 196 994
114 352
10 45 55 71 201 867
54 86 93 123 163 435 539 641 944
151 254
2 55 167 300 372 426 547 837
13 24 300 466 758 906
137 149 217 384 762
8 13 35 37 99 115 180 577 783
48 146 331 498 607 883
218 596
107 200 383 509
37 98 339 564 784
22 164 489 814 972
39 71 550
35 44 80 119 136 182 399 459 714
4 30 92 915
3 41 782 810
4 658
39 145 303 631 684
12 53 159 638
59 153 282 330
84 214 218 277 627 775 785
6 55 66 142 198 212 432
60 137 237 391 770 952 974
37 98 115
23 47 234 832
18 36 130 161 343 633
21 663 669
25 114 214
145 550
96 123 224 368 502 699
30 42 149 469
31 48 246 515 628 886
13 24 67
77 163 877
23 72
9 29 139 356 408 511
153 358 894
115 506
43 554
97 223
35 225 247 485 511 582 819 976
62 128 287 839
14 256 271 386
30 419
18 130
13 98 420 631
90 352
5 360 459
336 732 853 953
169 403 519
9 23 140 641
30 142 205 281 473 481 590 762
132 152 240 842 976
156 232 321 434 536 644 823 891
275 743
11 324
27 34 65
159 225 934 980
908 950
30 356
248 495 503
12 34 295 322 745 783 961
401 802
47 229
24 101 173 176 193 220 255 484 757
351 982
392 960 986
33 298 320 979
92 325 888
21 50 94 104 151 402 538 669
8 250
40 106 702
179 356 737 812 883
34 323 766
54 520 990
533 740
46 81 176 769
61 297 424
6 23 25 38 39 53 114 263 993
8 92 195 368 411
184 196 256 648
419 453
531 844
275 467
3 458 755 828
12 638 763
191 394
10 45 82 388 916
159 368
501 534
64 151 213 254 526 687
135 138 1000
100 263 339
71 217 791
16 49 203
6 198 324 824
827 947
7 111 185 330
20 45 242 332 343 467 573 777
12 17 179 272 290 441
175 189 288 623
11 53
36 294 575 816
400 494 603
8 17 35 61 69 92 344 406 566
284 811 884 988
217 303
7 16 148 464
8 210 271 902
51 70 182 200 202 793 863
22 47 121 165 335 696 759
107 143 773
74 468 503
25 114 115 183 313
21 89 333 337 538 592 844
415 795 805
28 122 134 625 696 778
329 579
26 120 124 167 466 889
415 690
146 156 712
9 12 23 105 264 468 961
78 136 396 514 541 740 749
347 352 888
21 78 232 478 663 701
33 63 66 138 907
13 25 51 272 417
20 184
52 84 129 139 239 326 899
33 52 375
6 212 739
4 89 498
104 137 241 266 816 821
181 268 321 461 580 756 878 952
226 227 479 924
205 634 967
34 670
30 39 928
53 436
34 428
2 560
82 373 587
7 16 49 111 203 497 589 923
12 383 492 504 670 675 706 715
307 509
26 211 219 319 349 690
201 242 270 450
24 37 339
18 31 76 146 163 841
53 444 569
32 116 122 206 860 937
147 752 766
49 142 178 190 469 830 973
2 4 51 183 236 282 285 461 695
44 51 717 725
5 50 104 213 673 814
120 226
132 152 467
4 27 809
192 252
510 738
278 483
52 79 138 156 166 498 667 697 893
1 54 127 211 451
542 755
30 175 179 965
20 45 289 573 813
22 36 137 177 237 266 485
53 660
340 380 963
22 215
59 322
2 55 221 672 686
4 381 461 519 529
74 158 186 187 278 580 883
54 176 193 455 620 847 942 963
103 247 274 304 310 452 566 608 760
22 23 105 112 834
465 605 639 678 847 898
27 160 214 431 575 716 845 890
40 77 186 293
62 222 991
110 372 989
119 576 804 940
115 122 503 776 834
47 327 532
29 58 70 141 338
9 149 195 346 389 862
10 390 415 657
80 743
114 163 204 256 288 449 525 588
2 54 55
142 160 188
29 118 291 735 850 902
267 857
30 308
46 67 401 706
260 264 540
248 358
126 970
13 528
165 595
167 253 340 380 664 703
15 208 377 505 613 849
30 909 941
20 34 373 587 771 908
4 26 135 390 646
34 52 283 291
315 635
42 912
22 644
21 337 402 544
47 64 80 166
21 154 252 370 615 668
22 61 125 252 642 700
38 193 341
38 84
32 34
37 73 82 303 316 595 741
4 199 288 373 523 651 860
96 302 397 925
6 219 514
50 301 629 918
14 106 797 886 920
10 132 375 383 518 954 966
97 307 375
121 433
8 12 16 60 76 171 237 294 366 845
133 273 312
218 253
55 292
237 716
229 287
26 38 170 207 326 341 349 807
82 85 139 829
41 460 666 740
62 222 287 738
18 130 197 367
18 33 99 197 209 887 899 904
5 151 213
4 79 166 403 523
6 24 133 168 269 467 769 903
10 45 314 587 951
9 200 229 356 419 742 755
42 140 840
73 461
25 238 329 572
28 74 208 231 413
34 98 203
18 130 658
39 51 116 207 819 971
32 35 61 103
75 632
65 108 182
543 667 723
207 418 429 464 744 978
5 50 301 924
25 175 214 313 535 579
43 51
50 526 609
3 87 96 173 185 251
83 124 215 285 290 553 826
4 19 40 73 79 147 787 864
183 604 741
196 676
13 68 168 216 534 589 757 799 935
104 474
240 243 555 798
545 615
2 55 423 515 565
208 351 484 581 607 643
210 742
23 170 245 260 527 996
56 776 988
124 666 682 716 793
29 63 192 201 222 283 302 412 660 705
615 672
12 19 188 206
57 863
6 21 159 254 377 818
25 90 198 394 568 588 838
92 501 832 861 953
175 249
19 25 75 115 335 379 879
48 731
5 9 50 178 348 570
172 343
3 136 851
2 11 93 276 292 315 487
89 199 273 476
91 379 481 530 549 852 862
20 82 251 289 314 444 529 573
61 196 471 968
49 62 333 499 515 733 904
56 134 143 164 181 211 413 584 753 773
90 238 263 449 454 661
15 26 56 74 247 308 620 640 846
72 460 486 602
128 157 229 510 621
10 201 228 289 314 363 383 622 630 774
14 141 268 457 517 630
1 2 217 305 581 919
10 42 113 140 344 435 516 555
25 35 189 548
501 708
304 310 502 551
17 61 407
70 97 155 710
9 52 83 127 139 342 998
11 78 129 216 218 249 596 652 870
45 85 132 180 311 363 813
124 868
20 82 85 150 842
181 535 714
5 11 299 371 451 551 855 869
3 4 8 28 45 53 251 269 760 842
30 31 93 164 195
103 138 414 616
32 106 144
18 76 186 610
48 73 530 889
69 189 285 407 475 551 566
8 9 53 502 653 786
41 810 987
11 249
102 727
14 194 291 298 386 412 495 751 984
20 150
30 42 233 408 409 522
24 32 209 247 541 599
3 851
112 154 376 494 610 801 907 979
1 71 101 155 550
52 53 156 360 384 849 976
490 582
1 15 26 33 471
6 235 437 690 782
460 621
136 289 328 749
62 128 222 453 540 794 836
102 593
67 682 799
61 69 125 763
156 418 828
12 34 866
22 478
16 46 65 206 246 295 307 878
1 229 237 357 397 530 827 884
17 35 88 144 334 372 411 660 843
342 361
14 33 58 63 276 427 603
5 153 476 723 932
379 559
83 613 795
14 29 268 408 517
184 389 620 869
109 293
73 89 166 199 270 381
102 350 470 727
42 46 126
1 13 336 365 419 561
175 288 352 384 781 929
1 6 39 55 64 174 951 959
12 54 66 72 184 957
10 37 99 115 132 363
116 287 295 393 524 544 562
59 497 703
20 130 180 181 931
81 193 338 955
16 330 404
20 72 152 345 524 897 945
554 790 792
210 928
64 70 546
455 548
8 170
53 184 527 831 943
51 64 182 790
67 68 253 286
16 18 487 759 874
19 117
160 246 562 565 599
14 29 107 109 190 283 370 375
24 532
57 88 234
188 852
8 17 37 81 95 125 768
5 17 39 59 70 124 395 606
160 639 796 921
25 238
99 143 339
43 51 64 97 462 503
12 27 34 41 259 670
