5 9 223 301 368
62 599
7 56 311 809
23 37 84 284 383
40 142 414 467 806
11 42 76 275 328 859
23 841
100 925
197 251 265
6 37 701 930
9 116 117 209 518
74 212
6 9 23 145 712 818
62 83 88 90 93 97 198 607
57 116 299 405 439 900
270 320 867
30 78 134 135 137 155 496 536 959
4 194
185 590
13 31 38 78 209 231 655 974
61 132 457 588 969
1 16 113 248 725
11 571 697 842
26 29 35 76 262
139 924
15 131 313 513 681
13 105 656 719
21 136 881
56 77 145 147 203 323 693 730
14 900
95 218
5 43 108 162 934
12 17 46 189 194 518 914
10 30 227 765
49 62 71 147 176 972
267 325 962
8 184 223 412 596 980
44 118 189
5 29 35 255 384 409 425 917 957
144 167 215 851
128 135 296
76 107 504
16 26 113 288 387 711
36 53 427 664
91 98 104 207 250 270 547 936
52 126 278 432 606 637 919
179 823
140 239 404 583
128 130
170 296 315
32 39 279
58 64 96 114 842
12 113 285 335 453 569 790 974
145 254 943
71 481
12 102 348 352
6 72 74 85 92 487 536 550
14 58 268 488 512 794
88 376 494
78 123 154 168 333 393 482 815 994
30 42 157 210 574 733
5 105 162
12 64 77 86 106 277 435
29 242 926
81 84 171 363 780 933
28 189 786 910
21 535
55 104 298 520 784
188 392 931
10 244 560
28 363 457
121 215 316 394 415
6 37 75 222 328
62 372 376 652
6 354 821
1 67
24 40 63 111 802 889
19 20 173 395 421 725 758
147 486 787 823
37 292 332 520
55 213 344 563 718 805
9 48 158 638
69 184
190 874
10 32 95 248 531 583
11 49 55 116 356 474 961
59 888
351 370
12 127 396 427 433
20 29 38 634 934 938
16 115 341 463 578 866
141 458
10 281 505 744 802
18 165 265 538 715 894 945
97 226 331 461
6 9 23 31
2 73 89 97 98 226 294
83 178 541 568 625 772 907
62 215 399 602 613 705 884
20 35 242 450
136 595 869
35 57 266 700
96 103 187 969
108 863
93 101 305 669
4 72 364
25 126 181 508 874
9 280 798
62 110 453
77 191
247 312 487 649 891
9 95 618 813
5 20 37 68 185 261 277 365 550 750
31 115 833 847
9 10 15 34 61 81 277 496
12 79 140 206 208 470 836
116 619 882
60 942
64 66 95 246 555 747 759
655 858
33 170 217 297
213 800
223 240 412 563
24 187
91 298 313 321 423 520 758 989
7 61 82 121 216 556 893
190 352 701
78 482 684
59 976
1 67 121
69 101 124 180 386
454 994
260 281 632 642
61 63
143 687
2 25 47 132 211 360 547 573 838
62 80 118 148 188 255 954
13 38 66 367 685 918
39 77 101
13 81 87 150 153 174 710
22 86 96 132 768 879 933
2 51 80 505 920
12 352 435 673
25 46 243
51 100 128 217 276 426
81 591 614
230 362 522
119 287
402 833
14 123
80 105 109 114 123 516 725
50 164 345 441 626 700
82 117 130 147 256 304 847
67 459 519
5 17 22 39 264 288 323 343 643
25 35 46 362 738 799
10 155 202 266 273 813
13 110 755
71 162 223 774
555 862
102 726
25 971
97 755
1 519
11 119 141 193 238 328 386 542 989
83 985
639 665
4 17 34 528 834
129 287 384 889
20 43 302 938
479 547 948
74 157 160 196 258 263 382 510
24 792
19 40 133 716
71 103 165 187 235 307 385 469 686 789
73 329 674
71 176 533
15 81 118 277 940
121 144 295 586 676
403 902
130 178 338 492 562 679
19 259 813
75 192
215 320
417 471 640
20 35 37 43 660 783 956
6 11 163 222 332 358 914
177 229
12 64 82 190 523
425 491 679 741
2 98 149 153 207 871 995
6 37 185 301 375 608
41 55 91 295 298 341 503 893 999
146 237 466
11 194 446
50 59 75 141 408 485 885
8 377
46 128 155 181 281 935
70 156 299 322 456 903
24 103 210 219
19 204 236
16 27 183 208 294 315 360 799 926
35 115 269
291 618
20 37 74 182 318 405 713 782
233 338 357 736
353 722
29 53 206 234 714
100 589 911 941
28 66 70 99 593
544 931
166 566 963
53 143 849
93 198 906 983
59 283 894
114 123 386
20 491
74 612
19 277 329 343 478
124 209
27 102 203 233 331
358 439 723
78 876
41 55 71 104 238 256 840
39 41 662
13 734 788
19 151 295 421 483 946
60 135 141
53 65 222
28 65 94 150 357 374 549
55 79 112 250 254 394 534 681 760
102 239 583 954
34 59 148 150 524 789
45 205 349 955
8 93 263 274 492 548 779
29 35 124 302 668
6 21 456 510
10 46 269 505
147 152 174 353 875
13 31 99 543 577 734
18 139 388
122 232
40 55 114 216 269 424 441 674
21 116 512 898
415 506
23 138
7 19 79 124 315 581
181 243
42 629
36 216 374 419
197 265
28 347
513 967
31 50 238 339 385 391 840
4 7 13 56 106 130 196 382 709 848
92 175
11 41 301
50 179
16 24 206 544 572
51 217
41 709
5 269
130 146 175 289 499 781
30 36 177 949
3 96 102 243 279 281 342 554
110 203 876
80 135 257 297
22 57 126 558 953
3 68 85 122 224 346 653 724 728
151 316 363 395
11 342 650
10 12 30 91 117 195 333 796
7 188 758
78 406
3 67 863
8 33 57 723 882
139 249
309 569 729 835
380 706 774
92 175 880
11 64 87 295 390 566 834
26 38 47 57 212 298 351 378 949
15 68 74 201 212 224 237 530
68 770
107 169 310 327 675
20 24 61
41 54 109
32 274 497 631 645 680
31 48 50
36 85 218 556
21 317
3 32 460 738
12 77 239 261 523
15 33 100 135
10 128 144 217 296 498 630 966
69 914
21 191 264
21 65 134 158 166 535
212 337 598
53 194 269 326 621
30 566 568 589 692 694 745
53 127 225 673
32 60 125 191 230 335 418 472 523 837
26 73 100 177 232 293 505
12 239 627
10 16 112 145 159 313 553 638
10 181
25 153 212 244 279 353 522 686 829
24 27 34 179 368 803 984
20 49 71 91 280 783 869
14 44 946
13 70 162 529
42 310 444 475 591 695 796 873
19 41 137 182 254 467
54 101 145 207 391 411 559 647 829
112 709
24 236 588 664 804 944
117 691
19 56 137 256 445
16 27 115 142 308 410 461 568 589
5 52 93 139 246 258 283 371 928
34 123
8 282
101 398 465
251 265
10 15 54 146 238 594 953
16 25 26 40 105 139 304 324 696 762
85 201 260 470 724
87 91 404 424 437 494 966
87 173 199 271 438 650
140 334 399
9 52 82 85 225 280 341 691 921
1 151
46 71 126 152 369 571 603 829
44 75 87 783
196 871
2 109 153 385 415 602 997
20 29 43 102 143 302 714 960
20 51 168 214 245 491 581 717 920 922
62 83 88 221 276 541 646 778 812
185 273 302 305 381 585 888
33 180 318 973
6 138 301 358 451
21 34 84 98 457
7 794
67 748
87 249 792 941
65 148 230 233 277 408 416 552 559 633
55 822
244 273 279 401 923
351 366 548
5 73 78 168 285
537 672
65 133
162 660
18 76 551 962
43 46 445 504 550 921
91 109
25 60 78 232 983
34 166 195 220 786
31 57 156 299 557 852
14 447 847
20 21 25 39 45 75 162 501 993
2 275 358 474 604 619 896
61 908
19 32 54 149 196 250 270 558 886 909
180 350
8 65 377
83 93 172 372 867
4 27 451 607
14 380
13 45 66 99 164 326 420 755 981
25 186 511 923
14 24 237 240 367 562 771 812 831 978
5 302 696 771
5 29 34 35 44 64
47 83 143 281
75 174 268
33 95 123 172 175 194 864 995
2 122 159 167 310
29 102 208 221 666 887
81 84 94 148 233 348 462 492 1000
197 251 657 678
169 242 285 393 826 887
108 116
26 236 269 366
115 690
114 441 516 582 991
36 124 171 448 727 747 751
30 71 89 133 227
61 63 96
28 34 51 118 135 178 389 648 764 881
129 455
18 72 97 203 226 373 443 768
34 118 536 870
307 313
14 48 56 134 168 245 326 413 515
49 52 91 681 691
170 803
15 33 654 824
265 454 532 678 994
50 400 601 663
173 334 395 517 544 896
1 4 46 76 95
19 180 782
214 610 859
41 104 149 737 875 909
132 199 299 322
18 284
573 703 756 889
2 17 31 159 260 527
30 229
9 162
8 18 68 69 77 220 284 330 540
43 60 73 335 653 826 883
119 129
20 22 39 144 201 674
32 51 80 207 899
109 190 196 298 784
32 67 171 364 380 492 766
45 329 575 742
29 35 490 830 890 934
30 47 74 133 365 406 949
4 12
202 230 234 923
88 422 899
44 120 545 585 628
33 36 201 315 365 366 447
180 379 389
57 108 188 596 688 935
5 20 641
118 247 436 716 865 961
33 825 878 919 924 935
60 131 154 876
55 345
26 86 152 243 483
4 17 41 364 379 827 988
36 372 622
23 37
16 234 253 344 361 413 807
20 43 668
157 382
44 120
6 86
14 21 225 303 699
43 124 242 255 542 553 957
59 75 172 213
36 72 148 178 214 274 282 350 685
7 114 137 215 399 506 534 791 991 996
88 90
22 26
129 793 808
584 915
50 311 897
42 773 808 850
57 62 377 549 601 608 817
29 33 80 100 257 447 539 615 761
69 143 317 369 443
5 82 379 667 702 717 771
22 444 526 580
1 752
6 23
235 253 950 999
18 22 92 247 260 617 622
23 200 273 558 711 953
19 144 320
532 657 884
23 144 284 471 474 816
28 34 96 158 210 312 359 735
40 72 88 480 999
28 220 347 490
38 46 487
24 63 241 777
42 310 812
265 469
6 90 466 672 688 714
45 56 94 108 242 960
79 224 943
21 140 221 317 678 931
271 608 645
2 160 346
48 136 407
124 194 211 325
50 70 141 154 355 656 811 969
59 75 174
430 623 824
12 53 344 435 517 628 673 965
50 564
111 146 251
223 563
65 211 537 698
9 52
13 747
9 82 280 283 409
22 26 86
310 575 629
10 25 95 175 182 200 202 594 744
2 31 206
80 128 426 429 710 841
50 56 78 87 165 199 227 401 431
3 8 57 328 527 820 854 856
5 29
577 590 635 750 952
167 192 506 538 620 843
37 163 222 604
8 405 478 624 980
47 64
429 498
7 19 232 290 309 586 646 676
70 105
49 71 411 600
7 464
7 65 158 167 220 233 285 295
41 86 711
18 27 374
66 68 90 590 593 763 916
23 222 286 450 468 592 687 707
28 383
65 150 502
14 377
21 599 699
11 138 683 952
24 63
305 472
14 44 158 192 380 708 733
51 729
51 58 66 83 130 160 636 782 844 963
9 52 57 388
45 122 253 337 349
2 369
18 49 294 465
51 135
1 217 498 519 752 958
22 86 822
3 47 159 205 252 663 833
32 191 244 248 279
42 107 118 252 310 463 537
1 47 67 93 186 376 831 979
23 63 349
287 981
72 218 476 981 998
154 993
18 61 97 294 697 895
159 603
119 240 308 340 570 967
1 16 32 35 511
8 16 19 410 425
14 37 120 163 438 501 805
3 155 205 306 387
4 5 119 126 202 364
41 191 294 323 696 730 930
50 70 99 133 156 334 369 456 476 743
300 456
126 200
34 72 193 370 767
209 293 406
245 408 477 500
45 761 922
305 671
22 26 86 193 526 567
24 835
155 343 612 661
9 324
59 375 473 838
2 23 38 41 99 112 431
3 848 856
22 193 204 237 289 495 526
39 264 600 894
299 473
5 43 679 741
53 433
17 206
6 23 623
227 420 719
48 73 293 400
1 58 67 528 776
26 113
2 15 22 71 176 204 288 442
628 844
8 69 378 951
10 21 25 317 535 895 929
12 64 123
31 52 70
31 99 246 577 580 593 633
189 283 775
94 220 457 463 746 824
122 146 466
46 93 793
165 187
24 254 314 332 387 495 854 902
173 314 392 748
111 389
100 296 411 761 803 971
4 91 263 839
187 214 244 658 774 990
43 872
213 283 361 775 838
88 90 110 618 766 793
20 93 418
15 75 174 213 273 486 546 858
5 15 267 974 976
57 69 613 688
4 17 117
80 276 381 920
26 100 303 573 878
232 525
65 178 220 434 581
5 29 43 553
57 493
29 73 97 425 661 692
171 403
55 152 450
304 857
2 385
32 196 205 300 606
10 48 184 366 609 809
56 112 161 191 523 631
2 159 360 378 518 520
82 117
199 331
19 79 311 790
28 65
45 355 557 575 810
8 198 276 337 759
79 121 151 316 320 325 885 927
36 47 56 89 177 229
312 437 716
18 40 59 546 815 968
63 197 251 469
436 484
83 145 561 797 977
2 54 71 827
88 149 219 243 254 338
13 39 77 355 465 763
3 48 311
20 667 830
11 23 36 37 185 275 387 565 845
15 94 154 289 303
25 32 115 560
15 33 51 170
85 164 530
34 363 644
15 119 308 356 573 584 644
32 368
3 8 28 330 814 836 992
91 219
11 371
30 83 90
17 198
33 51 214 315 431 557 630
22 461
5 10 49 67 353 434 592 804
42 579 739
15 495
73 78 122 601 815 968
64 87 139 208 271 404 645 941
423 964
401 511
54 104 219
1 58 67 202 423
343 422 541
240 660
9 82 402
161 247 915
17 929
173 352 481 598 659
76 695
221 687
7 231
24 59 65 94 96 148 226 363 912
20 103 108 128 149 192 721 846
89 406
52 258 267 464 805 927
282 319 386
27 77 231 275 405 819 820
56 113 136 228 263 548 597 959
270 722
48 241
291 452
34 158 490 562 860
7 32 218 273 325
382 665
24 100 103 132 276 904
2 152 256 298 468
28 34 43 81 84 171 463 549
3 742
473 787 897
16 216 475 773
34 118 158 357 487
12 92 436 437
7 408 488 570 779
37 42 76 441 539 647
151 290
84 698 864
107 695
155 200 248 362 508 531 587
30 164 345 530 689
64 111 392 423 659 748 804 990
11 185
27 754
48 56 112 125 282 445
4 17 68 89 479
13 19 89 280 472
169 331 554
249 290 309 670 729
13 200 732
100 859
14 145 676 694 798 904
73 146 435
39 53 77 604 945
137 295 483 516
44 54 228 380 708 932
6 138 185
274 913
60 61 103 121
264 305 398 465 669
155 243 248 587 837 886
259 626 728
87 139 861
46 266 852 886
17 988
203 339 576
2 37 49 58
5 223 293 478 515 926
32 46 95 234 410
11 23 63 132 603
10 111 362
40 480 769
39 69 77 157 180 191 272 426
29 539
26 121
124 609
259 551 619
48 64 89 134 136 253 828
1 96
862 917
82 130 400 904
114 245 491
4 129 732 853
17 21 308
70 485
452 685
17 24 105 127
4 22 31 112 118 680 791 806
3 9 14 130 303 905 911 928 940 982
139 861
10 31 155
55 228 378
195 780
328 773
61 398
77 472 669 797
45 345
293 367 546
40 165 179 227 231 584 810 944
69 86 138 370 574
129 314 795 841 951
104 339 385 600 791 948
8 19 42 76 107 504
23 284 565
177 229 286 354 500 632 705 832 866
170 204 336 462 531
36 51 77 102 278 288 736 760
115 182
24 63 103 187 210 359 658
72 407 478 489
14 495
108 703
81 84
101 264 272 489 832 930
2 32 46 159 234 335 533 677 765 777
13 205 337 506 918 947
3 45 575 998
18 97 939 996
14 89 414 428 707
3 569 640 686 860
98 262 757 903
21 481 512 699
59 101 115 142 381 693 800
4 49 91 307 336 354 474 853
3 5 116 124 517 957
79 924
2 152 250 360 449 533
44 545
297 636 906
111 264 365 372 775 983
18 27 226 388 576
194 336
271 589
27 66 564
58 96
18 27
4 25 41 42 104 151 404
13 397
12 29 53 64 127 334 396 671
60 329 451 684 721 883
49 354
25 266 409 455
52 442 986
84 348 524 910
34 52 70 84 180 216 484 952
57 92 396
95 489 975 985
2 18 38 129 230 454 577 873
342 690
315 615
70 156 227 246 306 420 529 627 656
266 559
113 288 767 892
174 192 213
104 207 571 592 760
14 42 189 211 233 252 490 555 807
790 848
31 165 209 620
268 289
72 92 306 312 460
85 133 470 479 666 728
150 168
8 39 108 183 282 354 480 624
47 74 89 224 260 278 374 530 642 877
19 30 68 74 133 286 374 458 500 651
5 35 249 410 846
11 138 635 683 707
76 475 796
85 237 260 556 567
3 15 896
47 54 145 147 571 827
2 185 468
347 360 697 723 816 943
580 670
121 151
72 312 649
5 477 869
66 105 525 555
3 195 616
119 137 384
3 205 258 292 452
24 720
75 104 169 261 388 485 617 741 1000
15 48 496 509 538 569 626 919 927
146 289
28 614 937
14 28 120 152 344 718
81 171
21 61 684
27 856
1 176
70 84 99 397
3 45 543 785 903
20 129 540 542
7 586
174 192
12 106 111 221 713
67 94 907 958
3 932 933
19 25 55 99 218 368 430 532 583 956
25 559
31 38
1 58 186 499 834 855 979
170 234 654
61 892
27 153 735
2 49 98 147 521
31 209 418 543
21 166 535 895
4 17 303 733 740 794
111 123 169 327 416 647
74 164 201 266 587 590
44 106 127 206 432 497 501 551 585 817
272 936
122 313
8 69 108 386
1 22 30 47 448 857
734 897
9 19 52 448 724 730 972
39 80 108 305 367 390 624 797 818
262 339
40 83 110 165 183 424 480 611 778 985
53 76 233 481
84 94 683 938
198 652 839
201 314 395 959 964 989
10 38 46 51 92 281 333
21 96 132 279 570
27 915
17 30 47 58 205 343 413 434
193 509 527 879
52 68 549
21 540 544 599 863
48 136
4 198
160 221 416 486
6 163 750
24 61 96 103 749
7 167
5 539
79 507
26 100 228 236 250 308
6 712
37 284 375
54 88 90 110
85 87 140 235 241 629 910
6 38 275 371
53 99
399 843
18 162 579 784
98 147
110 270 636 682 715 779
11 41 58 186 270 459
11 261
7 137 204 514 878
16 25 54 257 450 471 649 651
103 990
6 23 163 275 301
55 122 195 400 993
35 43 53 106 245 342 572 609 690
94 148 178 252 502 562 902
40 216
76 80
101 255 272
16 40 99 235 578
28 37 94 197 202 384 392 458 605 845
1 33 166 553 907
61 659
513 644
4 515
47 79 224 296 321 387 467 552 561 594
8 319
7 368 503
2 262
493 565 596
13 38 59 105 231 810 921 928
255 643
15 59 498 545
7 166 614 731
10 54 122 182 587 826 883
31 50 66 154 179 198 593
148 287 356 397 513 662
132 359 916
52 256 303 872
135 630 731
62 74
48 137 292 851
376 625 1000
62 183 611 727
60 135 582 621 976
142 268 373
16 397 508 611 799
3 51 337 616
30 89 92 127 161 256 259 500
30 95 286 637
18 27 97
60 348 536
41 98 868
133 187 419 579 857
90 453
85 160 229 345
68 366 819
248 323
81 87 117 163 183 259 668 719 961
72 175 710 865
17 28 45 116 183 361 442 639 682 860
69 135 151 163 239 393 764
38 99 263 300 620
407 947
17 44 131 330 880
412 623
27 68 113 892 968
168 641 992
7 19 745 769
49 125 136 149 152 153 816 831
27 455 742
6 57 370 405 514
15 43
14 855
24 25 63
15 192 268 721 893
1 25 67 80 459 519
7 98 212
165 424 446 552
116 125 350 820
320 391 534
45 349 787
157 292 913
383 502
262 948 995
13 164 246 267 499 572 625 811
29 35 43 667 830
127 143 150 173 389 404 418 597 689
509 680 977
72 92 175 460 521 987
304 324 972 986
73 85 113 143 160 195 753 822
7 13 167 290 350 394 399 415 428 621
78 131 182 232 400 858 975
261 375 821
6 103 136 280 503 819
373 421 483 745 835 978
36 448
114 870
22 606
20 29 35 43 428 992
42 327
331 388 751
14 27 32 44 60 156 801 855
297 318 447 675 973
1 50 722
30 36 47 74 177 286 598
75 120 501 585 632
213 477
33 54 219
105 306 454 473 884
66 126 219 306 309 417 427 576 800
47 212 470 622
62 110 322 602 766 772
9 112 781 970
4 79 144 290 440
60 78 84 122 131 141 329 393 595 955
86 370
76 131 141 422 475 653 991
355 531 852
311 341
128 429
16 96 107 121 591
118 161 718
63 210 252 648 682
9 44 251 469 532 657
267 548 658 671 908 975
56 74 125 134
39 75 222 283 526 781 801 888
12 18 67 87 138 749 769 958
9 82 225 911 982
8 54 176 390
7 267 285 538 640 960
13 38
36 762
278 566 568 861 918
13 42 76 142 698
157 274 417 510
26 31 38 129 446 525 736 979
28 462 988
90 157 214 291 382 925
66 416 499
2 39 58 98 112 170 257 552 998
23 24 187 359
60 73 111 333
7 27 396
78 89 825 916
24 749
40 63 132 359
51 868
6 10 41 51 69 252 347 850 862
258 292 925
7 26 144 651
5 46 72 161 175 437 489 560 891
9 42 117 304
13 529 564 811
188 321
12 140 449 765
167 373 391 394 464 574 692
42 54 169 327
3 45
15 188
129 507 970
18 21 33 128 214 411 413 576
43 44 344 446
142 414
14 34 786 864
107 317
2 909
11 55 69 159 292 443
120 326 438 708 901
30 68 617
211 648 672 970
11 20 29 124 168 332 704 837
161 987
42 808
131 138 807
59 75 174 225 268 978
4 17 633
1 27 58 66 97 203
107 217 754 772
93 110
379 579
61 101 181
22 87 199 249 271
17 22 26 86 188 193 204 514 567
22 26 81 86 236 754
120 199 249
66 227 476 823
137 224
70 743 917
22 28 113 149 842
173 314 321 595
67 186
114 516
63 81 141 153 189 210 403
2 4 49 153 238 631 984
13 14 75 156
11 271 402
45 351
8 31 207 694 792
64 102 588 879
627 965
113 288
157 258 428 639
57 180 439 493
25 45 48 56 134 291
5 558
181 218 874
168 236
31 35 38 300 732
119 706
55 109 228 250 554 731 789 836 840
23 443 650 821
1 528
38 66 179 193 476 726
402 940
62 142 376 453 663 905
40 115 142 458
12 18 127 226 770
350 396 540 880 882
104 116 377
26 80 81 581 828
36 59 65 100 171 801
25 522 638
123 355
245 541 634 770 900
417 464
4 17 40 850
71 131 154 444 582 655
106 238 449 868
110 597 737 753
76 107
102 140 206 208 712 954 965
107 169 512
49 54 104 113 143 173 207 314 321 964
4 32 109 334 646
184 319 980
151 395 785
52 117 161 393 551 818
19 877
44 326 817
83 291 362 383 394 461 726
3 11 29 80 290 349 479
440 507 946
1 40
48 134 241
48 125
42 50 125 186 433 967
19 83 167 215 806 885
161 484
130 225
121 471
1 58 610
131 285
30 201 666
9 52 117 324 466 872 950 982
8 50 172 247 257 455
11 15 53 309 325 524 537 746 899
197 641
26 38 105 390 740
3 35 255
6 11 891
36 102 287 308 795
32 155
16 866
21 166
181 218 401 508 511 522 560 654
33 92 484 521 735
23 301 419
33 318 610
4 353
35 302 890
72 118 521 865
31 66 79 99 146 156 299 300 486 788
57 184 282 390 518 574
228 235 341
229 234
23 92 97 106 156 272 389
8 330 854
95 126 202 230 738 776 844
12 235 253
133 160 259 637 832
46 48 68 134 340
106 127 572
60 68 73 122 278 406
6 10 171 257 276 426 764 966
17 336
83 88 172 322 422 488 494 867
28 34 65 338 937
10 53 111 143 150 497 517 613 664 737
6 138 222 358 451
7 8 104 224
154 195 482
429 828 973
16 39 90 115 591
239 433 497 570 704 756 945
12 53 352 763
4 120 661
12 79 121 144 421 440 843
3 313 744
477 510 913
5 29 242 392 515
58 379 634 776
39 101 272 323 367 381 693
4 488
56 82 103 134 442 702 777 947
1 73 459
28 158 338 912
50 306 743
2 109
56 204 445 739 809
37 332
12 254 713 802 845 997
196 449 942
33 88 203 219 372 378 757
38 312
59 381
231 439 564 788
94 436 507 780
7 79 137 309 373 391 578
8 15 126 230 237 839 871
110 906
190 701
43 643
44 109 438 757
274 340 356 384 662 704
63 136
125 134 136 241 407
247 987
49 115 120 996
434 901
364 612
119 409
26 231
18 27 751
16 49 103 670
9 117 130 225 675 702 986
39 45 398 739 962
3 58 582 898
54 109 120 176 316 635 853
1 468 798 908
33 91 98 153 176 605 922 936 997
154 182
128 186 217 296 340
3 199
102 208 226 849
41 55 98 109 112 145 262 592 677 875
95 594
220 286
9 62 90 172 324 402 950
176 307 605
65 746
30 146 289 977
6 16 37 138 216 371 460 550 727
49 71 112 147 984
15 77 319 588 740 752
22 47 86 152 184 533
12 64 106 427 756
106 111 221
93 150 297 348 357 444 846
16 33 297 300 318 452 467
240 430
9 13 119 546 565 567
119 340 795
8 140 177 543
82 432
44 47 64 120 361 545
3 13 36 74 160 183 547 561
85 586
514 767
85 700
15 97 142 197 578 759 944
35 39 101 229 398 542 717
1 73 287 339 357 401 534 939
156 215 503 785
62 93 172 322 607
1 10
17 56 211 311 336
178 814
18 208
89 133 164 181 762
21 963
14 107 504
10 32 200 244 307 335 397 971
78 125 403 557 951
27 169
768 912
90 172 494 778
8 69 106 108 116 140 319 342 432 493
131 182 232 293 753
41 125 170 327 330 616
346 642
114 123 870
20 22 26 715
8 33 184 440 527 528 898
11 23 88 261 291 375 665 720
32 46 942
28 84 150 178 211 347 403 462 496 502
9 17 52 149 184 228 307 369 383
58 186
139 223 240 246 304 563 615 706
30 36 200 346 419 430 482 556
183 253 584
209 431 525
60 132 141 164 705
11 18 371
16 40
40 356 509 524 529 890 905 956
28 34 148 189 873 937
67 333 825
21 652
177 346 351 365 561 877 887
554 703
14 901 932
82 179 190 263 955
127 190 241 849
126 149 412 689 720 851
16 361 414
70 105 485 580 881
420 677
166 929
36 278
1 294 316 939
63 70 94 163 179 210 814
77 101
37 114
