18 114
456 907
9 13 14 44
148 450
420 731
92 389
157 762
17 78 167 550
39 93 235 334 414 438 706
7 220 624 700
32 100 114 905
52 255
505 629 682 702
27 657
74 398 807
350 368 408 899
3 24 54 160 230 285 599 786 985
149 468
10 548 566
56 237 386
31 35 88 97
37 123 164 298 900
7 42 85
1 205
23 236 335
52 232 479
1 483
131 243 378
13 32 246
6 7 30 594 878 895
492 718
50 897
26 103 153 442 463 868
43 94 107 198 271 346
56 62 196 471 576 859 891 943
20 208
556 940
84 199 207 385
38 61 286 364
38 115
196 246 921
11 103 126 247 285
35 97 192 313 354 796
2 101 309 655
36 55
84 530
6 12 69 89 158 479 854 866
221 361 379 647
32 51 325 348
3 14 27
247 324
91 971
31 89
65 110 244
35 804
490 554
449 598
88 535 745 871
17 213
27 216 349 487 863
27 214 551
6 16 241
219 317
1 3 27 211 373 549 734 741
4 362
15 61 62 68 84 197 542
371 458
118 273 494 552 581 769 772
11 33 187 381 393
16 29 256 565 571
11 241 826
371 404 489 634 767
37 96 989
9 13 584
34 814
222 965
837 974
178 456 677
297 497 791
103 176 178 546 897
81 260 304 322
8 466 947
42 68 106 114 117 444 887 998
66 112 152 374 701 792 954
26 306 773
373 391
30 31 374 537 573 878
53 288
93 105
34 115 260 598 601 875 882
55 100
21 65 227 442 595
444 764
4 100 281
589 771
71 218 220 284 353
17 480
22 28 65 68 237 269 622
182 306
48 914
76 152 213 303
7 243 497
39 238
127 510
5 60 111
129 221
35 292 796
360 777
136 239 280 366 652
225 247
105 592
574 775
41 347 920 978
622 874
115 419
13 16 44 69 212 415 471
154 417
23 71 81 220
390 938
31 35 192 397 865
23 645
24 234 721
113 157 203
23 236
27 76 721 910
28 122 198 217 827 874
586 620
352 840
579 694
179 839
234 474 763 961
2 247 567 841
4 5 142 158 674 782 821 889 947
139 176 378 593
128 325 442
17 151 167 229 311
98 504
305 597
32 134 137 430 606 631 941
307 840
40 843
175 769
208 952
29 89 166 383 553 887 995
210 728
139 754
9 90 212 396
47 432 470
23 157 391 601 687 739 860
7 856
227 400 416
63 162 283
19 107 217
82 84 198 357 380 530 564
22 184 244 549 637
146 518 612 834 898
22 121 261 388 402
101 236 615 645 832
39 246 339 826 877
7 10 57 71 96 222 351 905
166 200 241 561
1 3 24 80 188
131 139 217 277 986
239 375
3 90 380 524
189 538
13 60 123 181 847
42 155 942
127 350
167 176 300
23 27 236 401
330 823
13 20 54 63 253 277 299 313 940
88 108 290 824
54 107 122 216 496 559
132 805
25 70 356 424 463 511 582 587
11 590
40 42 95 293 421
23 61 101 173
30 43 144 152 387 820 928
9 41 566 752
47 132 336 807
87 366 484 841
46 62 339 439
6 135
223 225
35 37 38 372
211 517 534 550 885
142 329 727 773 955
40 108 391
146 780
855 876
101 102
49 53 174 924
173 945
55 80 95 130 164 177 429
6 183 606 808
43 94 152 346 377
3 432 886
54 643 920
495 785
17 167 517
165 906
188 958
79 104 154 454
10 908
47 723
148 312
209 386 435 466
33 43 168 335 635 703
30 150 369 494
368 880
6 11 16 29 195 322 522 716 779
221 950
40 165 445 747
265 485 602
63 465
219 400
112 169 499 799
412 452
3 27 52 92 307 557 958
19 61 393
25 329 392
62 126 186 339 520
11 29 289 870
51 121 867
26 333 545
61 70
30 93 201 251 342
4 25
2 98 477 934
21 143
52 103 394 827
94 159 237 280 282 286 819 845
1 23 53 153 199 207 238 439
21 65 125 175 179 306 650 868
10 15 81 207 262 267 469
101 355 707
1 112 322 548 692
54 141
43 159 335 640
16 145 166 565 873
21 650
64 901
162 559
1 610 657 935
160 193
161 269
183 943 985
430 524 926 950
627 790
2 38 944
59 571
591 960
15 67 147 501 542 830
357 425
98 215 569 616
25 50
218 830
539 628 671 735 844
15 49 115
560 749
28 176 196
2 545
17 809
29 135 561 981
94 159 621
264 367 509 964
1 214
308 372 762 960
58 210 497
138 148
48 93 99 405 458 577 628 904
498 588 672
489 718
385 708
113 162 203 207 795
42 262 692 801
149 150
214 275
9 10 244
41 141
31 111 161 378 397 437 971
39 48 767 871
614 756
264 408 785
36 343 421 423 747 836
115 446
108 199 317
2 659 677 902 986
191 469
33 197 278
268 750 758 1000
37 116 291
72 174 199 288 601 980
15 67 136 144 743
64 660 750
810 828
268 777 956
72 265 788
110 520
439 787
282 635
7 20 297 362 395 538 587
4 19 112 231 548 613 710 788 813
48 223 247 310 324 579
34 78 99 151 422 668 746
210 840
20 42 259 284 293 933
172 396 580 812
186 356
308 983
162 319
146 258
11 16 135 759 779 981
184 216
13 14 73 507 646 651 798
317 675
394 479 578 679
1 27
9 175
544 997
5 8 60 128 133 168 433 894
579 760
33 260
257 842
67 68
17 227 279 400 487 498
5 320
489 577 738
288 308 515 636 783
51 321 338 352 502 975
149 467
97 724
16 170
225 567
28 62 521 656 919 956 970 979
324 664 838
267 453
197 973
60 95 131
145 167
48 105 314 539 628 738 996
64 77 303 626 644
5 80 358
67 70 300 488 734 980
7 57 208 736
25 52 169 254 538
14 55 67 458 513 539 671 831 859
118 366
16 400
78 160 594
341 482
3 19 66 150 475 491 813 862
264 637 929
83 285 582 649 755 794
67 997
8 435
88 108 124 186 196 214 290 642
151 224 266 405
102 317
127 519 562
32 48 62 186 384
91 136 348 517
92 103
68 147
12 92
108 319 988
14 119 228 250 347 791
270 312 398 743 768
50 52 83 92 179 392 582 855
11 29 131 304 495 514 686
6 314 524
211 600 836 885
31 48 111 354 901
45 133 448
2 15 28 49 482 488 690
799 824 853
96 263
5 18 291
39 251 877
30 107 613
77 224 266
514 970
17 21 63
20 438 919
72 233 270 541 580 795
91 516 648
161 774
937 951
7 10 22 42 140 147 242
141 301 465 549 673 816
37 117 133 682
2 165 244 253
235 464
137 215 769
19 149 467 537 652 819
13 44 73 110 184 276 375 764
384 471
137 146 318 786 791
30 271 503
116 441
163 367 460 712 733
47 74 173 811
9 41 73 533
134 334
447 580
10 20 243 351
51 321 714
211 443
36 56 655
2 98 141
110 137 172 239 301 665 993
12 331
99 121 229 240 742
72 198 270 756 780
49 53 79 155 350
18 106 130 143 332 851
13 17 22 52 143 318 512 518
91 120
173 296 883
599 797
168 399 531 974
33 53 59 68 85 104 174 510 884
48 58 623 653 745
31 42 148 934
371 914
26 89 254 272 889
79 527 698
4 103 156 158 272 515 620 930
102 461 729
32 126
199 700
79 323
3 75 163 294 568 633 935
75 78 263 357 402 678
5 465
31 76 403 573 622 681
221 295
22 28 304
85 127 138 419 433 719
98 204
8 782
91 211 890
115 191 370 519 648
131 659
46 235
280 872
257 527 927
12 52
326 957
9 11 250
31 167 364 982
9 35 146 724 755 898
88 671 864
144 231
109 325 356 559 642 669 921 931
11 565
127 451 990
19 20 21 159 176 365 369 813
19 136 149 387
261 522
50 178 254 436
140 711
22 35
57 65 105 798 895 896
341 350 449 633 647
128 577 876
15 34
29 200
22 41 66 508 719
34 49 323 469 523
1 3 987
100 320
84 113 347
39 109 147 338 691
39 532
500 637
213 901
17 77 99 353 487 625 641
12 329
6 170 967
24 219
18 80 114 164 190 209 287 332
136 198 706
30 822
558 660
34 53 960
14 242 857
58 63 113 295 352 411 416 556
181 287
85 315 334 522 731 918
208 217 316
178 232
75 86 97 167 720 801
450 803
223 567 817
366 484 495 575 618
63 169
139 217 735
12 849 913 952
49 67 85 115 191 278 350 523
44 122 444
14 20
30 94 294 991
3 987
3 98 163 349
1 9 24 188 275
59 147 234
57 220
187 815
19 62 99 328 412
18 45 100 106 114 529 933 994
121 169 295 411
38 59 154 335 437 510 789
13 33 38 67 454 591 683 740 961
105 505 661
5 8 13 45 116 130 309 965 974
36 38 529
113 161 804
110 413 993
16 362 759 760 817
9 51
260 323 695 884
145 229 765
166 170 946
130 141 528 629 834
46 62 90 718 877
383 629
18 881
342 349
21 51 58 67 502 722
118 369
175 228
42 414 497 965
18 805 959
11 37 170 686 925 995
10 20 64 71 548 654 736 833
178 481 592
43 437
2 841
24 27 193 399 525 765 938
330 612
14 67 527 892
80 181
5 130 406 832 937
138 169 283 499 975
77 605
6 10 395
426 546
22 252
17 148 193
75 199
927 959
46 90 195 230 261 412 675
115 260
94 163 483 741
697 873
78 86 626
3 46 124 233 238 327 376 657
151 224 525 771
343 472
38 337 858
5 36 117 123 171
774 862
24 554
57 71 297 654 934
697 729
38 70 72 82 85 961
9 170 202 239 267 507 512
38 49 127 154 381 571 763
151 225 579
78 720 742
59 98 215 311 409
6 166 282
6 12 50 76 103 206 515
67 761
130 440
86 263 403 419 714 765 782
77 279 583 697
77 240 303 498 605 644
27 49 99
3 36 38 117 288 327 997
47 886
183 384
58 93 121 129 300 307 321 647
61 234 257 695 775
127 544
58 388
67 315
95 100 116 291 462 757 837 867 994
51 58 277
46 438
105 251
2 477 684
129 283
120 180 211
120 423
42 365 410 584
13 106 146
408 733
255 392
43 462
139 754 969
421 669
854 911
231 491 580 597 652
4 392
12 39 126 356 511 848 926
99 227 279 625 725
2 71 273 484 494 944
58 121 129 402 975
1 90 134 235 379 848
35 397 774
56 90 325
8 47 60 102 687
18 226 466
14 44 212
4 112 189 335 402 462 502
135 967
54 276
94 949
5 100 635
72 203
385 530
111 192 865
15 68 85 115 451 983
16 383 685 946
4 5 116 194 195 226 615
42 158 284 365 708 962
4 511 748
165 277 536
139 161 593 969
364 625
15 16 70 153 527
83 670
229 487
613 768
31 35
205 349 675
7 57 97 192 397 584 646 916
21 216
40 162 445
30 40 93 325 469 555 778 843 936
286 447
6 44 170 590
13 73 109 496 780
369 575
1 55 95 406
316 472 818 893
8 45 55 287 989
41 119 202 415 496 638
6 29
337 453 482
63 109 253
424 773
54 74 173 205 428 807 993
8 96
284 353
81 105 201 505 896
50 89
369 382
315 542 627
1 40 124 493 610
11 105 661 702
108 290 418
44 202 228 281 376 834
128 481
54 137 281 455 732
34 370 474 501
8 194 358
4 121 165 169 210 221 311
82 541
118 581
20 736
3 327
201 348
10 180 208 211 218 600 667 885
14 651
118 171 245 309 333
17 672
3 231 621
82 425 506
12 50 262
130 171 259 363 406 989
20 24 81 584
158 248
58 283 481 751
9 455
78 237 390 405 537 649 720 746 809
168 332 972
23 96 611 633
34 174 197 783 882
18 431
102 157 461 578
27 205
140 895
3 202
499 825
19 66 387 858
1 3 209 557
398 503
2 597 793 991
209 603 951
701 835
149 835
316 971
48 377 404 844
134 233 541 614
74 427
115 119 755 766
8 18 554
206 329
4 289 344
137 948
20 218 564
76 137 326 604 672 857
31 354
150 198
6 69
34 43 66 355 447 928
383 966
4 778 817
72 84 345
111 804
11 139 658 754
7 71
10 57 414 624 740
25 26
394 649
5 96 181 245 320 781 984
93 225 330
145 160
148 603
36 106 190
229 924
3 24 163 205 302 477
473 758 1000
185 259 291 431 476 976
32 57 261
48 153 522
79 85 908 911
342 373
275 291 806
8 664 777 838
2 73 172 175 344 413
91 818
85 154 930
129 210 416 502
10 57 222 274 353
87 204 968
164 174 259 480 663 972
486 569 927
50 620
64 403
101 717 869
68 104 146 272 574
37 55
106 194
75 525 614
9 61 69 104 278 399 810
455 739
15 257
4 12 25
2 569 666
138 155 312 951
2 215
107 793 939 954
25 81 83 242 297 410 839 849
336 470
338 443 576 658
15 61 85 96 104 341
8 363
213 279
3 66
14 413 812
509 712 922
73 898
7 32 57 220 395 962
61 488
15 120
69 180 543 688
292 457
465 999
64 76 729 963
10 57 319 427 596
152 305
2 324 713
44 154 258
60 133 466
18 203
575 581
733 785
71 942
10 71 120 208 274 353
312 450
33 70 177 372 474 571 875 884
8 65 191 232 540 617
116 171 318 359 553
36 117 226 887 947
10 252 268 286 304 473
32 356
56 238 433
494 552 575
179 251 348 823
81 421 747 856
37 80 181 192 358 406 982
175 732
23 124 342 707
91 688
484 772
5 18 171 263
26 36 64 240 302
322 856
225 694
292 514
15 286 602
9 13 41 662
236 680
88 89 162 179 254 535 917
173 428 853
22 417 786 939
787 891
337 417 446 892
89 103 362 545 991
262 395
50 102
38 542 852
167 221
98 903
228 253 268 281 289 715 784 816 870
72 140 207 265 709 822
17 27 422
1 3
40 88 313
28 275 1000
33 59 308 360 713
56 109 340 691
674 855
183 223 238 360 838
32 53 109 238 246 370 379 459
9 73 846
4 25 53 285
75 156
352 391 572 850
60 815
66 374 393 437 623
50 95 119 187 190 526 558 630
4 26 254 389 656 753
290 557
126 250 318 752 784
694 760
384 979
143 301
140 365
242 344 830
190 359
47 74 173 470 886
72 94 113 305
41 177 358 399 529 553
70 154
423 968
324 567
134 420 691
463 586
47 263 296 563 704 811
87 120 316 543 734 909
5 8 133
69 590 730
296 888 964
160 229 742
34 49 393
32 879
15 49 197 453 454 771
4 103
23 204 486 616
11 686
14 415 715
9 230 373 423 520 831
281 301 382 444 581
68 79 85 842
111 192 573 796
96 130 226 531
10 20 26 515 933
33 619
46 56
191 393 790
3 114 992
596 711
338 380
505 798
42 242 262
8 32 39 109 340 360
157 219 317 676
45 133 140 218 476
6 10 200
289 299
92 394
34 191 337 544 636 644 761
1 295 388
21 128 331 436
144 237 491 526
252 268 939
38 278 370 638
7 9 110 239 957
30 31 111
37 249
184 202 376 681
41 150
82 203 357
257 459 879
14 396 475 623 792 845 912
81 351 566
31 53 61 97 449
26 72 84 199 555
172 202 293 299 468
56 194 607
117 726
68 882
36 441
28 52
133 298 695
31 33 38 191 234 313 330 865 910
65 456
92 272 748 799
64 76 213 240 364 405 407 550
8 36 180 693 972
4 40 52 83 455
51 673
249 253 666
4 50 83 136 179 248 656
942 977
141 212 216 244 281 507 585 612
90 183 384
105 201 532 896
149 271 280
5 45 51 58 558
42 81 142 480
22 119 714
33 59 434 519 619 878
91 120 472 890 893
125 347
2 119 244
195 328 607
46 134 186 310 328 338 361 420 918
653 906
38 59 323 547 762
16 87 196
19 355
355 398 467
1 275
29 54 100 301 730
56 235 236 879
36 209
1 124 205 610 721
28 29 241 256 383 698 828 995
44 54 258 323 396
432 811
108 418 642
6 11 370 685
343 390 648 909
39 46 314 340 787
932 941
52 186 248 264 849 897
47 853
77 725
172 666 825
101 699
129 165
316 472 485 517 543 667 738
269 634 862
608 822
311 728
30 37 95 116 150 190 630 770 861
6 11 16 159 757
35 313 573
40 125 162 493 535 900
273 382
64 78 99 364 482 513 801
34 278 589 632 775 983
12 142 329 753
22 69 83 200 492 779
242 293 833
159 719
1 261 859
21 182
7 210
4 21 949
293 624 692 711
23 125 595
14 141 143 250 375 518 684
24 342 709
87 521 805
509 899
8 123 226 768
27 290
40 493
111 319
41 46 82 673 749
202 228
6 29 135 698 751
309 717
84 385
781 962
5 35 894
2 409
373 401
21 182 232 727
37 440
93 706 893
95 114 298 915 953
145 915
43 60 305 630 689 710 806
298 359 429 998
223 247
336 371 704
32 196 246 532 576 658
66 152
26 104 392
266 422
106 471 546
131 161
61 68
51 556
123 552 618
122 212 562
72 756
32 102 196 379 442 532 985
7 140 194 222 410 749
215 944
182 331
28 133 219 459
233 345
41 127 138 155
509 929
108 609 843 900
50 97
6 166
577 996
102 138 790 958
83 156 737
249 259
470 723
6 139 161 201 217 593
634 904
443 602
4 179
6 28 252 969
180 300
7 10 77 516 596 654
21 232 436 661
123 133
117 123
93 251
142 545
31 40 397 445
226 263 358
41 122 276 344 500 506 715 860
155 803
336 378
40 88
9 474 766
28 492
26 248 375 493 679 794
28 124 188 252
151 583 641
46 66 314
132 269 378
84 425 866
118 359 552
13 512
98 569
37 49 132 269 539 619 713 789
33 200 304 340 536
121 388
88 123 177
55 233
76 151 240 525 604
156 568
45 55 424 531 699 881
29 32 56 134 459 829
168 448
82 233 345 506 999
18 45 332 705
74 427 563
139 161
106 187 386
108 149 282 385
1 294
156 248 570 670
56 126 134 261 452
45 168 209
19 64 82 164 219 513 534 583
4 12 80 555
39 62 109 134 464
2 7 10 81 98 180 361 447 616
53 182 611
36 55 181 249 490
341 454
245 320
47 74 296 883
39 880
137 228 330 608
112 165 210 307 311 457 950
88 198 827
131 132
270 869
193 240
704 735 871 907
21 436 595
117 693
128 745 850
89 158 251 424
24 67 501 980
16 25 29 565 808
45 287 386
41 47 110 216 296 428 563 946 978
70 589
51 112 169
100 168 431
75 113 506
94 710
523 973
120 343 516
14 122 665
152 398
14 29 119 135 256 289 375 911
4 25 63 128 201 255 333 547 940
17 101 676 802
277 307
7 71 131 132 217
69 241 866
78 183 186
8 245
12 92 582 753 778 925
23 75 486
2 15 87 273 716 800 953 986
15 53 547
138 744
20 51 274 278 300 365 852 936
32 426
74 76 550 588 604 688
46 891
16 776 966 981
135 702
104 204
65 354 481 540 592 617 722
49 63 79 86 185 709 990
2 204 409 477 797
1 6 256
346 467 912
91 836
33 46 49 70
6 7 21 57 125 322 703
38 446
32 70 979
64 78 160
87 173
380 426
81 142 155 414 679
62 126 153 314
451 516
30 305
22 354 473 636 874 970
95 440 531 683
43 701
18 36 249 881
5 182 331
2 107 204 460 608 800
17 86 403 916
461 572 609
36 937
37 185 245 363 399 682 726
3 27 188 568
8 18
5 476 699
94 355 689
69 808
5 185
86 213 227
150 231 271 475 968
152 387 503 508
118 366 618
51 121 464 499 627 867
48 80 458 821 889
11 16 561 776 810 966
43 94 107 872 988
1 24 214
11 29 170
4 570
26 142 255
547 842
129 404 536 653 825 831
151 938
84 203
155 892 977
47 427 428 723
153 452
14 668
16 166
24 89 92 538
22 216 252
103 112 352 751
204 903
22 492
533 764
58 63
46 109 334
267 381 417 446
15 159 374
543 818
15 59 104 315 387 401 523
59 260
44 54 119 732
243 740
380 932
382 772
26 142 158 389 737 748 949
14 143 184 678
24 214
92 122 551 662
10 71 431
44 73 250 518 520 551 846
110 276 978
66 159 820 869
37 116 185 435 663 726
185 448 558 976
206 255 333
69 135
2 5
48 243
116 320
88 864
303 534
125 176 540
6 153 828
13 551
63 277 321 411 416
275 401 848
540 868
28 268 457 478 758
1 3 163 349 605 992
5 45 60 187 984
43 144 271 814 990 994
157 572 744
172 496
33 59
9 44
25 206 243 696 794
66 144 503 835
464 932
639 907
7 297 351
7 600 690 890
25 57 248 670 824 876
7 97 386
266 534
410 560
17 58 86 237 266 407 626 910
371 404
143 347
19 56 743
125 178 182 232
76 99 141 160 643 948
35 97
5 18 164 177
2 12 135 215 409 504 659 685 902
176 331 617
833 952
122 326
66 107 144 346 784 788
234 544
1 3 230 294 327 863
35 724
43 45 110 258 665 816 957
95 114 129 164 177 279 448 984
336 883
282 936
44 137 143 752 766
6 16 696
337 930
292 478
55 118 273 917
318 413 812
104 147 257 267 632
80 96 388
153 183 728
7 274 480
9 13 47 74 326 662
47 74
22 473 956
2 87 132 529 684
1 24 124 177 359 483
52 156 362 576 632
20 781
54 175
166 561
34 82 91 113 468
184 528
2 44 59 61 110 315 521 797 800
77 193 224 266 390 407 479 513 528
80 96
5 8 178 490
195 546
40 418
19 58 270 372 377 462 640 716 793
24 249
102 189 555
52 162 559 586 669 864
360 664
82 265 345 903
11 776
52 63 321 411
145 303
3 557 761
8 190
21 30 136 346 377 491 508
33 86 154 326 501 533 574 783
456 677 767
34 73 376 528 585 770
157 391 572 609 687 850
486 680
15 147 215 638
23 27 328 438 631
79 858
34 171 763
287 705
17 982
8 96 663 976
19 30 640
43 819 845 945
578 802
125 128
20 48 489 639 821 914
434 693 717 806 894 999
276 860
13 507 739 795
75 87
11 200 560
22 28 478 514 912
5 8 18 60 185 440
344 643
63 112 142 418
23 124 372 449 537 973
16 963
76 400
25 117 272 913
12 83 92 189 285 310 333 511 570
172 306
111 847
118 273 382 495
194 282 441
48 639
70 488
47 49 74 432 563
48 195
4 28
367 888 922 929 964
16 69 241 443 485 667 730
9 274 578 615 645 802 906
90 310 334 361 412 943
20 25 104 145 197 262 519
8 705
140 218
1 163 205 741
1 230 863 923 987
68 611
17 36 45 55 905
53 70 79 174 197 341 815 931
86 256 826 967
206 377 703
17 23
14 141 948
62 918
39 144 439 524
504 959
422 746
138 148 254
90 101 188 207 246 339 829 941
189 298 504 837 998
218 222 351
148 312 450 803
71 603
10 20 220
172 651
19 107 136 271 820
224 407
102 219
35 40 363 535
13 212
621 954
381 453 468
119 646 920
26 463 570
2 82 84 190 207 357 500 530 922
61 107 689
33 53 591 690
158 189 568
343 485
86 145 280 302
420 680 832
6 93
200 759
2 56 361 379 430 829 921
80 181 223
299 668
12 25 50 83 309
4 12 65
147 267 308
33 908
53 79 174 288 419 574
367 712
844 904
112 295 536
270 508
130 526
18 164 194 526
396 533
68 79 157
3 60 188 230 935
27 294 381
1 3 124 923
65 128 146 415 562
363 683
12 64 76 77
917 953
203 259
51 90 129
29 69 74 170 256
109 426 731
206 272
24 95 851 955
10 42 140
12 31 35 97 111 727 916
460 888
678 750 809
54 131 253 283
8 171 184 209
55 60 106 279 435 441 451 553 823
45 106 214 483 655
114 150 429
19 280
7 284 560 594
45 78 160 302 996
77 86 433 588 873
18 60 171
165 169 556
93 348
73 89 138 155 274
12 21 132 988
40 445
122 212
87 599
26 31 192 255
75 564
62 368
23 707
123 245
126 195 310 339
21 65 650
41 44 73 376 846
105 163 201
187 429 476 924
9 870
23 101 902 928 945
7 30 66 222 368 475 566 792 857
108 208 319 327 847
65 306
193 213 725
5 757
258 276 512
156 389 587 674 696 913
224 227 390 915
75 113 425 554 564 700 708
77 302 963
1 168 193 434
39 606
292 374 478 872
25 50 72 206 394 925 992
10 42
46 340 631 919
54 562 681
39 126 328 452
75 265
29 39 62 90 235 926
91 120 180 909 977
87 98 521 722
264 460
265 345 541 641
41 239 258 500
12 26 83 89 156 189 389
13 14
73 143 549 585
34 814 923
22 28 457 607
26 116 737
11 854
64 498
461 676 744
19 136
19 43 231
34 59 852
113 598 789
4 839 955
187 332 490 583 660 861
65 125
132 269
127 875
264 367 368 408 880 899
15 510 931
37 55 97
30 395
78 99
37 100 114 434 770 851 861
250 299 430
