8 55
136 144 149 282
686 981 995
17 30
290 516 598
99 626 710 915
137 146 184 289 375
153 879
419 481 540
20 42 257 548
12 767 773 913
87 736
59 234
76 550
361 917
45 56
112 311 536
166 487
76 910
8 55 408 445
252 268 478
22 268 524
20 71
43 286
78 210
160 302 390 817
62 109 848
571 646
239 310 575
224 515 855
39 68 368 922 929
7 18 79 81 190 362
158 397
13 54 533
675 935
173 636
2 11 16
26 43 124 143 282 295 468
259 699
4 92 254 538 794 913
25 108 258 486 916
149 150 234 280 878
400 407
197 288 392 627
18 24 46 89 170 259 443 786 995
125 182 232 436 442 650
444 682 774
367 880
54 202 216
35 804
20 57
4 42 106 174 404 542 855
77 113 150 203 425
22 29 69
73 93
34 101 236 578
13 131 205 891
107 320
240 266
8 56 62 74 158 250
176 595
2 20 30 175 198 345 346 435 999
111 258 260 400
1 277 291
195 310 459 631 808 966
120 326 602 885 893
75 154 170
67 145 548 799
98 411
318 396
37 399
36 45 263
60 291 554 957
69 126 244
333 949
6 230 923
6 16 543
81 463 613 854
93 105
41 533
120 472 885 968
32 39 46
305 329
7 71 140 414 417 427
108 843
1 30 99 254 437 656 962
252 298
2 32 56 334 822
23 88 325 418 421 732 900
316 343 443
32 464
22 53 123 263 305 393 429 453 643
23 144 538
156 208 313
451 464 678
1 587 992
3 103 105 176 583
42 86
245 837 861
373 557
166 333 936
23 236
6 826
9 14 122 212 289 585 662 673
132 139 161 217 969
23 101 139 168 719 979
97 192
85 119 161 846
48 677 738 904
16 702
70 527
195 225 691
146 239 276
94 237
12 57 149 998
86 99 302 403
12 83
21 67 481 592 910
40 843
19 246 366 502 650 666
28 65 128 232 1000
38 128 191
66 137 323 718
9 376 396 562 764 816
1 3 15
18 441
231 271 398
3 27 124 557 675
97 111 354 573
2 3 87 523 959
15 536
138 155
162 290 418 493
47 173 336 649 924
38 72 634 921
10 218 365 594
34 59
371 671
24 144
65 128 450 603 633
91 533 983
531 880 905
49 123 169 261 494 895
42 222
15 177 242 367 679 724 748
23 196
78 240 243
61 147 370 632
251 823 896
127 350
15 67
156 329 670 876
65 182
71 140
416 666 825 829
230 373
460 509 964
21 93
7 81
16 51 485 642 684 700 997
34 235 246 385 600 639 879
335 467
23 615
357 965
3 304 531 835
63 129 186 227 283 311 985
8 37
892 908
123 181 190 298 660 852 976
52 158
115 735
420 464
80 699
5 147
27 459 697 886
10 331
8 31 97 192 804 870
212 376 646 948
50 189 480
1 113
45 95 117 171 194
5 45 185 249 529 663
35 372 712 899
138 201 275
18 60 114 117 655
188 230
15 68 79 267 510 776 777
173 336
161 312
478 758 939 956
223 713
41 102 110 119
66 387
28 50 81 135 214 250 370 498
20 75 84 164
20 81 736
538 555
205 801
19 282 537 580 825 835
12 255
569 797 944
32 265 488
3 122 155 180
1 4 7 452 544 933
52 349
7 70 203 488 607
94 159
26 248 511 651
730 981
104 123 144 365 514 670 924 982
91 343
9 122 130 175 551 957 993
4 25
97 247
17 60 125 245 492 529 730
251 505
127 468 544 619 633 960
359 476
22 144 335 346 387 710 845 872
8 434
72 84 203 756
63 316 343
14 202
88 559
560 566 934 952
27 114 145 568 705 842
31 192
138 312 450
82 90 490
30 282
87 353
38 393 772
24 327 483
2 4 160 955
5 8 22 622
147 701 954
83 256 388 719 978
64 130 218 418 436 470 706
64 145 151 213 303 601 656
8 194
6 13 54 415 549 857
259 717
252 514
7 20 140 218 414
56 321 451 666 751
84 102 174 564 708 756
32 90 126 195 412 438 614
30 66 93 97 159 447 768 771 878
148 151
16 65 188 935 958
3 201
33 38 519 574
17 77 588 672
64 99 224
178 232 331 948
40 88 891
2 18 204 477 516 688 841 971
54 184 752
234 341
20 208 749
13 159 518
285 839
28 72 82 93 105 823
6 37 201 511
101 578
24 163
34 61 115 267 370 419 454 983 997
128 186 473 499
78 176 240 403
121 149
496 637
1 17
93 222 472
150 288 801
138 148
29 125
10 57 566
16 56
45 76 183 190 213 390
20 57 81
18 20 71 222 242 249 395
361 394 413 501
3 76 168 734 959
95 440
36 54 195 325 363 393
77 78
15 61 191 766
52 102 116 157 676
48 668 671 831 844
49 300
135 166 629 828 946
75 265 289 643 673
140 182
13 54 110 112 175 202 311 384 681
32 75 113 207 233 264 509 530
2 3 82 214 863
72 113 207 345 425 614 700
71 92 142 179 285
248 394
537 613
165 409
66 154 344 874 898
39 340 731 943
42 112 191 384 905
94 204 475
156 581 597 695
16 29 383
207 380 606 932
101 236 259 348 578
577 634 745 904
677 831 914
84 293 357
486 680 869
234 501
261 327
292 457 622 874
153 186 196 430 524 950
198 792 819 963
37 217 720
186 658
470 853
104 468 761 763
12 436
5 21 37 60 201 209 531
168 226 388 999
111 909
148 472
2 204
155 182 423 756
19 45 60 68 106 164 181 989
1 214 483 978
215 223 289 347 370
71 351
118 273 495 552 575 727
148 982
48 593 735
83 752
1 27
151 159 309 888
159 282
12 158 206
16 135
254 342 409 570 579
41 268 549 928
134 294 899
19 237
113 274 377 503 703
233 240
167 224 302 547 809
23 49 68 231 307 349 832
147 234 279 358 504 914 919 988
55 258 299 375 733
173 470
180 688
30 31 107 108 152 355 621 827
81 236 417 555 687
47 74 173 807 811 886
342 814
47 563
12 82 92 100 117 169 187 628
209 230
8 806
30 640 845
7 10 57 243 274 711
89 949
10 138 205 266 327 910
106 200 413 508 658 871 902
248 293 450
247 625 760 838
34 775
18 36 168 185 253
31 35 360
102 317
19 954
127 134 580
8 236 559
12 92
41 137 141 143 146 612
36 72 111 185 527 711
67 88 803
18 484 525 644 943 971 975
2 74 93 859 992
40 46 109 691 802
6 11 29 69 565 685
92 163 479 555 568
290 319
162 263 509 806 976
5 35 63
42 830
77 78 193 227 625
25 184
149 374 872
1 91 122 173 248 281 354 422 830
889 955
169 210
4 739
78 357
3 99 333 364 513 534
157 359 391 508
180 256
1 188 741
59 308 506 695
10 140 262 322 395 444
19 25
5 440
48 100 165 362 885
405 697
44 64 151 725
11 269 754 862
28 956
40 445 642
270 408 493
243 965
11 29 61 241 866
46 59 109 126 361 532
24 863
540 650
115 996
67 449
253 897
46 593
74 241 470
40 70
95 139 378 774
28 72
3 25 105 179 255 424
8 36
99 152 534 556 938
37 118
8 20 933
39 251
9 152 238 255 567 746 968
206 696
63 129 147 169 260 488
19 553 558 692
76 166 200 272 287 301 789 836 954
47 56 71 249 274
727 737
22 180
107 346 355 437 623
43 983
22 95 128 221
13 14 791 812
33 53 234 308 973 990
51 304 694
67 141 310 601 673 813 915
182 722
4 679
23 243 358 479 629 691 996
219 317 391 461
15 54 165
120 157
40 88 669 747
31 171 433 549 651 732 834 978
24 815
115 174 789
12 41 48 115 181 243
12 299 433 947
40 98 409
35 58 253 295
295 321
25 449 570
100 133 332 358 429 553 837 984
39 235 576
67 191 372 638 761 902
109 303 314 607 921
66 80 123 226 327 693 805 984
7 42 322
211 491
62 69 374 482 507 929
66 136 450
8 800
211 423 517 543 667 818
58 277
211 485 498
19 47 64 74 173 432 890
521 803 951
66 599 845
38 486 645
438 546
15 34
58 160 307
51 58
6 15 82 95 278 698 778 851
34 59 542
6 23 29 170 241 245 565 686 832
4 12
1 27 80 117 130 994
231 374
260 454 571 790
28 252 304 875 970
5 40 559
561 565 911
39 382 946
21 208 271 429 963
7 47 427 437 640
40 162 418
2 342
132 386 512
19 43 94 271 597 635 743
540 592
143 591
79 188
14 216
458 718
19 322 375 483 579 860
35 51
14 280 492 974
34 346 368 802 856 948
107 467
139 862
116 384
448 638
29 138 170
24 271 992
375 444
61 543
334 464
96 306 435 465
19 286 305 475
141 347
84 134 235 238 950
11 29 53 60 134 391
19 120
39 77 257 519 834
153 339
26 189 587
1 230
43 136 270 280 462 467 551
8 54 178 386 392 930
353 895
73 216
11 29 779 967
87 659
67 69
7 767 768
195 379
30 39 150 503
64 279
72 141 339
186 920
61 197
86 525 729
106 117
19 447
13 137
4 103 385
28 34 37 53 85
41 73 662 734
36 851 947
68 97 147 451 468
337 690
10 609 856
21 176 802
46 314 379 395 726 877
76 249 765
44 497
10 198 715 936 986
117 690 970
13 72 75 541 562
22 28 268 304 473 874 970
121 193 707 810
75 180 197 439 471 751 852 861 862
284 517
44 780
112 121
45 125 147
5 8 60 181 894
276 755
457 723
596 833
59 523 652 966
97 521
218 220 497
1 380 701
89 779 795
5 29
30 878
24 29 183 223 342 360
674 853
121 129 311
614 624
82 88 385
5 36 55 177 683
273 316
39 246
297 627
13 32 85 106
33 34 38 90 119
9 146 585 846
368 847
2 38 87
85 115 154 323 501
4 48 140 404 456 458 554
68 85 257
69 166
408 733
47 324 445 947
84 132 274 296 306 398 723
104 322 589
64 138 977
30 827
1 455 520
912 956
296 573 681 807
17 407 678
300 314 382
4 26 189 794 897
405 583
273 484
847 864
297 952
5 168 245 770
48 371 458
421 833
36 441 960
34 68 70 547
102 253
75 84 233 314 708 795
192 247 926
88 158 334 348
425 506 897
96 259 868
264 265 357
200 383
32 39 183 235
3 110 723
13 360
76 641 644 801
124 349 400 557 741
33 69 260 598 694
272 392
143 193 244 257 267 681 786
154 474
9 241 273 528 556 710 964
4 7 25 50 515 591 778 877
41 265 364 460 762 785
34 446 892
6 11 866
76 78 151 487 525 750
25 92 126
41 44 212 522
58 63 210
60 100 133 287 412
3 40 319 421
52 942
48 821
369 410
10 934
32 46
10 24 148
86 229 292 618
560 781
33 129 262 497 575 604 712 769
39 109
301 612 715
32 56 338 459
415 719
155 603 803 951
18 61 65 287 321 343 489 990
420 979
14 251
160 193 224
67 323 372
53 70 474 873
22 153 452 457 492 514
2 98 204 504
91 120 543 909
86 469 901
118 581
5 117 130 168
3 124 362
74 336
14 518
126 196 338 356 452 576
175 388 647
22 28 492
577 821
94 346
320 412 626 988
17 167 583
325 738
69 103 383 590 698 759 995
539 859
36 114 393 674 972 998
9 455
111 397
107 142 206 770
79 155 381 731 884
493 900
47 74 795
63 121 129 165
124 327
58 221 328 499 932
133 405 635
28 939
91 211 472
31 177 303 355 510
221 301 931
33 109
110 735 922
53 167 229
35 135 569 596
104 453
27 58 136 142 374 378 703 820
71 100 373 794 872
31 579
31 313
434 894
11 26 73
115 716 783
293 386 594 596
72 345 385
202 647
6 11
82 758
26 38 46 104 113
151 513
10 20 218 243 284 365 654
124 160
113 700
74 434 474 590
297 962
37 107
267 401
220 308 379
367 368 785 922
6 200
3 923
53 62 114 219 244 365 518 560 659
42 52 222 370 389
50 52 570
1 3 163 216 445
191 908
239 352 685 816 876 889
49 79 266 695
107 508 822
81 208 218 692 740
27 131
41 791
7 140 208 274
1 24
319 535
14 73 512
79 784 967
62 90 134 238 985
4 586
67 260 300 961 980
26 89
51 253
49 59 300 315 341 469 852
16 39 70 452 576
111 796
61 63 98 986
33 130 432 456
27 181
5 35 51 733 855
40 74 90 807 883
2 87 353 599 818 944
108 184 319 481 832 993
71 213 242
382 618 665
302 653
58 307
888 929
2 37 87 111 204 546
64 720
10 13 326 689 721
566 726
2 63 146 576 750 805
131 132 378
19 178 198
88 391
2 215
85 586 651
43 820
503 840 986
187 526
6 11 152
74 811
5 57 58 125 159 356 505 530 536
114 155 757
240 316 734 836
23 101
75 84 564 909
25 40 535 537 669 804 864 883
164 287 291 454
484 618 953
400 423 525 977
225 713
135 142 925
102 157 167 309 364 746
9 119 122 301 415
78 85 89 506 617 671 913
3 532 648 675
62 109
54 376 755
237 743
443 516 893
201 251 903
331 395 617
180 212 244 344 820
104 428
14 44
69 170 383 561
6 150
480 830 952
39 127 238
328 546
278 323
95 100 130 298 531 663
146 226 336 431
363 561 590
222 241 247 645 664
279 534
252 457 558
32 101 270 911
16 785
526 744
46 84 312 376 506 743 765 772 819
636 960
22 28 39 311 777
272 696
42 213 220 250 293 410 588 833
170 204
286 313
3 24 27
9 754 771 957
171 177 435
256 940 975
105 109
40 88 162 276 487
318 347
44 73 123
21 65 178 442
30 32 387
76 77 160 963
45 122 142 193 446
227 729 817
111 169 313
173 883
137 609 676
706 896
46 68 544
199 385
21 134 153 238 810
199 285 595
397 600
3 4 27 38
10 215 277
9 14 54 73 119 244 318 444 898
254 799
47 731
21 194 515
245 729
37 49 341 482 519 973
36 60 998
60 96 107 259
172 244 258 415 739
145 400
53 337
60 140 163 359 641 688
308 330 601
9 108 162 559 606
283 502
127 980
4 12 52 83 214 538 917 1000
310 919
161 815
37 80 87 181 320 399 434 465 554
3 27 188 657
29 256 267 438
395 426
36 102 117 219
369 772
8 44 82 105 283 520 547 732
34 154 197 417 690 761 814 858
1 2 39 186 246 340 476 860 918
14 191 212 216 250 281 326
77 99 145 213 403
33 389
264 573 796
31 35 97 604
11 828
83 156
351 394 488 519 771 990
14 41 143 507 528 610
42 414
11 16 629 826
433 645
90 334 430 438 709 854 928
2 8 137 179 522 542 564 892
97 199 209 340 407 496 514 562 663
505 798
1 10 27 205 381 775
38 59 85 111 127 762 898 899
41 64 330 713 745
15 17 422 451
118 366 496
32 59 255
12 89 103 511 737
13 58 253 277 906
217 269
64 86 224 227 550 626 982
120 836
6 26
28 136 304
93 164 195 585
88 108
22 172 184 466 528 851
541 760 866
99 791 945
341 493 569 763
25 179 431
5 18 42 133
1 146 455
52 73 127 183 337 356
68 882
25 31 34 189 278 907
302 553
55 164 682
15 70 591
6 213 790 849
102 317 549
103 394 839
10 20 42
11 18
81 242 584 683
51 112
55 185 226 298
70 142 611
6 129
152 912
5 130 359
25 50 86 96
63 420
2 409 504
135 698 702
4 58 112 165 210 647 840 877 965
78 427
2 43 215 599
21 24 176
319 476 548 593
11 16 399
174 458
55 218 271 582 616 676 692
78 309 441
1 3 5 32 52 56 479
3 24 114 163 188 657 958
45 55 320 338 406 440 682
23 477 758
11 177 406 466 471 490 994
115 315
52 206 248 748
181 441
13 119 876
51 653 940
153 225 414 632 757
164 937
59 159 882
50 362 582 725
500 776
50 54 73 535 660 755
103 248 254
247 579
37 95 96 117 295 774
14 21 118 136 203 515 841 884
5 96 309
59 110 127
43 47 387 432
17 364
122 228 250 696 766
41 141 172 239 299 834
6 162 317 592
15 67 762
53 70 308 350 619 632 638
284 560
9 122 198 281 329
294 401
16 135 170 180 200 612 966 967
237 305 398 788 827
64 77 145 167 229 550 604
94 231 621 792 928 991
704 745 914
121 728
25 62 379
91 211 440 516 602 648
13 16 621
83 371
211 517
99 605
131 139
2 11 16 98 672
3 196 342
61 931
17 873
21 182
101 551
80 247 303 539 567 850
47 133 207 217 499 603
219 227 475 619 864
17 76 94 129 160 193 405 809
61 104 257 288 510 636 850 931
1 24 27 66 105 163 230 680 936
8 132
12 50 158 424
22 217
26 189 545 649 889
199 233 269 357
89 598 882
25 46 89 329
5 37 856
80 1000
521 659
322 584
17 64 68 134 145 219 494 544
3 205 294 958
417 842 858
62 126 134 183 356 380 428 824 926
106 164
43 640
849 955
13 288 474
47 296 853 886
45 130 630
6 16
120 589
704 738
143 282
62 361 439 941
38 278 366 393 446 527 789
120 402 423 443
497 742
29 58 473
10 297
1 421
106 630
157 572 687 744
50 463
32 46 56 261 356 658 859
66 268 469 574 643
6 11 238 759
637 857
294 401 406 483 721 987
34 96 552 927
33 35 43 280 350 419 813 969
42 490
9 58 216 786
718 844
49 104
139 442 991
369 495
79 278 482 510 527 664
9 72 172 520
199 203
20 262
68 192 283 299 328 741
41 44 110 143 927
48 65 489
38 70 85 338 352
202 846
31 45 169 392
131 132 420
33 850
133 171 961
340 361
18 183 934
9 301
57 781
202 228 573
8 27 187 188 214 225 694 721
93 251
15 68 85 257 627
21 868
66 652 819
51 277 752
19 232 323 467 904
228 299
213 289
396 413 551
35 119 397 465 502 578 865
125 128 155 312
20 50
15 33 59 288 439
38 197
95 185
7 823
88 112 824
14 377 433 500 739 920
306 595 835
73 137 281 413
65 617
382 484 494
273 572
7 10 20 297 584 895
104 487 498
82 84 541
1 87 242 572 749 950
116 168 209 399
141 172 375 920
145 193 422 513 750 915
67 79 195 469
139 161
44 334 921
9 110 344 668
1 294
86 809
18 36 45 95 114 209 249 320
102 150
27 205 373 765
24 912
54 376 870
223 225 360 838
53 231 339
102 131 306 561
46 340 628 941
22 40 59 98 122 178 307 534 901
7 10 208 262
4 156 206 849
266 672
477 684
814 961
186 401 530 572 775 822
459 919
285 463
13 143 501
887 905
18 435
47 55 100 114 226 363 539 568 669
128 317
18 61 625
77 390
21 65 481
20 94 399 454 553 844 848
1 53 275 337 349 624
328 615
205 266 286
79 569
12 25
53 194 465
35 354 397 460
348 661 706 972
142 255
85 174 278 367 449
8 176 406 545 571
105 348 994
453 580 930
18 36 55 96 116 287 466
148 485
21 62 92 246 306 325
292 296 324 336 563
197 300 428
129 144 537
350 388 716
141 533
46 90 532 631
203 265
31 841
11 16 66 256 475
8 45 187
51 352
15 31 111 192 207
30 335 491 991
23 138 187 318 396 780
220 486 736
829 926
2 945
28 268 473
147 324 360 567 664 777
55 60
23 72 123 207 517
281 326 816
56 325
8 18 55 194 558
620 782
17 33 53 716 783
790 875
503 701
339 539
693 887
63 210 840
31 216 987
7 225 229 482 869
324 567 648
7 335 540
93 201 330 610 661
48 634
43 67 152 174 355 372
12 89 156 179 272 333 674
133 164 185 363 431 976
33 611
41 184 258 496 764 780 812
171 290 394 867
14 16 30 77 90 237 262 828
471 891
78 86 498
22 131
100 106 386 726 753
37 80 95 116 358 655 757 770 989
10 141 208
136 374
183 941
2 805
7 81 274 293 351
34 332
264 490 529 906
5 116 240
4 220
47 432
138 160 942
521 959
98 106 355 410 462 714 759 858
105 201 661 798
324 461
120 893
166 628 639 784 831 871
26 92 137 502 693
290 747
4 115 223
80 431 861 972
123 512
63 277 352 388 402 416 500 597
65 232
30 152 231
157 219
52 69 728 881
426 787
93 105 217
167 808
31 99 763 981
642 900
35 192 724 865 916
31 97 354
74 82 979
124 167 350 491 940 951
5 448
426 513 678
8 80 96 194 461
4 83 285 329 392 505 555 778 867
3 23 103 190
5 187 660 705
19 69 75 256 854 911
113 541
276 944
35 800
275 863
18 116 332 476 717 724 881
49 380 478
21 148 275 280 479 704 896
106 133
154 408 712 749 888 964
118 366 581 953
35 97
51 219 461
404 456 881 907
149 153 159 198 652 813
23 869
699 773 932
235 328 630
378 793
46 129 352 411 426 546 714 730
30 665
101 615
56 98 631
63 112 121 169 720 930 975
95 880 907
100 291
310 384 430 439
13 14 110 175
153 211
18 161 754
49 686
52 114
5 92 196 509 764
6 685
32 522 616
75 233
40 108 535
77 377
71 110 142 333
330 348
26 670
26 42 49 57 62 70 284 547 548
44 48 65 90 116 321 587 783
171 202 249 364 605 609 977
63 536
381 523
165 172 239 270 276 318
21 121 125 178
7 10
30 689 793
228 989
23 56 236 707
98 945
108 341
33 91 343 485 602 667 890
6 582 939
10 103 558
161 179
22 118 209
199 207
26 92 463
25 26 52 83 156 158 824
33 316 843
347 769
313 354
4 29 980
8 190
2 98 215 616
7 662
11 107 228 448 817 923
17 20 611 818
65 125 128
37 177 782
4 25 398
5 177 298 363
19 270 437 447 971
9 80 119 137 512 637 769 870
72 345
62 126 190 339 384 522 787 848
34 66 331 903
9 119
520 665
136 144 270 508
494 917
1 937
123 131 171
2 12 139 269
134 261 379
3 28 36 43 75 185 857
2 48 113 403 428 565 837 918
23 291
55 269 683 806 938
55 226
48 371 677 767 996
174 542
47 74 427
152 237
17 86
110 507
411 416
44 847
35 252 610
22 28
130 281 489 800
44 331 380 396 773 839 993
13 456 622
167 229 369 901 938
49 61
411 556
51 221 307 653 728
6 170 689
17 87 263 315
22 292
283 714
33 43 49 61 68 335 571 768 988
56 879
255 389 545 753
13 212
26 54 89 189 389 582 748
131 132 139 378 586 613
382 495
4 448 766
155 386
1 987
9 154 172 292 345 390 430 942
215 903
136 144 271 491 608 635
166 530 708
12 26 52 57 83 103 545 649 656
157 687 815
19 594
78 279 390 583 605
31 447 655 657
12 17 60 79 235 504 557 811 825
79 184
64 224 279
11 210 377
142 156 179 206 568 884
51 250 518
44 108 109 124
42 140 242 746 925
24 279 419 937 973
13 143
191 254
14 89 588 633 709 722
21 246 829
154 523 528
272 424
480 624 933 962
100 332 793
40 43 76 797
190 526 554
296 563
28 404 442 654 787 838 908
77 453 455
462 703
6 11 16 135 166 702 810
15 38 381
286 305
66 200 368 792
3 27 163 269
338 372 524 608 727
36 924
4 10 91 577 679 788
14 165 402 499
223 570 760
90 261 471
5 37 187
21 383
17 49 51 151 209 229 697 717 875
150 623
96 116 309 529
9 245 332 349 358
44 233 276 344
8 429
715 860
50 949
194 263 974
7 71 275 620 654
315 997
149 198 580
16 29 239 776
91 890
4 17 26 50 80 94 163 347 462
29 135
15 17 36 524
90 175 424 606 873
57 203 353
76 101 189 389 412
4 83 103 422 511 564
2 114 204 260 466 821 865
5 38 725 887 969
266 644
29 108 446
371 871
228 500
7 220
7 273 366 744
126 197
600 968
6 367
132 171
232 584
44 84 162
45 705
73 83 784
62 94 96 217 264 344 351 402 985
9 101 680
3 24 275
141 146
49 57 91 161 172 314 387
425 826
295 867
15 27 127 267 449 507 916
124 709 935
32 196 261 607
75 113 265 974
50 104 126 480 894
258 646
263 381
132 312
53 589
39 532 918
148 272 925
9 28 157 362 623 737 747 812
1 48 112 212 742
48 115 196 330 577
73 227 284 326 668
410 566
1 86 214 373
162 416 478
133 241 489 639 946
2 14 41 87 98 477 927
151 215 902
214 781
6 107 398 808
740 753
112 165 169 221 359 751
264 460
168 391
38 91 121 563 667
7 210 262 351 353 711 943
116 782
118 552 575 581 953
14 206
10 128
550 796
45 65 70 82 798 984
33 574
30 50 149 150 280 377 574
23 109 125 176 178 707 722
7 57 71 81 118 222 365 552
57 92 182 620 799
407 641
221 321 556 906
15 369
526 999
54 175 562
2 684 797
9 12
15 315 337 842
4 12 158
6 43 69 200 608 779
199 495
94 788
303 740 742
436 868
