88 152 171 436
267 985
542 743
2 18 290 903
30 99 293 947 993
117 178
151 597 686
22 104 124 128 427 984
6 149 238 287 585
31 906
42 120 125 137 320 682 719
23 29 144
77 95 444
4 58 101 309 465
27 34 48 146 743
16 345 729 996
34 46 58 368 509 603
5 41 155 688
63 675
153 606
10 12 250 348 463 520 735 856
8 844 974
10 523
13 52 68 202 412 444 694 923
6 77 176 483 637 866
94 155
173 324 666
261 297 645
55 78 285
43 132 136 147 223 304 322 564 876
39 200 253 765
634 992
384 665 840 893
418 718
71 150 562
93 98 227 944
52 137 247 285 376 669
71 562 687 992
16 25 150 674
4 56 142
190 217
4 141 191 331 633 990
60 89 109 158 254 362 482 541
1 15 23 343
50 173 288 526 554 952
3 5 32 611
298 898
67 232
64 104 337 502 646
119 264
14 109 185 286 356 503 585 884
275 316 352 957
64 377 387
5 8 30 43 47 88 496 688 717 974
213 254
35 49 72 90 95 99 782
58 89 114
6 200 999
30 82 89 338 575 693 741 751 768 821
254 431
32 257
68 185 340 407 631
75 676 877
939 997
2 100 135 225 230 260 410 723
74 156 864
41 85
412 539
97 145 493 754
43 160 180 369 576
433 501
139 180 328 607 769 789 802 971
181 262 575 582 604 990
190 323 947
218 546 623
43 48 842 843 1000
85 107 473 500 513 514 521 636 878
80 174 363
33 376 495 535
85 519 720
208 688
24 162 333
66 251 425 724
113 276 299 455 577 822
319 520
55 163 182 196 267 928 960 980
39 238
201 374 494
1 308
3 19 51 57 224 289 676 796
54 149 543 546
20 45 74 197 689 946
8 49 187 271 953
166 483
1 12 79 84 330 713 875
36 163 244 811 865 914
39 507
106 236 383 672
69 457 517 544 632
107 440
9 20 153 172 207 355 602 831 895
33 106 386 416 450 883
37 92 429 519 538 591 843 961
52 55 725
24 359
4 89 241 284 309 390 606 924
4 22 26 142 189
10 12 408 487 592
16 323 539 705
36 48
395 949
40 342 466 517 558 690
17 172 915
21 100 134 244 254 286 793
5 56 912
36 242 637 806 863
155 159 640 737
70 282
400 529
77 520 563
68 926
47 54 67 179 336 339 576 764 961
108 231 636
8 43 49 109 185 732 785
265 393
211 583 658
46 54 210 466
214 679 945
3 5 19 397 497 708
40 123 129 342 948
435 549 732
1 51 190 220 298 304 466 479 795
12 460 830 836
55 78 84 283
10 487 498
252 535
14 63 105
91 98 289 748 823
18 69 193 429 624
59 110 191 351 489
94 737
3 10 304 636 967
10 11 84 386 887
4 22 42 82 89 498 648 768 783
34 55 306 536
158 267 378
470 805
212 568
23 41 102 113 144 165 685 701 837
17 22 26 47 67 199 273 337 402
149 182
70 476
4 142
20 45 90 153 199 201 344 473 630 689
446 486
41 118 136 153 176 555
14 21 88 209 241 904 946
4 59 77 126 164 310
391 778
562 859
14 196
54 105 179 360 901
32 75 248
18 20 295 569 589 681 798
14 143 436 769 941
24 96 340 571 590 910
16 75 117 123 234 269 291 393 968
113 927
32 57 174 304 466 560 795 804
170 482 868
112 242 354 448 980
11 29 127 172 237 285 669 803 953
27 96 138 245 926
18 62 118 142 183 216 696
10 14 73 84 371 597 664 667 683
63 671
104 232
6 23 47 358 608 656 664 706 750 773
145 205 493 508 734
11 50 570
1 331 707 714 746
270 353
195 873
205 754
58 82 89 131 253 332 738
1 65 268
12 57 908
1 83 95 749
22 251 788
13 55 864
673 965
24 35 61 65 97 120 351 359 381
4 142 532 964
69 246
13 415
71 111 134 193 632 817
142 248 612
15 391
16 75 251 291
4 811
9 39 330 497 533
26 30 129 211 365 543 806
18 78 79 141 472 569 642 645
140 234 370
58 101 127 338 871
11 16 28 151 191 282 284 432 462 994
48 65 74 119 318 538 557
51 108 123 220 349 452 551 607 840
24 40 292 935
5 886
794 856
20 74 126 197 305 895
18 413 670
28 102 173 392 443 566 925
58 309
107 148 379 488 584 625 699
243 807
52 419
172 521
3 19 221 792
5 60 214 223
220 377
2 190 414 440
37 112 391 527 851 858 980
14 314 356 668 904 998
110 116 139 363 593
16 66 94 95 108 239 403 861 999
4 64 217
46 146 335
69 838
92 599 794 848
7 45 310 652
39 398
614 781
570 697 907
113 119
145 406 659
114 343 497 714
34 115 415 666 745
8 28 552
6 52 68 94 125 507 516 939
65 69 86 100 195 278 297 549 916
96 125 341
31 100
328 352
21 88 629
23 29 148 198 307
51 93 114 123 141 231 384 663 762 874
10 32 145 313 937 955
164 272
117 122 458
64 130 901
94 166 516 991
66 282
216 586
35 68 79 91 601
136 190 300
20 45 53 536 595 617 964
48 318 638 975
118 298
37 206 211 259 350 589 730 860
79 510 661 785
2 46 196 456 486 608 784 925
27 355
296 945
56 120 440
271 493 530
14 72 83 213 549 727
28 103 151 183 284 296 326 381 563
8 94 124 173 287 654
28 38 122 131 437 742 758
3 128
25 121 375
121 528
5 320
47 49
87 539 788
47 503
956 991
531 673
395 638
72 204 213 324 388 488 770 932 949
6 173 830
139 160 196 213 263 718
2 18 178 218 345 674 700 968
562 634 687
40 57 231 551
112 644
181 499
41 421 495
161 207
1 308 432 649
38 46 73 91 246 290 704 921
6 213 261 547 594 981
54 552
161 256 834
18 438
103 125 453 704 758
218 297 827
113 171 248 341
15 575
6 12 15 258 409
10 28 33 151 191 550
41 292
263 275
46 80 107 368
12 22 30 76 84 145 168 216 356 574
70 428
195 211 467 513 528 573
35 124 163 186 327 464 780 917 927 950
4 11 100 221 277 284 416 470
37 112 377
5 35 48 59 280 890
19 49 125 162 296 320 321 333 705
9 56 120 385 407 675 962
29 53 90 118 165 193 422 596 686 898
52 76 266 296 583 897
37 71 86 87
105 129 189
15 17 54 104 138 961 972
144 229 240 283
8 62 245
279 895
8 44 53 151 506 759 802
6 39 176 192 984
2 18 103 169 408 472 475 640 726
26 179
11 95 106 191 277 405 483
26 52
7 76 111 261 817
3 120 128 306 309 382 700 905 916
156 247 346 588 808
25 81 206 578
1 8 66 84 158 211 257 317 695 698
20 279
27 45 197 364 514
17 646
23 29 144 287 491 812 878
16 113 132 147 959
10 16 25 251
140 743
210 948
23 41 85 300 407 525 720 756 793 861
11 531 653
467 485
89 392 499 814
331 534
17 44 50 130 787 840
27 322 496 600
126 414 473 689
347 525
27 279
347 365
83 371 439 462 649
14 23 120 122 129 342 346 537 858
29 30
17 226 252 524 559 977
44 104 124 246 650
15 23 41 85 102 144 223 515 772 886
4 227 500
472 911
35 158
239 323
29 144 515 764 800 943
30 46 80 92 111 921 942
67 341
1 83 91 236 371 670 757
99 325 363 599
8 23 127 366 397 452 478 549 759
91 156 207 265 448 522 596
3 59 61 65 280 433 464
107 389 657 736 783 881
40 525
2 86 222 569 579 581 696
233 372
24 35 65
86 122 150 723 737 762 930
92 99 370 943
20 27 93 104 153 241
554 614
5 214 430 705 830
101 498
14 125 128 162 224 321 426 509 948 958
9 56 100 132 275 385 569 833
9 63 81 105 309 710
59 302 612
17 461
2 31 141 261 579 732
226 305 662
280 464
250 326
85 555
198 408
25 115 184 394 600 729
6 17 192 238 339 502 609 625
17 22 182 402 915
131 184
48 119 302 474
13 202 682 766
55 295
52 185 647 850 867
53 449
123 671 771 928
28 455 570 818
83 267
111 641 704 848 976
13 23
106 112 329 587 763
42 333
24 39 96 392 625 791
5 7 59 74 103 169 774
55 588
25 501
19 74 183 578 756 800
52 80 238 305 368 491 684
26 64 132 219 501
25 157 259 367 392 560
36 96 127 429 581 819 955
102 283
23 53 148 622 836
13 55 389 456 626 848 881 904
25 50 829
22 50 70 149 337
10 84
12 168 667 951
40 77 382
13 34 67 156 307 593 724 923
353 539
13 647 815
32 36 37 65 110 379 380 852
125 399 679
263 545
24 36 381
186 205 338 822 972
36 359
33 116 601 833
8 14 21 53 434 507 620 727 888
313 541
10 25 68 92 230 815 849
40 50 174 384
277 550 558
17 125 138 924
75 130 133 159 217 373 801
21 208 668
146 559
168 314
177 212 568 702 875 922
22 124 130 138 199 546
89 979
319 383
7 187
35 96 351 876
1 83 313 317
249 420 442 554 637
168 682 908
20 393 629 685
66 654 782
2 144 204 263 323
27 490
69 243 489 508 931
57 912
32 123 252 312 541 747 749 781
12 388 791
1 78 116 164 177 249 723 891 903 909
30 413 469 993
90 136
22 964 966
12 28 77 136 887
174 492 497
48 135 915
57 114 255 731 874 956 991
99 239
46 102 107 239 363 372 383 391 771 805
3 149 404 428 624 982
7 219 252 303 376 711 834 841 996
665 780
265 399
54 66 264 477 559
6 33 438 877
21 101 195 221 387 400 427 616 931
837 943
60 447
1 8 66 109 179 267 370 530 842 879
51 920
139 205 247
150 918
154 537
123 572 648
94 166
121 589
6 281 347 672 825
18 43 71
167 366 372 971
95 191
121 255 259 747
201 803
31 58 89 152 200 332 979
7 56 81 99 357 656 785 880
42 424 873
62 532
6 791
15 148 283 448 561
100 222
581 819
52 247 265 664
4 27 303 411
8 14 213 358 543 703
40 832
12 349 441 524
37 82 162 211 272 565 591 931
54 435
74 76 226 511 556 602 635 746
77 151 242 386 444 863
25 72 132 150 171 378 619 643 930
13 34 209 399
7 310
15 62 292 750 981
8 13 718
47 72 88 139 314 615 628 727 957
3 103 128 135 204 564 611
240 835
19 49 289
1 62 81 198 389 767 842
178 245 741
1 782
505 572 617 687 885
114 216
5 94 588
16 146 150 276 481
18 21 30 60 431
62 114 165
115 147 150 171 248 276
68 94 357
88 118 152 586 911
10 12 84 155 288
123 343
109 208 286 503 974
12 98 391 456 693
1 38 92 237 744 784 949
4 95 106 191
4 67 138 751 966
42 203 387 423 458 529 592 776 849 860
129 893
35 65 97 264
5 157 296 428
8 417 435 684
34 407 721 820
361 807
7 43 45 132 137 161 565 666 899 933
18 429
18 79 847
5 49 135 162 468 610 896
131 959
33 838
126 868
62 363 603 633
2 119 127 193 381 517 712 798
8 21 107 362 454 461 932
105 120 902
1 60 66 343 447 452 536
38 90 215 542 778
101 498 880 938
45 226 235 314 565 574 655 801
10 84 680
27 606
449 471
38 46 60
145 531 900
11 386
46 80
8 73 152 180 209 263 388 607 844 998
30 107 324
32 57 129 312 373 476 724 832
60 215 300 325
59 351
101 311 845
8 23 58 168 181 223 438 577 671 715
12 128 129 397 453 518
7 20 27 59 110 187 310 494 590
43 314
21 821 936 968
37 873
461 809
88 212 584
75 396 412 544 568
423 616 851
48 678
54 95 695
16 578
143 269 710
445 719
152 717
19 967
93 108 831 995
35 36 280 302 327 824 829
24 414
271 349
5 19 165 405
6 143 281
12 51 152 437 586
222 413
17 987
18 33 412 775
8 73 884
106 151 250
26 217 298 580 812 892
627 686 933
262 390
75 251 359 523 661 691 716 913
4 60 62 92 186 189 325 809 818
44 124 179 212 385 455 459 633 972
129 721
86 254
4 5 169 183 249 272 698
2 141 156 185 213 260 480 538 670
74 187 977
21 88 139 181 431 615 816 957
106 284 319 735
94 235
140 167 926
825 945
106 301
2 797
32 50 123
68 166 270 439 997
35 61 96 110 264 471 678 709 799
43 417 608 703
15 23 229
6 19 41 131 401 885
3 320 430 719
208 221 326
42 121 266
46 90 111 142 155 192 345 751 772
117 186 376 532 641 642 929
236 250 614
14 43 275 352
13 411
8 47 122 160 521
82 89 738
22 82 93 210 293 460 651 744 853
93 216 479 558
36 478 824
149 502
62 227
3 179 439 509 924
79 261
451 482
24 471 707
58 604 814 938
50 57 78 174 188 410 487 884 941 989
548 714 733
37 203
87 438 592 765
7 40 45 97 126 146 374 415 524
1 32 437 560 815 846 928
37 42 387 529 583 658
22 266 650
17 83 180 219 273 299 510 749
317 390 874
199 543
81 107
121 513
1 201 348 551 906
30 99 196 443 626 752 767 797 986
180 434 545
12 134
6 39 176
3 5 49 162
52 119 449 786 799
67 779
78 86 249
195 266 528 616 909
15 228 728 739
5 320 758
31 197 256 344 514 535 556 681
43 603
36 244 340
332 857
26 182 189 500
2 541
275 812 898
493 965
90 102 229 561
25 370
66 158 432
31 557 853
11 77
14 35 316 352 374 434
61 228 375 485 590 917 950
28 587
57 384 804
181 745
48 327
45 116 402 476 567
28 786
27 303 527 618
16 44 75 248 322 571 672 742 862 919
154 175 262 278
6 143 176 648
2 169 230 260 315 422 550
45 72
75 133 154
77 236
34 55 766
26 112 118 204 382
1 257 394 396 555 850
31 69 71 116 258 369 460 772 891 937
93 108 129 231 558 897
6 116 143 297 315 413
125 872
8 14 107
44 337 360 540
167 699
356 388
51 57 108
9 56 330
1 163 557
78 475 655
7 20 77
10 954
56 105
7 9 256 556 654
4 253 293
4 183 219 227 326 465
6 44 67 128 176 199 281 613
9 108 120 962
11 707
16 45 131 433 579 593
516 997
26 209 371 475 518 852
102 165
104 122 157 341 523 774 833
52 137
3 5 19 404
76 177
21 61 163 193 255
289 397
46 58 98 114 481 836
260 410
58 338
98 215
303 627
11 77 587 589 692
2 232
10 680
79 230 249
34 862
86 315 909
115 147 291 345 504 715 959 985
80 440
64 139 336 611 779
105 813
122 504
24 59 264 871 890
11 470 698
7 15 93 207 271 527 635 677
24 340
13 28 76 160 229 334 454 527 677 823
29 258 283 300 518 622 663 825
1 11 92 242 270 371 554 757 985
128 227 278
137 295
56 274 360 366 790
38 80 85 99 784 937
76 252 494 800
3 59 958
30 38 118 140 783
119 277 658 770
11 43 73 175 317 761 816 867 882 983
28 814 936
158 394
34 79 108 202 796 829
47 488 827
586 605
91 823
2 10 31 75 97 279 459 479 838
57 639
9 12 36 59 244 824
184 345
135 224
200 499 582 745 787 880
198 237 267 308 432 843
6 51 192 480
7 20 74 76 201 355 364 490 559 857
42 112 121 266 400 513 591 776
17 42 215 328 505 649 662 795
15 118 136 165 190 258 512 580 739
40 893 913
130 269 360 427
170 610
24 48 81 97 119 380 728 871 910
77 468 792 982
283 726
5 19 535 792 889
4 62 183
73 208 544 831
2 87 117 297 409 577 619 696 853
477 505 988
72 461 657
2 18 79 169
95 869
26 64 104 269 402 855 984
64 75 115
50 282
25 334
3 5 19 522
680 963
51 343
185 254 362 597
406 531 734 900
29 48 244 318 811
103 404
548 753
32 33 111 775 922
151 221 277 463 515 995
16 40 332
20 27 34 197 202 346 941
11 17 100 384 886
233 506
4 19 38 42 50 86 324 329 359 613
6 38 39 315 860
12 37 66 270 319 604
3 9 63 330 425 533 813 820 912
53 80 138 298 491 598 750 777
35 48 59 61 69 188 620 708 892 905
11 233 869
44 64 67 269 546 646 987
38 547
151 755
18 29 134 986
23 85 112 143 222 621
93 854
3 24 49 135 214 225 453 522 571
304 538 605
23 41 136 148 228 240 329 685
18 70 116 159 167 220 260 422 445 781
7 71 97 113
50 476
2 290
4 15 55 61 202
14 445 794
1 66 131 178 184 186 299 442 552 929
10 67 91 242 246 294 369 630 773 914
29 194 234 293 324 580
194 361 993
71 189 247 261 315 480 661
214 609
491 701
31 33 87 176 740 760 973
32 920
87 922
45 53 116 146 325 401 514
45 161
15 22 34 153 184 212 659 958
65 380 474 489 631
154 894
13 26 55 106 150 224 509 694 923
65 464 612
38 584 640
11 96 463
10 34 100 103 168 226 487 822
192 272 375
7 90 136
14 31 109 147 219 530
17 67 182 263 534 540
3 19 128 225 420
165 170 366
75 147 157 178 186 251
15 148 217
19 40 108 114 129 144 271 318 379
13 106 117 503
21 152 185 286
23 53 190 229 302 684 835
203 306 346 694
564 690 747
505 617 643
76 279 511 679
20 519 598 864
109 167 170 372 935
7 613
4 13 142 465
7 113 157 351 742
31 116
68 72
82 200 253 262 406 582 938 979
45 119 126 175 374 708 804
181 311 990
1 41 252 327
484 563 733
167 372 506
2 44 154 421 788
46 81 98 107 215 566 989
2 88 288 480 544 760
32 70 373 492 846
14 15 33 190 234 409 457 976
9 52 120 845 870 918 962
6 53 111 114 280 318 462 678 883
13 70 121 265 266 295 424 650 660
236 365 798
76 95 187 344 556 703
243 921
78 87 88 624 683 753 762 828
42 164 206 375 756 849 851
33 46 69 71 145 159 508 734
30 98 130 342 566
24 36 48 59 61 712 890 917
9 47
1 229 268 835
8 773
7 9 11 95 122 178 595 789 866
76 89 201 207 716 746
33 147 171 358 819 850
29 217 223
2 13 33 34 40 86 285 411 415 422
9 306
126 188
20 201 311 355 364 630 651 652 872 946
84 433 919
28 425
220 551
248 481
27 403 484
42 112 206
9 51 56 111 173 237 355 377 439 820
97 232 474 914
369 477 573
301 453
13 83
7 172
32 129 216 663 828 944
25 27 131 132 150 341 621
29 76 555 899
12 168 908
5 62 162 374
3 19 103 214 321 484
60 335 353 447 567 876
17 54 124 130 149 179 210 502 641 982
72 109 436
9 56 63 79 154 495
35 61 133
292 329 868
9 105 274 349 385
44 54 61 68 104 138 336 339 459 567
2 26 51 174 231 312 479
628 770
32 50 51 70 93 174 216 373 437 810
349 731
141 419
91 198 526 942
71 148 676
33 817
7 188 622
54 93 115 276 305 523
58 130 194 274 553
20 858
725 844
17 28 44 83 222 677 764 790
38 91 103 185 198 239 313 526 809
105 274
386 970
26 241 657
478 953
17 64 124 451 526 553
26 901 966
20 42 204 255 485 510 564 623 810
38 389 482 767
19 37 103 125 206 446
41 102 172
109 288 328 511
82 101
18 26 44 79 581
6 26 39 540
9 20 25 134 137 225 321 761 983
188 207 303 598 618
22 54
60 392 774
10 84 353 501 839 951 954
287 347 419 492 512
82 390 575
87 134 212 240 301 408 409 460 495 674
43 175
81 140 194 215 243 547 940 989
6 39 164 192 230 295 332 398 585
235 357
115 117 131 455
3 468
153 161 188 560 596
10 12
37 623
33 78 111 557
37 203 272 529 806
15 29 85 90 228 888
187 655
49 128
76 241 331
7 43 226 279 344 404 841
170 233
74 101 207 305 574 834
68 140 170 697 852 983
55 808
63 534
3 27 33 124 226 423 457 891 956 975
104 246 760
23 27 490 635
61 110
21 259 273 583
1 5 19 49 92 194 225 468 484 839
141 601
126 367 483 550
22 26 44 145 269 673 779 934
157 308 458
467 1000
86 246 532
2 56 63 105 169 710 902 976
34 52 360 665 721
146 473
61 172 232 644 645
36 38 60 85 106 171 197 233 385 506
92 736 881
108 639
367 653
158 282
32 149 194 370
130 417 552 987
74 524
208 284 566
92 98 567
59 91 323
444 805
7 89 141 287 715
31 79 177
51 143 195 398
73 81 99 234 361 553 854 859
17 44 102 416
13 25 78 393 457 907
31 177 365 475
3 13 37 42 112 164 224 259 424 446
49 224
138 237 394
21 209 293 401 410 594 821 952
102 389
33 86 159 362 418 592 702 765
47 827
80 239
42 400 446 644 1000
78 467
285 395 530
36 61
69 94 96 166 235
31 702
25 51
97 180 302
9 155 540
38 81 215 243 265 313 668 738 771
5 31 450 486
21 109 180 240 726 940
16 132 218 322 595
21 573
9 45 153 281 378 711 728
22 53 258 287 335 518
534 572 634 826 859 988
100 235
49 889
186 376
14 73 88 159 615
36 97 110 799
82 741
12 307 932
139 358
195 255
29 90 102 626
62 70
30 140 451 752 942
5 325
14 294
24 35 96 119 163 167 380 863
71 111 357
121 161 278 421 537 894
14 32 43 48 245 366 793
262 301 348
450 563
1 26 222 995
301 367 667 856 883 951
18 122 133 141 299 905 934
8 21 45 73 152 316 388 451 656
20 181 253 390 631
490 521 618
22 138
426 445 896
155 274
118 148 240
134 584
2 31
99 988
96 101 338 651 744 903
27 146 163 803
167 170
86 98 198 243 358 542 761
6 238 973
15 161 339 494 816 888
43 53 136 307 777 879 969
7 74 256 364 401 755 813 857
24 163 499
3 49 214
257 426
9 10 12 135 653
477 826
72 395 573 638
411 669 862
113 977
7 126 511
63 73 147
63 826
174 268 639
56 533
11 28 245 887 936
87 500
3 5 224 257 420 578 610
16 113 157 171 184
159 169 177 361
51 57 780
73 175 275 362 436 769 789
69 906
46 69 100 177 752 955
13 137 156 306
122 133 291 378 711
12 73 109 288 971
30 87 175 568 894 934
184 203 398 443 602 730 841 896
114 210 342 731 810
4 110 336
3 133 474
41 153 281 403
133 299
8 14 72 160 208 748
238 609
2 249 365 418 877
28 405 970
12 160 175 706 713 882
11 22 44 232 367 763 970
335 421 537 929
72 84 134 193 196 545 576 629 839 954
16 25 29 101 184 196 334 442 504 600
112 423
6 828
34 35 39 118 528 561 599 675
131 147 218
34 364 387 587 920
66 308
39 143
186 268 927 963
52 156 766
292 469 897 978
40 67 69
58 82 846
2 47 286
454 998
29 53
4 13 20 197 354 456 659
162 321 428 545 889
194 469
41 701
47 110 139 175 180 434 435 488 916
5 23 56 71 83 115 274
3 33 49 103 218 225 270 333 967
37 68 164 203 206 273 519
220 312 373 462 978
31 41 111 177 517 627
83 317
101 182 250 291 337 344 504 775
19 93 210 257 379 382 441 548 978
53 173 515
65 110 127 471 910 960 975
47 60 92 140 368 396 442 443 469 776
60 647 717
58 61 90 289 417 802 918
9 716 818
164 255 448 754
350 377 660 690
9 82 256 875
733 944
2 212 222 230 510 632 899
50 70 441 940
15 23 547
590 879
142 183 189
133 157
66 83 722
3 44 187 512 516 692 866
311 870
16 326
1 38 98 158 209 368 553 722 947
64 336 418
3 99 223 225 228 333 522 885
28 221 256 348
57 70 277 312 854
30 32 179 350
40 55 57 70 548 570 861 869
5 9 63 426 533
178 334
192 237 740
35 36 620
94 565 939
18 29 36 63 65 123 202 441 845 847
11 28 340 571
334 458 496
11 19 169 242 294 348 994
16 117 619
38 80 91
6 18 72
49 97 127 135 160 268 414 449 865 950
203 259
71 78
211 273 350 808 999
85 512
133 378 691
262 582 695 786
204 424
258 300 307 759 777
87 419
1 18 270 427 579 683 757 790
21 209
160 356
280 709
40 70 492 536 787 855
16 221 250 383
25 115 154 187 219 278 643 755
47 80 290
68 146 294 328 520 697
22 64
6 143
120 155
98 105 121 352 712 797
16 113 172 188 219 276 322 621 930
127 380 489 709
62 137 166 907
14 576 748 952
10 963
110 960
166 235 294 357 681 692 700
87 116 223 878
2 16 50 148 182 231 253 706
420 430
42 264 354 375
350 354 485 591
21 161 241 316
13 24 34 39 346 588 730
19 135
39 720
63 382 832
8 21 354 369 478 585
205 900
15 217 228 660 933
268 282
65 892
9 870
54 67 88 220
4 53 62 450 605
15 41 165 199 430 459 837
10 40 77 137 236 245 431 452 572 935
481 919
42 273
4 104 189
2 134 168 182 193 347 472 574
46 234
30 145 173 205 406 768
15 41 117 319 329 383 969
403 865 872
78 260 290 796
39 166 176 281 507 740 973
205 508
204 486
81 288 691
17 74 126 981
75 996
327 381 911
39 64 140 244 272 399 969
31 115 286 316 525 542 722 725 913
36 181 200 311
17 130 149 652
25 48 218
210 271
108 753
11 43 416 463 470 735 763 994
159 188 199 276 628 729
30 361 447 693 778 986
4 15 24 37 189 202 227 285
16 171 178 278 335 353 425
47 713
17 339 855
227 465
35 127
91 117 156 330 867
183 393
7 20 310 577 801
396 847
11 60 80 81 127 200 736 882 902 925
152 405 454 594
132 496
50 331 379 992
85 90 144 561 580 739
247 662
10 170 233 699
1 63 73 154 206 642 807 965
22 54 124
