9 371 888
24 44 401 892
13 17 27 165 231 433 813
232 665 975
43 89 302 621 635 943
1 42 145 219 260 393 467 964
50 147 191 194 511
6 548
18 144 315 482
19 255 565 647
122 142 166 452
9 19 82 132 139 331 346 531
43 81 462 541
3 39 253 410 537
40 73 136 156
443 642
58 118 125 404
37 71 336 540 847
34 47 100 243 253 269 354 410 628
45 85 167 258 392
87 170 238 263 381 410 577 839
26 289 300 302 320 341 410 420 854
4 123 488
79 177 237 260 874 881 899
208 254 317
26 43
39 49 198
65 127 184 360 573 628
21 25 60 297 810
7 56 319
36 146 203
296 776
69 217 526
65 703 733
2 71
62 199 251 276 457 557 594
168 178 185 196 278 472 782 942
45 718
150 959
8 906
60 996
57 85 258 278 618
42 88 110 264 672
125 179
57 123 192 223
249 375 380 893 918
3 69 114
67 158 177 385 405 985
184 232 327 628
356 365
81 95 332 399 707
169 740
779 841
31 569
99 113 218 271 959 1000
41 62 77 86 265 267
29 54 88 868
7 455 695
9 24 235 441
294 579 822
1 16 141 250 279 497 507 602
54 592
10 21 25 184
38 659
166 231 606
121 949
166 574
26 50 270 283 840
16 38 90 108 313 360 361 432 818
46 274 299
84 158 167 808
5 75 118 153 183 268 280 863
3 5 29 63 208 265 317 754 923 974
348 992
725 906
158 304 406
179 685
50 55 174 191 194 246 536 806 840 878
30 57 173 538 604
55 232 664 828
424 445
127 865
6 14 86 136 225 609 805
373 403 568 943
2 131 260 503 780
35 52 73 104 551 638 691 924
262 627
32 100 310 558 580 875
108 432
57 561
115 159 206 457 511 923 963
131 309
24 31 228 281 345 448 617 655
104 754
15 68 113
6 9 161 239 568
8 30 533
145 570 913
16 145 236 695 700
19 409
12 44 107 140 150 401 503 765 925 940
5 30 104 109 380 629
12 270 273 431 662 871
28 800
123 311 404 525
97 134 392 544 610 717
26 135 182 271
728 934 936 939
68 378 769 984
36 385 951
273 415 851 887
1 268 542
57 94 192 422 433 444 680 717 735
1 644
6 46 550 813
51 397 421 614
50 889
113 449
1 2 147 305 578 850
201 971
6 62 335 438
95 116 163 673 869 994
62 283 870
225 608 714
72 371 583 683 887
15 114 504 789 895 997
58 940
147 204 282 415
38 811
12 218 582 824 919
131 246 350 567
46 61 77 165 262 390
32 34 51 745 961
158 524
54 83 370 630
16 18 87 315 328 937
82 291
119 157 164 263 344
102 161 928 930
10 19 27 96 201 230 501 552 845
418 426
58 66
22 731
7 66 572 855
424 542
17 23 376 446 700 952
102 181 289 591 624 635 966
2 92 197 208
48 103 787 881
15 30 171 178 207
63 480 541 934
26 115 124 625
160 203
85 125 320 447 619 754
80 456 637
19 221 330 531 666 823 945
6 14 62 70 245 251 372 608 971
9 15 645 698 705 774
45 57 85 339 653 901
54 140 195 415
1 21 62 118 419
65 453
14 196 724
52 53 318 624 835 932
30 54 116 194 251 307 419 619
248 363 655 816
14 440 931
56 280 311 404 517 525 613
20 126
51 82 161
115 170 238 352 854
26 690 780
44 77 290 339 404 656 784 883 892
78 93 280 785
4 417 596
116 543 593
15 36 171 222
70 153 600
16 197 359
142 195 483
199 809
2 37 228 486 590
96 344
1 53 156 387
235 418 947 970
2 78 107 111 494 824 872
3 13 80 697
64 227 276 286 357 455 493 623 753
33 96 349 633
41 547 886
113 228 980
98 855
64 153 785 974
156 171
53 99 130 133 187 941
85 364 717
6 139 198 205
154 196 994
20 181 421 580 781 920
9 61 111
41 150 368
13 226
6 23 98 113 245 602
164 364 521 797 944
4 98 166 390 573 820
240 542
13 574 612
252 266 529 947 968
12 13 101 140 370 753 871 975
5 7 24 42 118 191 282
387 601
25 60 326 413
33 48
10 466
7 55 58 63 240 241 270 616
341 367 743
15 23 32 302 539 835 853 868
118 136 230 570 895
87 89 115 181 414 584
194 424 532
14 446
6 87 92 251 369 419 686
128 237 343
28 49 151 488
21 340
296 407
217 277 645
7 19 22 37 38 116 227 249 308 613
269 358
471 604
13 55 82 210 233 253 427 666 861
32 67 81 268 680
10 60 173 184 215 673 766 839
4 7 102 190 227 401 487
16 259 904
48 84 117 128 256 400 583
330 439 609
32 252
7 24 58 74 282 288
34 196 368
20 44 187 214 242 285 324 376 506
69 109
30 35 978
23 450
63 790 914
1 42 63 118 228 602 721 973
186 215 241 466 648 755 976
126 246 329 345 532 667 712
51 936
59 150 376 506 559 617 901 960
18 57 121 165 223 912 998
42 94 97 320 394 494 500 812
334 727 807 880 983
26 43 89 102 124 129 157 854 876
80 149 182 319 402 601 878
22 31 181 293 635
586 789
27 69 114 119
17 29 325 428 478 658 981
4 9 72 101 132 161 224 291 540 588
20 41 77 92 187 290 452 690
96 427 792
24 94 287 600 616 746 865 909 952 953
12 478 641
423 527
43 115 738
3 35 39 84 106 117 325
10 170 371 669
5 6 14 17 42 71 213 278 446 630
6 146 176 272 345 536
54 83 639 956
56 188 198 281 744
440 541 707 830
20 130 402
89 157
3 42 63 64 133 318
9 35 72 104 249 306 409
7 13 95 154 328
415 770 999
6 436 709 714
4 11 27 119 390 916
121 134 165 239 538
31 94 101 380
11 357 949 997
322 395 454
36 38 93 223 658
15 493
107 234
55 137 283 450 481
23 26 39 87 294
94 471
258 329
13 14 86 133 347 363 751 752
16 233 459 490 902 938
174 232 511 527 712
86 709
116 585
102 155 335 348
84 106 744
67 79 113 514 899
11 143 160 738
49 151
1 777
175 535 545 593 606 883
2 78 208 290 335 359 449
4 28 224
234 859
62 170 521 689 876
1 11 64 78 101 133 202 632 972
16 236 938
4 79 100 162 353 558 984 987
49 434
359 510 644 711
61 99 114 224
795 874
30 73 143 383
34 403
138 948
1 5 25 213 446 873 914
229 951
204 444 826 995
81 440 529
148 165 169 711 782 895 940 968
93 325
4 49 82 123 210 330 813 921
71 908
147 437 564 678
456 589
82 111 132 380 825
37 338 498 687
45 47 54 156 162 394 559 877
36 91 143 458 534 535
1 23 104 361 568
19 169 210 913
15 52 129 136 182 222 470 601 729
3 103
189 621 640 781
7 794
28 37 202 465 633
22 84 634 660 856
32 47 77
31 125 173
55 271 316 550 595 618 737 983
21 60
10 88 108 360 733
80 83 286 337 665
42 914
13 27 65 127 456 865 882
67 89 128 180
8 25
44 131 368
30 53 90 172 470 504 533 626 799
258 903
68 312 351 553
15 35 105 135 233
13 247 357 569 976
2 193 244 576 884 974
7 24 74 554 581
17 29 38 112 154 325 356 620
127 202 362 636 687
199 700
34 47 108 162 716 728
7 28 74 207 510 766
24 74
13 30 149 398 878
67 385 874
66 241 682 750 926
28 66 262 480 702
14 25 105 120 332 438 657 791 806
117 334 605 614 925
104 230 411 747
2 64 118 153 228 755 812 958 980
2 71 78 81 761 845 932
106 757 841
55 505 783
40 52 125 145 261 701 785
20 44 47 48 164 350 539 816 844
36 143 201
32 370 377 783 815
123 148 348 358 611 614
25 104 184 326 955
43 115 367 396
98 442
12 85
57 125 575 686 732
4 9 28 123 824 918 969
23 43 192 892 933
8 35 53 110 521 584 846
8 15 91 109 162 411 416 646
10 25 68 187
17 93 479 831
31 35 92 179 261 362 421 619
438 713
13 17 27 286 389 591 757
40 172
8 15 73 148 729
41 229 324 656
32 34 274 770
84 124 303 656 904
175 275
122 167 170 243 444 500
9 249 375 588
174 191 373 567 678 911
11 21 69 173 184 340 571
9 10 21 68 220 326 413 454 466
149 796
37 106 417 722
158 304
7 26 157 303
291 565
33 152 412 535 555 562
5 160 203 216 556 624
22 39 99 117 188
1 9 42 63 72 111 183 590 801
57 85 192 471 697 798
5 10 21 251 553 729 948
11 27 122 217 227 868
41 62 244 591 886
19 139 336 498 726 858 955
132 139 346 454 496 555 715 896 965
7 469 595
64 131 133 145 213 280 835
99 515 768
154 235 314 502
63 133 268
702 977
76 162 311
14 23 70 273 372
22 65 98 108 360 487 820 882
19 445
4 28 49 168 590
121 484
45 124 134 197 291 654 907 993
2 120 226 305
56 393 677 833
5 8 254
6 155 372
27 70 103 341 399 405 905 960
93 356
203 214 595 749 767 802
75 807 842
5 120 276 732
2 64 197 218 486
538 858
94 190 374 376 779
159 345 526 636
4 13 969
46 185
12 104 109 182 924
25 838
83 88 135 207 891 920
47 439 507 675 947
327 394 676 703
34 56 100 266 269 299 423 564
34 57 91 175 289 519 574 631
85 191 272 304 320 719 915 935
70 251 778
33 231 327 529 543
386 566
48 141 856
10 25 60
138 180 985
21 168 681 719
193 221 295 509 710 831
14 55 71 174 246 388 437 857
291 375 409 441 893
26 286
260 284 406 692
44 45 458 473 570
4 28 70 434
22 99 188
49 224 399 696 972 976
1 42 451
129 215 293
27 310 321 891
14 49 141 189 292 743 848
1 5
81 189 332 661 707 773
68 340 464
15 52 53 89 105 172 493 591
17 29 31 135 252 662 765 919 956
58 343
285 429
110 129
107 972
44 84 212 417
176 201 246 278 372 655 816 821
10 60 263 693
113 226 305
46 185 663
90 996
25 27 30 60 101 182 551 578
8 35 181 285 844
61 995
56 110 155 352 917
6 51 248 307
21 48
15 78 980
318 393
3 65 121 360 721 851
395 642 646
67 79 116 144 169 211 990
17 29 38 40 82
17 76 86 245 296 479 485 548 982
79 211
11 355 452
53 136 743
31 42 66 112 179 447 464
166 606 842
7 28 42 98 161 308
4 49 430 477 490 506 696 935
497 525
43 110
143 335 483 713 969
19 216 408 499 938
35 40 134 458 530 544
70 155 393
55 199 350 689
177 491 692 746
3 12 806
102 303 381 513 706 900
97 204 364 912
4 38 60 163 283 355 436 483 524
76 297 431
387 759
54 80 117 135 342 626 991
464 561
31 89 110
8 43 87 148 156 240 616 625 775 944
128 524
42 228
33 76 316 786
2 26 42 52 122 259 329 681
4 31 701
391 421
142 290 301 653 802
578 748
112 132 269 499 836
23 176 793 853 908
3 103 168 300 562 706 792
69 84 300 567 828 846 866 991
3 22 183 416 605 732 845 930
49 87 367 420 461 577 876
4 15
75 115 275 407
22 56 140 281 631 843
14 41 51 97 142 152 388 420 434 739
25 265 287
18 116 615
10 21 59 87 758 900
393 933
1 68 184
8 78 172 248
18 144 308 396 801
37 107 112 180 335 720 861 866 916
216 534
236 259
262 480 979
609 684 756
166 321 338 832 992 998
26 87 238 758
24 154 197 213 419 507 577 654 790 973
67 79 169 476 987
11 198 271 311 531 569 611 822
4 685 812
34 83 135 274 369 503 632
587 589
199 248 429 608
54 58 86 183 557
157 238 797
11 59 339 718 910 966
47 128 177 237 829
80 114 168 169 220 370 521 558 596 699
18 144 165 239 315 363 957
5 13 245 247 298 305 569
91 779
28 247 398 819
24 96 113 198 257 281 683 762
310 358 397 580 636 869
505 791
15 94 97 134 167 172
47 100 252 334 897
18 62 74 316 572 598 750
78 113 497 592
161 371 384 496 736 962
58 66 126 328 522
328 418 439
100 162 266 397 443
44 222 267 276 313 501
208 218
124 283 857
11 217 229 474 526 586 674 918 946 961
6 101 122 516 622 780 995
3 29 99 120 277
31 258
338 465 922
90 273
3 39 253 463 597
33 274 623
891 919
3 349 357 537
8 142 720 992
20 69 130 518 837
12 28 325
2 35 88 267 996
131 159 423 828
130 345 567
79 459 476 514
163 615
79 474
6 73 129 255
3 12 16 189 205 234 278 603 840 967
280 451 528 982
75 275
236 862
2 84 894
41 45 77 92 285 448 900 929
58 66 241 627
37 107
16 435
17 430 477
46 47 395 834 867
56 74 185 279 520 534 593
75 206 691
200 641
263 616
137 159 240 712
16 81 189 566 830 877 982
47 51 187 229 242 288 334 897
198 324 435
33 48 52 103 151
369 697
469 752
41 783
135 162 249 281 873
12 81 151 177 451 638 647
18 100 219 482 710 950
544 560 912
2 5 272 553 696
164 554
43 103 391 544
70 225
19 209 331 402
111 132 137 167 491 692
84 610
24 595
10 21 351
28 97 123 560 864
35 40 109 253 551 555
8 30 40 136 150 492 596 698 924 950
39 467
14 99 118 202 212 660 808 981
31 164 436 821
50 126 388
22 63
54 62 176
293 381
2 197 964 988
37 60 173 206 402 422 740 825
49 139 421 457
53 59 470 518
15 40 127 365 442 730 803
11 18 39 256 463
308 565 993
12 928
102 259 760
98 108 587 589
10 23
481 604
36 52 346 641 666 715 822
5 8 75 144 146 288
35 36 414
1 2 4 366 977
264 336 510
2 31 189 332 386 609 756 804
11 27 217 247
36 114
9 22 34 216 229 280 450 741
378 774
47 100
3 19 389 528 849 858
11 831
66 282 314 356 369 659 682 811 970
146 203 499 894
519 525
38 53 430 941
27 48 89 285
16 81 259 773
46 196
22 77 116 191 252 347 411 713 793 889
305 359
83 108 109 152 180 333 689 734 805 843
40 725
46 312 472 942
1 4 42 71 219 419 724 734 777
7 16 17 19 24 58 314 565 612 926
124 559 797
34 53 148
21 68
62 92 344 391 400 555
271 645
10 25 72 296 340 413
154 522 945
88 369 851
36 120 146 310 336
178 909
11 13 27 80 149 247 475 674
353 987
391 613
8 9 19 715
22 56 212
399 872
546 716
46 58 178 426 663
209 392 508 787 827 963
4 151 178 323 550 603 651 702 977
65 772 820
36 160 268 328 450 581 814
20 32 600
3 33 45 349 365 652 694 827
17 29 77 92 242 615 778
177 292 333 543
1 93 107 232 250 562 597 634 651 673
8 15
194 293
34 51 107 200 403 453 838 936
122 157 174 185 270 373 532 915 986
256 652
45 209 229 267 457 708 803
6 41 71 266 354 579 705 888 979
235 554 581
6 141 152 300 410 416 593
76 979
56 409 460
275 315 407 837
349 473 513
5 78
32 403
379 572 649
21 25 68 161 213 774 948
297 650
11 72 82 825 945
7 68 141 241 288 326 466 554 581 804
5 107 120 200 522 694 955
57 167 204 444
27 101 149 205 389 873
40 85 98 582 771 772 959
88 342 833
21 60 68
11 61 101 122 149 319 586 991
116 163 487 543
95 407 742
26 43 87 157 181 216 352 367
159 505 667 777
6 23 186 225
2 3 48 62 294 485 508 706 856
18 121 482
109 379 747
8 24 37 74 425 439 574 643 807 967
6 240 489 670 890 957 986
31 43 112 115 129 167 179 215 362 512
114 233 337 515 760
122 198 225 552 819
91 613
15 148 638
10 413 463
27 46 679 905
106 489 660 768
211 902
134 180 237 272 343 405 422
287 491
21 25
65 90
5 63 154 213 708
52 109 207 222 643
13 26 102 110 433 516 753
342 928
14 19 72 239 306 322 594 989
130 368 528 668
35 125 261 306 411 447 685
18 121
585 711
49 151 323 990
96 253
193 267 295 796
85 174 248 516 672
257 723
402 860
2 137 314 833
76 177 284 292 406 611 829
243 416
57 94 297 550 650 988
8 105 109 207 411 629
86 147 190 321 398 836 910
12 83 132 140 195 483 592 975
39 50 93 138 283 492 511 584
301 508 557 836 870
32 34 274 299 354 443 728
50 232 350
16 361
254 487 772
61 80 173 286 389
6 86 112 155 202 243 250 372 548 594
48 530 958
76 111 139 297 331 378 920
19 371 460 572 888 903
102 124 215 303 352 677
75 175
12 141 262 316 366 579 650
6 23 250 821 871
6 11 97 117 235 538 733 762 896 926
76 277 366 448 590 599 643 737 786
6 45 897
44 59 815
94 97 204 287 320 394 735
95 946
247 306 377 800 957
17 31 38 55 798
38 658
40 143 156 171 216
2 5 632
20 313 547 966
28 123
24 69 71 573 937
168 186 652 852
12 29 38 88 238
103 144 484 949
4 9 17 50 140 382 744
65 66 98 456
118 657 933
39 74 304 398 486
95 138 375 386 517
16 317 361 435
59 866 967
204 494
45 161
79 211 459
231 748 864
3 186 344
40 77 311 517 597 841
4 478 921
24 53
83 861 925
74 134 323 499 512 545 885 990
199 890
26 513 617
7 147 423
65 127 179 287 453
12 671
96 429 718
39 46 663 905 907 927
7 38 63 208 254 408 923
10 124 289 352 396
9 72 78 306 540 896
41 50 74 282 288
13 27 61 69 95 114
142 321 767
70 143 679
50 476 533 911
14 86 245 249 250 497 568 751 907
578 796
20 763 784
36 814
30 125 126 336 397 607
40 73 307 365 730 860
90 106 202 594 639
3 264 348 396 637 767
18 91 492
4 28 171 844
69 205 319
25 89 95 109 115 256 279 954
1 44 158 263 406 571 644 708 793
3 12 33 48 432 633 739 792 834
13 61 298 586 748
87 302
362 848
515 859
54 370
284 405 488 520 675
54 126 150 160 209 528 722 803 898
18 75 105 413 475 798
18 20 127 309 465 631 704
155 347
8 19 48 178 679 742 942
160 383
13 346
2 8 31 261 596
76 316 603 913
1 2 183 226 474
76 599
31 33 248 261 354 427 428
29 93 422 575 909
45 187 693 784
29 193 219
303 366 493 764
31 686
189 931
30 35 40 56 165 383 387 691 906
3 13 75 166 545
84 91 133 425 443 473 492
35 117 475 523 1000
3 33 243 291 463 508
180 260
9 25 138
4 374 390
12 566 639 956
39 256
270 378 653
39 76 103 257 440 827
32 117 140
1 33 47 68 496 564 610
22 99 117
210 540
231 681
42 988
12 123 490 610
12 66 127 143 431 464 495 850 889
6 14 201 256 561
462 684
34 119 357 400 559 588
27 28 101
29 38 183 226 254
138 519 597 757
17 29 93 142 727 981
24 288
20 91 674 855
52 230 530
63 176 210 220 227 302 380 441 903
46 312
255 736
83 89 114 265 381 584 839
137 214 270 519 752 771 908
9 51 61 72 157 246 412 441 781
146 598 817
164 461 473
206 329 382 523 759 762
80 630
171 953
384 548
163 585 598
92 276
72 73 139 331 479 579 823
26 164
138 340
43 172 442 904
158 343
46 174 185 330 782
137 963
37 458 532 646 964
3 33 186 412
84 190 799
20 130
29 141 518 688
126 699
41 190 339 722
509 710
8 83 108 112 206 210 217 775
1 11 23 201 298 363 389 927
32 51 468 539
2 4 5 39 80 317
24 58 66 215 333 502
156 365
78 170 193 470 542 704
51 358 529 734
2 64 71 788
7 67 257 314 502 535 723 834
4 49
294 454
34 537 739 832 838
28 127 212 327 790 962
30 50 77 119 348 438 523 649 714 880
37 106 200 922
17 244 763
7 32 162
20 453 648
433 893
20 276
321 355
37 690 862
211 385 476 672 795
115 341 669
18 287
22 37 39 56 112 338 465 522
16 67 169 894
59 290
1 5 63 318 563 654 709
44 150 363 773
12 273 999
202 234 847
15 72 104 155 159 188 375 560
6 81 175 218 238 740
428 430
16 86 436 680 882
5 67 78 87 279 514
566 575
146 408 738 817
27 119 135 286 351 571
44 45 74 81 214 282 429 742 910 960
21 65 160 221 236 434 629 726
13 57 233 832
51 537 669
23 36 263 442 620
10 95 113 120 418
69 244 611 937
65 136 163 226 257 425 731
61 119
41 837
165 526
85 97 449 994
18 484 605
1 272 367 509 547
30 73 207 307
9 125 129 170 289 479 607 736
1 2 88 133 195 592
132 220
17 496
145 337 342 353 614 775
82 445
79 169 965
18 88 128 339 507 725
30 570
37 234
20 173 205 332
45 59 130 214 324 368 951
82 111 221 331
40 52 53 504
23 61 167
1 145 166 296
3 89 110 242 640 852
220 255 350
196 266 358 395 661 875 881
289 414
9 19
17 29 38 182 478 659 811
8 30 556 810
89 102 293 322 396 943
37 112 200 234
64 96 490
5 28 71 460 749 921
67 242 384 622 730 769
33 116
26 461 512 617 677
31 144 315 993
6 14 86 809 890
107 495 859
75 186 237 502 536 961
30 425
132 801
16 612 862
46 472
92 374 377 760 849 879
11 13 80 83 193 205 298 401 950
269 310 427
20 36 101 160 203 292 347 383
133 219 885 917
264 869
23 64 201 265 279 451
43 110 111 341 381 588
142 355 649
50 106 222 364 379 582 664
211 549
7 54 137 147 203 277 418 431 549
164 607
26 43 506 518 621
24 46 312
67 192 417 731
104 148 899
209 301 688 860 886 939
510 615
9 19 111 255 556 749
119 626 826
4 59 82 121 128 176 498 693 826
18 144
11 294 477
90 98 108 359 755 934
190 301 324 401
124 131 159 194 505 564
5 79 414 417
32 112 200 720 745 766
106 134 153 188 391 523 583
20 576
83 662
153 279
187 214
36 97 814
266 403
16 79 233 236 353 361 514
471 746
153 585 727 789
21 553
29 75 85 131 175 206 583 741
8 18 64 295 445 484 788 885
239 407
7 252 426 469 671 684
668 719
678 986
60 495 500
863 867
54 59 88 362 503
11 14 70 137
90 573
2 5 66 599 788
95 379 382 462 830
1 449 761 954
5 268 563 953
22 400
552 622 794
304 406 455 491 985
138 517
657 761
39 212
97 598
47 875
12 23 117 209 273 415 665 768 818
81 95 386 872 877 931
1 171 299 539 558 600 999
72 105 221 330 346 726
33 141 152 168 412 562 671 804
10 91 105
10 94 377 676 815
121 239
55 172 549 791 968
134 364 604 952
887 932
96 163 344
70 153 318
384 978
285 377 935
154 823 880
11 13 61 69 80 114 227 390 513 552
68 561
16 183 317 486 612
3 103 231
3 39 349 485
230 530 563 670
14 38 73 703
59 145 218 313 557 929 939
223 392 817
3 257
47 64 809 883
50 131 147 307 309 388 771
275 545 764
180 292 683
278 778 805
128 158 284 435 455 520 829 998
55 205 240 424 527 688
29 642
77 96 130 209 879
7 58
36 408
15 20 53 504 750 915
90 489
8 18 35 152 188 207
67 385
5 120 467 474 563
8 602 850
338 498
103 152 163 264 485
108 259 587 589 648 695
56 337 382 759
76 627 737
284 863
24 235 379 388 682 794 970
5 721 958 989
29 94 223 447 461 978
4 224 323 687 800
23 75 175 206 741 764 776
47 260 334 354 374 867
20 26 41 501 758
33 52 230 556 601 670
30 73 86 136 156 182
22 426
244 576 884
2 64 120 647 917
192 531
28 49 151 323 488 620 922
44 190 290 374 765 879 898
149 151
468 716
262 271 603 698 769
41 59
22 281 808 818
32 269 468
437 634 1000
71 110 129 181 625
59 93 301
168 694 723
23 481 489 608
194 261 848
185 472
11 122 469 946
179 208 293
351 462 546 973
170 300 944
34 274
88 135 195
3 33 48 103 294 384 799
342 383 898
56 111 382 515 846
90 327 582
15 52 73 105 136 222 533
51 100 546
25 32 34 45 119 329 546 745 849 911
9 10 21 25 351 404 637
62 399 516 640 756 971
98 126 299 605 724
212 843
14 23 55 155 250 312 536 599
99 106 195 337 398 549 916
61 475
73 105 387
18 482 704
59 100 432
12 295
140 255 373 437 527 699
43 129 295
91 105 148 747
57 128 223 237 333 394 520 524 735
21 40 199 577 751 786 901
14 48 65 243 395 853 962
420 541 607
9 322 460
58 254 265
192 392 495
17 37 38 356 477 664
92 296 467 776 842
152 412 852
422 560
40 52 130 343 795
277 366 448 618 983 984
34 36 51 146 408
204 575
22 409
902 965
11 319 481 547 623 705
284 405
53 104 551
33 96 186 787 864 930
17 29 93 420 428 941
241 353 459
14 70 176
19 82 242 929
24 41 44 77 102 376 414 512 668 802
100 195 219 225 298 313 347 701 857
90 92 501 587 676
15 19 139 308 322
197 244 763 884
16 26 191 295
178 196 200
126 847
8 91 292 509 810
150 267
99 400
7 10 48 60 534
32 66 333 580 675 770
258 272 494 500
10 22 25 159 264 309 571 661
277 297 378 480
9 10 27 188 220 221 989
193 576
245 397 870 927
50 55 74 309 373 667
35 224 326 386 416 468 819
101 275 355 452 606 651 954
1 149 997
