5 287 445 504
17 192 199
49 56 905
15 31 181 433 527
23 217
183 436 461 566
27 372 991
37 275
323 400
259 326
54 161 728
18 197 310 879 936
20 23 25 31 298 539
25 729 936
137 243 521 537 904 980
11 192
17 629
42 47 374
119 174 241 694
52 111 179 297 359
26 104
4 124 330 949
794 923
72 76 199 301 308 534
75 286 349 978
75 197 286 601
2 127 975
26 76 79 107 160 205 339 557 683 766
7 30 292 744
22 62 125 135 575
227 482 797
53 336 653 809
29 493
144 608 615
101 201 796
175 659
120 162 167 555 703
137 204 458
3 956
78 568
516 611
2 571
82 119 139 157 723 941
38 309 630
175 222
73 238 299 476 483 609 835
63 260
26 163 820
5 66 94 194 400 503 664 853
14 50 129 538 691
445 898
267 953
28 449
117 833
12 344 383 391 517
3 230 248 793
20 130 209 420
27 283 366 653 969
2 14 120 404
165 207 385 463 669
65 282
25 32 70 120 133 206 387 823
36 117 409 412
156 450
13 617
46 296 407 431 505 637 678 866
22 960 963
16 82 801
51 56 734
414 552 915
13 16 111 419
235 283 496 871
2 9 21 115 131 193 224 346 615 863
102 103
512 685 984
58 179 213 257 564 811
8 201 285 602
46 128 187 231 342 579 634
254 546 892
27 124 146 541
70 74 92 544 563 623
111 124 275 281 345 528
94 506 689 765 785
35 225 711
2 17 39 54 72 76 131 237 529
73 707 735
12 126
46 169 195 379 579 622
16 84 95 452 471 814 827
163 489 659
198 210
69 904
35 57 671 913
36 148 175 788
36 220 786
331 897
49 607
93 171 188 423 843
67 214
61 65 236 286 329 737
98 358 912
21 114 131 300 373 738
439 709
27 43 337 395 452 707 882
20 82 214 540 876
822 901
255 524 782 902 986
155 287 549 928
547 823
90 638
1 106 117 142 167 693
79 104 163 839
23 31 115 199 367 589 658 920
162 304 494
32 100 203 253 279 344 755
380 872
1 17 54 60 514 529 721
10 36 83 137 369 676 805
162 716 944
75 103 124 138 362 684 962
7 256 470 573 731 919
88 152 221 239 562 567 666 769
69 137
66 910
45 105 422 756
55 270
11 529
126 396 472 739
24 170 235 361 403 641 709 779
157 536 670
6 37 45 200 412 424 465 575 612 974
14 533
15 35 40 95 162 354 616 968
65 101
193 291 346 599 813 924 955
27 141 884 895
9 425 630
31 266 513 560 911
180 969
38 170 425 480 630 918
13 254 349 358 526 693
387 987
10 19 420
33 49 75
182 265 964
9 82 96 189
24 27 402 444 767 783 870
4 30 60 128 168 169 788 938
111 174
3 793
60 64
21 187 454 743 750 787
44 71 302 326 435
77 661
5 30 88 146 324 338 369 375 426 438
332 363
50 59
164 833
29 30 247 344 594
10 307 314 706
10 26 163 173 380 405 931
52 595
1 555
30 47 96 146 229 737 740 758
1 99 335 806 828
132 446 921
33 802 868
2 97 165 167 187 411
257 360
18 161
11 37 65 102 303 336 460 509 946
71 140
59 753
312 427 462
214 318 528 720 778 808
12 100 239 250 438 460 679 954
2 138 145 394 425 444 556 993
103 129 135 273 719 745
417 461
6 22 37 123 538
28 921
410 451
5 31 53 80 81 280 384 412
23 58 182 302 568 577 831 994
72 686
393 569
268 670
417 510
4 533 804 977
53 80 98 384 648
66 395 675
657 858 890
38 360
28 144
17 26 54 192 466 879
4 49 155 252 267
7 68 140 376 494 520 720 732 968
28 52 59 359 463 478 480 502 637
66 155
317 345 401 777
9 23 178
130 333 888 916 982
10 26 178 509 973
18 535 817
23 149 952
386 633 776
177 798
94 785
28 47 75 199 312 358 857 917 998
6 253 279 398 476 570 679
25 116 464 562
9 294
9 149 268 327 329 341 377 441
35 165 188 270 340 347 756
114 143
26 65 201 231 247 441 506 803 846 872
34 57 74
124 268 349
494 587 913 981
275 515
12 72 487
27 43
8 10 405 519
178 207 218 491 543 792 811
76 590
110 418
38 359
7 15 95 97 818
256 416
337 539 814
8 67 89 109 216 382 477 580 641
10 160 260 387
23 31 129
11 176 713 860
79 145 261 314 380 413 574 663 901
16 57 86 180 225 391 475 544 707 990
23 33 204 249 399
24 99 142 232 372 967
7 71 91 387 414 547 559 564 610
116 295
48 114
17 389
134 321 510
217 298
51 74 988
259 282 632 816 846
59 132 776
1 142 235 246 248 497 682 854
148 980
496 750 874
69 819
345 832
14 626
3 20 264 420
14 923
18 47 63 131 179 241 695
3 149 613
23 24 89 150 213 433 603 967
90 206 234
25 68 140 213 393 414 520 582 642 718
17 48 186 316 589 729 776 879
766 877
26 40 81 88 261 307 629 765 768 810
41 61 75 114 316 546 619
343 609
1 335
9 110 114 844
1 61 399 403 439 578
2 89 99 170 335 363 570 578 709
456 515
46 622
208 388 580 779
32 133
99 112
42 43 276 475
136 158 554 657
26 616
3 80 178 236 355 464 862 878
43 151 467 925 950
17 50 60 64 198 238 334
26 672
39 240 466 843
184 473
8 382 500 698 847 890
10 79 343 375 440 668 970
5 108 323 351 390 445 549 689 963
531 953
556 787
15 38 624
2 24 99 347
290 883
146 254 642
735 940
8 23 42 88 519 567
231 236
20 130 209 212 333 634 742
55 194 655 725
13 20
70 71 289
51 899
37 163 484 522 545 613
95 112
141 549 1000
172 587 740
154 156
14 135
6 20 33 106 195
21 404 775
21 131 300 473 975
274 537 649
73 101 216 315 644
18 59
44 435
17 158 191
74 97 112 419 429 996
138 152 544
27 42
250 850
63 794 949
98 532 699
2 442 535 934
3 148 173 588
137 249
29 73 98 835
15 222 322 406
3 613
19 195 652 802 868
140 325 503
4 85 244
98 469 585
80 160 426
56 125
104 550
394 442 606
30 50 60 198 961
19 46 293
17 54 136 205 284 592 951
208 211 370 575 966
218 415 457 522 871
11 743
6 22 83 116 129 135 368 547 691 719
30 50 60 64 262 429
266 271 434
111 296
41 114 165 725 955
233 577
269 535 897
4 72 85 87 157 254 826 927
50 59 60 192 267
36 222
200 861
173 204 222 421 864
29 101 102 575
7 427
58 134 321 366 417 768
10 40 62 81
208 252 283 439
1 22 167 170 246 270 365 871
66 200 202 219 490 962
134 183 985
95 677
48 143 688 955
509 739
36 317 529 590 972
2 206 609
19 127 169 209 530 742 857 972
371 830
73 79 81 216 354
9 40 159 738 830
7 74 448
27 181 217 884
71 428 951
26 316
1 19 25 89 91 166 188 897
96 174 334 377 692
2 62 220 373 397 556 875
15 88
34 52 77
101 216 424 464 524 699 771 908
376 412
79 98 101 201 266 282 499 644 759 971
50 172 187 673
66 155 277 282 459
35 49 202 308 320 503 757
19 20 115 212 652 802 972
837 945
27 276 342 449 585 821 948
102 220
28 869 999
85 206 413
19 49 95 128 171 348 406 818 886 916
47 729
278 376 465 560
168 576
12 34 46 52 75 238 290 293 439 801
35 145
58 91 573
383 748
508 548
188 428 894
6 11 17 93 171 591 658 947
3 23 110 227 842
131 278 350 867
28 32 446 462 681 885 921 925
11 183 366
32 68 358 450 595
98 299 469
27 144 650
34 202
1 106
676 810 829
4 385 480 747
359 360 646
22 59 132 398 446 462 523
193 443
104 314 355 946
13 37 73 273 803
43 430
4 822
106 235 932
103 294
48 865
125 173 255
30 210 699
34 995
14 63 77 200 348 645 909
25 44 68 150 302 341 356 369 883
3 85 437
52 169 342 579
319 815
18 228 784 896
20 33 77 195 622
13 42 47 60 151 455 526 678 937
11 48 176 224 236 272 311 346 404
196 280 849
33 34 108 138 166 320 539 825 873
66 138 690 757 873
83 618
5 785 898
60 583
12 85
366 461
185 668
9 24 31 251 331 361 497 599 828
24 106 230 372 514 752 782
578 854
4 440 533 789
108 220 424 451
64 73 550 672 754 820 862 931
84 105
7 186 635 902
83 470
43 276
1 251
7 58 70 104 277 348
4 12
6 21 56 103 176 481 684 875
13 41
97 542
8 67 280
21 143 442 444
186 612
11 85 93 205 386
5 26 56 103 220 305 498 717 960
9 217
24 168 234 262 413 430 647 929
102 476 498 850
54 118 238
5 29 94 101 216 311 483 499 524
148 385 432 458 702
50 168
151 623 747
27 39 43 54 171 223 339 554 597 947
55 394 548
8 34 727
17 907
84 194 664
245 373 844
28 39 112 171 353 474 554 733
228 281 385 540
215 328
116 572 939
8 127 153 193 571
6 51 64 197 479 481 791 853 903
6 23 31 147 148 189 695 846
60 943
88 823 876
239 810 895
4 85 244 265 373 552 747
5 107 136 167 269 316 423 752
10 40 93 138 293 301 330 355 687 768
90 258 324 400
207 984
21 34 49 138 145 301 325 715 869 935
6 12 69 203 295 338 487 517 767
3 69 185 295 484
108 134 294 985
13 40 62 88 154 261 536 899 968
266 933
61 157 486 553 989
8 109
6 22 38 51 56 197 351 824 889
29 42 62 73 315 448 777 912
147 272 933
113 120 505 601
3 42 67 91 176 276 430 449
28 640
24 283 347 662 682
648 799
24 545
147 201
202 909
33 293 357 749
48 224
25 32 58 68 78 414 701
2 143 656 817
89 552 851
5 287
7 78 94 233 450
3 4 27 484 558 620 650 718
5 132 139 144 558
356 906
234 258
1 313 363 372
16 84 164 190 495 504 812 853
148 175 246
33 46 53 130 291 447 579 720
83 140 265 284 470 919 981
14 584 855
262 429
207 697
5 57 596
70 172 356
19 65 130 185 749
168 429 754
9 31 157 482
49 308 838
65 147 272 483 585 594
42 81 272 276 507 991
122 155 362 503 562 838
89 221 731
42 100 882 969
301 977
38 502 669 685
134 436
30 42 50 64 395 402 561 650 884
105 112
35 36 222 627
17 107 121 171 271
154 587
83 120 256 564 581 635
55 812 814
14 32 63 641 645
12 31 76 418 482
181 227
317 531 784
57 97 105 913
93 176 340 593 907
8 905 960
104 159
141 164 263 390
1 76 580
28 132 370
12 245 608
18 36 370
9 14
19 679
10 751 839
10 22 550
63 957
41 47 154 334 866
90 94 819
135 476 490
53 445
385 998
60 621
107 386 993
41 195 229 286 329 978
12 86 100 250
146 203 238 337 358 595 852
15 530
27 43 561
24 80 231 282 306 315 469
129 273 294 465 684 800
62 197 471
32 44 172 453 892
3 37 48 118 129 139 143 242 287 775
11 102 294 351 352 512 620
4 267 474
11 39
135 745
17 245 381 591
61 111
142 149 736 824 889
86 858
19 128 152 285 749 962
1 165 403 411
8 92 326 340 983
159 307 516 847
117 727
37 214 318
58 407 453 494 730 906
19 20 128 333
52 478
2 48 269 924
73 306
116 666 696 886
28 132
6 37 103 123 215 457
100 954
161 976
15 28 59 97 790
435 470
34 49 910
305 560
54 93 121
59 132 312 462
5 123 129 141 263 636
86 522 542 781
216 231 264 311
8 92 109 840
79 159 178
4 106 116 137 175 485 614 741 805 904
293 379
17 514 686 728
188 505 656 950 981
76 107 226 815
25 133 256 263 509 773 863
37 180 344 392 410 496 516 662 767
107 136 336 907
152 239 285 769
80 147
77 325
1 24 167 332 403 411 565 806 997
97 105
285 343 438 845
9 31 96 115 125 176 217 339 809
258 942
173 421
88 221 744
18 89 111 156 196 208 640 966
69 177 240 255 297 489 614 886
40 460 872
130 778
7 38 52 59 172 257 309 447 559 704
21 114 187 210 243
83 98 182 302
9 89 106 115 208 235 324 365 453 878
14 42 718
89 91 113 133 188 356 416 577 621
16 23 41 205 241 279 288 758 848
36 137 197 204 273 406 543
81 160
147 510 566 705
29 321 705
13 553 611 619
47 157 224 486 553
7 71 124 233 276 393
19 34 219 362 459 804 838 935
183 436
41 296 329 341
33 46 212
74 677
168 524 754
19 33 36 51 237 249 352 409 458
126 640 789
56 135 222 305
265 407 950
96 670 892
32 41 43 257 328 925
8 45 577
23 418
20 119 122 180 236 344 763
67 129 166 722
43 354 371 455
130 168 970
121 158 186 284 657 856 947
61 96 126 146 286 426 649 665
18 541
36 249 887
150 182 416
215 257 478 502 511 512 669
8 475
5 164 663 1000
177 295 706 798
49 53 117 207 376 491 588 849 945
93 128 226 288 290 296 310 566 590 780
18 211 364
7 16 32 62 156 573
2 32 787
164 323
28 523
31 56 86 818
29 796
415 688 792 811 958 984
29 51 318 940
426 723
16 45
218 281 697 994
9 517
6 22 62 103 352 653 795 855
9 23 115 418 934
241 772
27 47 262 455 764
34 240 271 459
38 52 511 918
7 289 654
138 277 320 586 661 724 809 935 995
43 536 604 664 942 992
23 34 53 127 325 534
146 349
8 147 507 631
65 90 193 307 354 380 473
15 45 95 112 576
63 115 149
1 10 26 44 109 468 852
42 144 374
16 57 86 90 371 422 455 563 807
700 949
4 384
14 181 760
4 85 386 474
51 273
65 448
165 580 806
287 292 388 390 399 762 965
145 224 291 373 404 775
11 39 184 323 733 920
11 39 41 628
274 859
53 799
557 839
4 593 815 922
208 251 363 928
9 911
121 191 743 860 927
375 479
174 941
2 141
2 131 224 269 300 454 582 865
39 72 109 125
40 159 210 368 616 730 803 919
29 40 516
36 69 204 432 495
1 101 247 311 364 594 816
9 14 260 923
8 51 67 128 153 353 379 389
154 581
70 133 150 473 573 632 733
78 182 265 626
216 488 532
16 756
108 278
62 161 175
80 116 299 364 378 398 469 493
42 944
22 43 45 62 68 424 598 850
53 627 643 893 945
4 33 71 150 156 536
18 211 770
134 321
3 45 100 190 281 437 781
75 124 139 229 525 694
9 186 189 237 284 686
12 17 55 303 391 762 958
144 716
191 581 697
16 43 134 781 929 956
38 110 214 401 770 837 967
20 46 61 290
1 39 157 237 389 797
51 108 317
2 113
34 155
65 73 98 201 499 507 586 908 940
2 5 48 141 192 263 292 392 731 903
60 210 479 527
124 541 758
74 175 371 530 654 790 996
16 35 92 557 827
48 87 300
10 45
2 13 48 143 184 198 780 926 938
10 122 392 665 946
8 51 67 153 382 397 490 840
8 153
70 154
13 47 431 553
13 82
30 50 60 527 561 583
36 69 90 117 136 204 274 349
13 238 241 708 941
16 35 96
521 980
10 79 261 314 544 691
53 127 278 417
67 153
68 77 233 289 876
121 728 835 843
87 242 357 493 676 750
6 102 336 375 468 481 584 605 680 777
41 296 305
47 52 79 328 402 500 525 600
127 143 184 221 272 443
234 638
49 202 308 350 374 724 909
1 134 161 183 436 510 643
5 29 78 143 242 898
5 94 164 242 895
49 301 607 661 690 873 928
94 141 263 689
10 26 40
67 82 419
17 46 119 244 310 319 593 605 805
1 78 99 108 186 388 492
152 190 285 422 438
78 91 120 304 416 547 564 568 635 773
22 62 150 265 305 352
209 539
8 43 106
116 132 338
3 88 239
17 76 93 158 275 353
10 65 231 243 408 472 692 734 979
39 121 136 223 284 592 890
9 115 149 181 217 760
100 290 401 560 841
19 20 883
10 159
32 44 105 133 161 234 759 964 995
28 117 132 681 837
8 20 33 382 778 780 916
139 146 596
16 480
4 85 139 146 157 267 268 327 525 917
11 72 219 226 319 683
3 16 100 383 484 558 793
23 31 115 433
61 377
30 64 943
74 97 225 322 988
327 603
225 284 378 589 713
41 73 183 229 410 628 680
16 52 371
29 101 434 933
141 242
362 501
34 219 277 308 715
67 602
35 88
13 24 142 166 332 735 813
183 321
6 7 44 855
274 521
50 127 189 319 365 367 515 593 915
189 915
66 200 202 277 368 408 534 586 861 977
114 145 357 454 826
24 99 166
105 446 447 463
18 244
17 140 228 275 291 442 528 548
118 174
151 167 170 313 477 807
52 463
22 56 61 220 310 717 961 963
1 751
9 84 116 177 185 764
76 185 191 192 232 237 624
248 779
14 63 312
11 17 121 171 223 328 389 395 605 877
4 993
18 44 189 211 290 420
29 65
12 472
19 46 105 128 652 742 824 982
142 166 283 332 660
240 589
80 247
4 474
221 744
166 251 347 639 834
253 973
38 52
110 248 252 407 570
31 298
110 318 597
21 69
36 173 175 243 485 543
44 47 80 98 326 379 434 986
15 381 880
18 953
15 35 95
112 790 988
6 51 55 56 102 108 273
440 513 849
107 171 711
9 20 46 70 268 331 651 801 987
148 173
93 176 922
2 7 87 131 330 331 571 611 848
458 485 537
143 666 959
39 76 319 591 604 821
198 527
18 47
443 531
47 49 328 360 500 512
118 119 288 452
12 77 100 210 219 586 621 724
16 35
180 253
84 655 889
5 25 55 64 660 673 736
25 44 91 289 435
6 109 558 623
6 56 194 451 563 982
57 710 888
7 25 56 70 233 322 505 987
42 374 944 991
53 376 513
2 269
15 16 45 74 95 105 495 714
12 122 159 180 327 870
12 48 126 145 187 253 269
58 68 91 177 203 303 452 739 748
42 90
38 215 223 466
546 628 708
5 323
27 103 144
40 58 421 618 740
96 377
45 714 903
2 17 90 191 339 836 914 997
259 761
71 449
133 215 309 624
12 126 137 748 882
374 807
18 68
118 161 370 693
83 250 251 259 300 559 632 700 730 874
11 353 752 822 881
96 254 631
164 829 930 1000
191 240 592 860
26 38 215 359 600 702 795
52 761
38 309 704
21 185 338 572 668 939
30 264 479 784
28 59 312 774
15 16 254 453 475 563
36 173 409 421 468 537 546 712
10 58 79 81 820 847 878 894
397 461 468 525 713
152 221 345
52 245 486 502 511 680 918 989
22 271 922 936
55 736
15 83 153 182 710
7 21 32 71 78 113 569 887
65 247 797 971
142 232 320 555 932
21 37 123 229 291 366 444 508 566 836
6 22 51 125 351 825 961
177 196 295 338
410 598 659
21 25 58 71 78 179 285 800
53 350
4 14
115 149 227
39 76
10 428
11 35 57 86 105 225 322
53 303 350 367 440 528 727
13 35 45 75 96 111 595 667 772 867
643 976
10 163
14 172 227 330 870 948
672 746
425 685
48 54 87 168 245
116 705 948 959
3 57 190 381 500 714
243 859
18 184
4 30 54 64 87 218 262 375 588
7 19 33 508 651 865
19 342
314 557
177 229 334 398 706 764 939
26 37 61 62 72 119 441 596 675 979
14 24 99 270 399 428
9 23
1 25 70 230 235 246 587 854 914
56 92 734
501 534
66 77 91 861
1 68 142 170 399 565 639 755 885 894
447 702 998
72 633
24 283
3 5 104 178 324 620 737 746
5 94
7 154
13 82 118 329 341
86 112 190
5 50 61 561
170 389 660 722
109 477
44 304
34 459 598 715 786
92 381
42 275 395 402 409 430 675 929
25 71 703
32 68 78 156 162 326 569 942
66 200 348
14 260 583 617 645
54 72 726 877
30 40 588
20 60 535 958
8 109 345 597 625 671
39 136 658
40 746
295 959
25 32 70 182 530 711 851
108 249 491
32 140 880
15 16 39 45 57 97 322 419 674 827
58 83 172 866
97 190
11 54 72 464 766 952
100 137 226 259 278 384
29 80
50 198 636 673
19 212
20 195
5 20 765
29 247 306 499 644 796 971
79 81
281 317 456 515 808
13 63 82 174 526 648 700
15 18 35 361 456
836 845
1 167 200 232 246 248 270 348 388 834
64 260 264 486 957
261 355 369 550 574 783
102 483 532 771 816 826
50 583 592 753 774 970
297 398 572
55 84 194 576 975
26 307
162 674
134 985
6 51 197 538 986
205 386
38 297 600
15 45 74 209 520 636 821 831 864
20 342 379 651
53 350 841
291 771
13 41 61 327 603 667 694 891
126 279
71 213
12 122 396 487 618
119 124 268
272 631
2 21 87 869
21 571
110 318
108 397 465 721 862
294 351
11 136 211 856
606 817
4 10 85 533 881 956
12 66 259 396 848 954
540 938
3 214 343 522 545
42 43 92 151 488
15 35 57 95 340 791 863
1 24 107 232 313 335 411 514 721 979
2 13 41 48 61 131 256 288 393
5 138 723
51 161 223 607 612 712 893
6 22 37 125 498 584
347 997
15 24 45 86 92 112 381 542 791
6 22 125 202 397 905
1 13 41 82 118 160 230 548 667 978
121 629
3 437
99 252 834
44 91 654 677
23 63 490 794
196 695
117 400
1 25 140 289
5 148 242
23 149 179 298 304 565 951
19 20 28 46 56 71 212 213 333
7 58 83 179 610
9 31
8 39 274 415 543 698
13 82 111 241 286 288 341 541 937
113 179 213 626 759 964
38 309
44 147 493 952
102 299
203 392 396 559
73 236 299 378 408 434
3 123 125 368 437
33 46
7 25 162 172 356 427 545
9 25 37 181 256 311 433 520 562 610
39 54 176 199
2 12 844
44 601
29 123
203 391 396
6 27 364 498
11 93 158 186 199 230 565 591 708
139 152
53 841
29 408
2 21 738
207 491
13 154
30 31 113 357 508 656 701
109 215 602 698
19 36 467
49 103 910
26 163
12 278 487 763
49 325
270 828
79 178
55 84
41 989
11 93 101 185 297
67 382 477
266 298 306 448 874
3 24 842
7 58 207 218
364 441 585 594 683
11 240
94 99 121 324 400 663 983
117 893
59 362
16 19 35 225 228 340 704 990
211 282 378
87 245
179 263 599
18 370 885
69 243 255
23 31 189 227 367 911 934
12 19 33 130 152 422
681 753 990
11 22 102
9 303 472
6 15 37 123 135 717 795
14 63
61 64 84 119 144 151 264 296 649 930
14 91
78 150 218
177 572
14 63 139 246 280 330 732 896
90 118 415 457 518
77 155
98 532
12 57 180 203 279 360 460 521 646 763
86 880
18 196 789 832 857
11 488
82 279 334 526 887 891
17 166 226 248 518 647
1 69 148 170 722 908
34 804
384 619 678
40 81 104 159 423 831
95 129 584
457 581 792 994
239 343
8 710
233 289 701 773
18 67 513
11 72 205 271 590
55 497 504 812
30 50 64 114 127
258 361 388 413
88 567
16 45 101 266 912
87 114 187 193
3 456 466
800 974
16 57 92 467
164 292
29 160 198 264 369 478 943
32 34 219 277 320 582
37 40 68 110 228 281 392 770 808
133 582
15 27 92 193 859
191 237
4 206 244 531
130 169 209 253 293 367
20 55 84 112 122 126 194 900
32 755
313 363 497
111 431
21 443
12 77 287
450 703
6 899
31 110 401
24 69 145 204 232 251 361 489 762
6 368
5 128 151 158 261
432 489 614 627
8 67 153
2 21 127 158 427 454 696
90 195 258 518 647 845 868
147 306
126 250 337 965
184 331
13 41 637
393 540 999
8 76 192 209 304 339 927
14 687
482 760
85 346
13 47 719 891
117 150 741 833 976 999
354 405
467 471
188 252 570
22 123 336 538
33 212 333
80 378
26 81 163 355 519 783 931
292 390 549
68 485
1 365 639
75 96 431
54 158
8 122 153 840 983
28 523 774
22 45 74 86 481
206 819
196 832 896
44 122 761
30 48 210 507
7 25 162 633
109 135 223 451 856 920
36 255 257 646 712
55 64 70 495 504 604 655 974 992
99 142 165 313 492 555 932
7 44 84 113 213 302 576 851 992
110 214
89 332 335
14 59
75 917 937
12 46 136 169 271 383
22 37 107 118 178 506
48 87 190 280 346 394 551 606
567 769
33 69 169 250 255 406 741
174 692 782
160 574 732
20 169
27 107 310
75 288
196 786
10 81 519
3 842
77 501 726 757
21 551 926
26 104 120 280 799
492 511 914
4 21 244 267 352 492 682 881 901
97 471 634 671 726
208 751
100 337 662
1 4 92 180 199 226 316 423 830 996
122 383 391 496 665 867 965 973
252 432 813
78 120 156 230 387 552 574 615 900 906
15 488 542
13 119 377 852
80 201 315 506
18 211 924 966
3 625
5 15 123 212 888
3 696 798
14 106 113
24 578
89 365 372 554
14 63 145 184 394 608 687 725 875 926
46 57 858
551 556
66 690
2 7 21 106 165 228 501 551
6 249 517 688 788
40 66 77 81 274
55 194
10 104 160 380 625
260 957
30 55 133
22 62 617 745 825
87 357
70 113 156 568 569 642 674
94 141 292 390 829 930
43 74 113 120 140 315 405 716 900 902
47 82 139 155 174 772
144 151 181 206 234 258 518 638
3 28 54 59 205 262 353 523 864
