5
6
5
5
6
6
17
7
5
7
5
6
5
6
16
6
5
5
5
6
6
6
6
5
6
6
25
5
5
6
6
5
5
5
5
5
6
5
5
8
5
5
5
5
6
5
5
6
6
12
5
6
5
5
5
5
6
6
5
6
5
6
5
6
5
5
8
5
5
6
5
5
6
5
5
5
8
5
5
5
6
5
22
6
6
5
7
6
7
6
6
6
6
6
5
6
5
5
6
6
5
5
5
6
6
6
6
5
6
6
5
6
6
6
6
6
5
5
5
6
5
5
5
6
6
5
5
5
6
5
5
5
6
6
5
5
5
5
5
5
5
5
5
5
6
8
5
5
5
6
5
5
6
5
6
6
5
6
5
5
5
6
6
5
5
5
5
6
5
5
6
7
5
6
5
5
6
8
5
5
6
5
6
6
5
5
5
6
6
6
6
6
5
6
5
6
5
5
5
6
6
6
6
5
5
6
6
6
5
6
6
6
5
5
6
6
5
6
6
5
5
5
6
5
6
6
6
5
6
5
6
5
5
6
5
5
5
6
5
5
6
6
5
5
5
5
5
5
5
5
6
5
5
5
5
5
5
5
6
6
6
6
5
6
5
5
5
5
6
5
