5
5
7
28
7
7
8
7
86
9
8
6
8
6
5
5
6
58
72
6
7
6
6
8
5
9
8
6
5
60
5
31
8
10
8
8
6
8
6
6
6
5
5
6
16
8
5
50
7
8
5
9
6
8
5
6
5
7
41
6
7
7
5
5
7
8
7
13
5
5
9
9
12
7
5
5
6
83
9
7
8
14
9
7
8
7
9
30
9
5
6
5
5
5
5
10
7
5
5
5
5
7
5
5
7
5
7
8
6
8
5
9
15
6
8
7
8
7
8
11
8
8
6
6
5
6
14
21
6
7
6
7
7
11
16
6
5
5
6
8
8
6
5
12
5
7
8
5
6
31
8
8
6
5
8
7
6
5
5
5
5
5
6
9
5
7
5
8
5
8
6
6
5
22
5
5
5
6
5
6
5
5
6
9
6
7
8
6
5
6
18
8
6
7
5
7
5
7
5
7
9
6
5
5
6
5
7
7
5
12
6
5
10
5
6
6
5
5
7
7
9
9
6
11
6
5
6
5
7
5
6
6
7
5
6
10
5
6
5
6
6
5
9
7
6
6
5
8
5
5
8
5
6
6
6
8
8
5
6
9
6
9
6
8
5
6
5
6
7
11
6
7
8
5
6
9
5
7
7
5
10
5
5
7
8
5
8
6
6
5
6
5
7
14
7
5
6
5
5
5
9
6
9
7
8
7
5
6
5
10
5
6
6
7
5
6
6
5
13
6
5
7
7
5
6
7
6
6
6
7
5
6
5
5
6
5
5
5
5
6
5
5
5
6
5
8
7
6
6
6
7
5
5
7
6
9
5
6
5
5
5
6
5
5
5
7
5
5
8
5
6
5
5
