5
9
43
8
5
24
8
29
8
9
10
8
87
11
8
5
5
5
5
7
10
84
16
9
6
6
7
105
27
7
8
8
5
17
7
9
6
7
5
7
87
10
6
8
6
5
7
6
6
8
10
5
6
5
9
66
9
6
9
44
7
8
5
5
7
10
5
5
16
5
6
6
11
5
5
7
5
5
5
6
5
7
5
7
8
6
6
18
6
8
6
5
6
6
22
5
6
5
6
5
6
7
8
8
6
7
6
5
5
9
6
5
6
5
7
8
7
6
5
7
6
5
5
5
70
6
8
5
5
8
10
7
8
6
5
5
8
6
6
7
9
5
9
5
5
5
8
11
13
8
6
5
12
11
8
18
5
6
11
5
8
9
7
7
6
22
5
6
5
7
8
5
13
13
8
7
5
7
6
5
5
8
5
5
5
8
13
5
8
5
6
12
5
8
5
5
6
9
6
5
6
5
8
6
9
5
6
10
5
6
5
6
7
5
5
8
6
7
5
5
5
5
6
6
5
9
6
5
5
8
5
12
6
5
7
7
7
5
6
5
6
13
5
7
7
7
9
7
6
5
5
5
5
5
5
5
5
7
6
6
5
9
7
5
6
10
5
7
5
6
7
5
5
9
5
5
7
5
5
6
5
5
5
5
6
6
6
5
8
7
7
5
5
7
5
7
9
5
6
7
5
6
5
5
5
6
5
6
5
7
6
7
5
7
6
6
5
7
6
7
7
5
5
5
5
6
5
8
6
5
5
7
5
5
6
6
5
