11
5
6
7
5
6
7
5
6
6
6
5
5
5
6
6
5
6
6
6
5
5
5
7
5
5
6
5
6
5
7
5
6
16
6
5
6
6
5
12
6
5
7
5
5
5
6
8
5
5
5
6
5
6
5
7
6
5
6
5
6
6
6
5
5
5
5
6
5
5
15
5
6
5
6
12
6
6
5
5
6
6
5
5
6
6
5
9
5
6
6
7
5
6
6
7
7
6
5
6
6
5
6
5
5
5
6
8
5
5
6
5
5
20
5
6
6
5
6
5
5
6
5
5
6
6
5
5
5
6
5
6
6
5
6
6
5
6
6
6
6
6
6
5
5
5
6
5
5
6
5
5
5
6
6
5
5
5
5
5
6
5
9
5
6
6
5
5
6
5
5
6
6
5
5
5
6
5
6
6
6
5
6
5
6
6
5
6
5
6
5
5
5
5
6
6
5
6
7
5
5
5
5
6
5
5
5
5
6
5
5
6
5
5
5
5
6
6
5
6
6
6
5
5
6
6
6
5
5
5
6
5
5
6
5
5
5
6
6
5
5
6
5
6
5
6
5
6
5
6
5
5
6
6
5
6
5
6
5
5
6
5
5
5
5
5
5
5
5
5
5
5
5
5
6
5
5
5
