31
6
4
46
17
4
21
51
19
59
6
5
5
5
7
5
5
7
15
23
5
26
4
6
9
4
4
4
36
5
6
18
25
4
6
6
4
4
4
5
4
34
4
4
29
6
6
11
5
4
4
11
5
5
6
5
4
5
4
4
4
30
5
4
11
4
4
6
15
6
13
4
5
11
4
6
38
6
6
4
5
4
5
4
6
4
4
12
5
4
4
6
5
4
13
4
6
4
6
5
19
4
6
6
5
10
5
4
6
6
4
5
11
6
4
5
27
4
5
5
4
5
5
6
4
4
5
4
6
5
6
5
5
4
4
5
4
4
5
4
4
6
6
4
4
4
5
4
4
6
4
12
7
6
15
4
4
4
5
5
4
4
6
6
4
6
6
4
4
5
5
5
6
4
5
5
11
4
4
6
4
5
4
4
6
5
4
4
8
4
4
6
4
4
4
5
4
4
6
4
6
5
4
4
4
6
4
7
5
6
4
4
5
6
5
4
4
4
5
4
10
9
5
5
4
9
7
4
6
4
4
6
5
5
4
5
4
5
4
5
4
4
4
5
4
4
4
5
4
4
6
4
4
4
5
4
4
5
4
5
5
5
5
5
5
5
4
4
5
4
4
7
4
6
5
5
4
4
5
5
4
4
6
4
4
4
4
5
4
6
4
4
