8
5
5
7
7
19
6
9
14
9
33
6
5
8
7
7
6
7
7
5
7
6
5
6
8
7
5
5
67
6
7
5
24
5
6
8
8
5
9
254
5
8
7
9
6
6
6
5
5
6
5
8
6
66
6
6
9
9
5
8
10
66
17
5
7
18
5
5
5
8
8
7
35
34
6
5
5
7
8
5
5
6
5
5
9
8
6
14
7
5
8
6
73
5
7
6
5
14
5
8
8
6
55
9
6
13
5
7
9
5
6
10
8
5
6
5
5
6
5
6
9
7
5
6
6
6
6
6
6
25
5
5
5
6
5
5
7
5
7
7
5
5
5
5
5
7
6
5
6
5
5
7
8
5
5
7
6
6
6
8
7
5
5
7
5
5
5
5
11
6
5
8
6
6
7
7
9
6
6
7
8
7
5
5
15
5
5
5
5
6
5
8
6
12
6
5
5
8
5
5
6
5
6
5
6
7
7
5
5
5
7
8
5
5
6
7
7
7
6
7
5
11
5
8
8
8
8
7
8
6
6
5
6
7
5
7
6
9
8
5
5
9
13
6
7
7
6
10
5
5
5
5
6
5
5
5
6
7
7
6
5
5
8
6
5
5
5
5
5
6
7
7
9
7
5
5
6
7
7
6
7
6
5
5
5
5
5
5
9
5
5
6
6
5
8
5
5
5
8
6
5
6
7
5
12
5
7
6
6
8
8
7
6
5
5
5
