25
5
4
4
4
5
11
4
4
5
4
5
5
4
4
5
5
5
5
10
4
5
4
5
4
14
5
5
4
4
4
19
5
5
4
4
5
31
5
5
5
5
5
5
4
5
5
6
4
4
4
4
10
5
5
4
4
5
4
4
9
4
4
4
5
5
7
5
4
4
5
5
5
5
5
4
4
7
4
4
4
4
5
8
4
4
4
5
4
4
7
4
4
5
4
5
4
5
8
5
5
5
4
5
4
5
5
4
15
5
4
5
5
13
5
6
4
5
4
4
5
4
4
5
8
5
4
12
13
5
4
6
4
5
4
18
7
4
5
10
4
4
5
4
4
4
4
4
4
4
5
4
5
4
4
4
7
5
4
4
4
4
5
13
5
4
4
6
5
5
4
4
8
4
5
4
5
5
4
5
5
5
4
5
4
4
4
5
5
5
4
4
4
5
5
4
5
5
5
4
5
4
5
4
5
4
4
7
5
4
4
4
4
4
5
5
5
5
4
5
4
5
4
4
8
4
4
4
4
4
5
4
4
5
4
4
4
4
5
4
5
5
4
4
5
5
5
5
5
4
4
4
5
5
5
4
4
5
5
4
4
4
4
4
4
5
4
4
4
4
5
4
4
4
