108
8
6
26
134
6
5
5
6
6
7
125
6
8
6
5
5
6
8
44
7
36
6
9
6
19
7
7
5
5
5
8
5
5
41
6
8
33
5
6
5
7
44
7
7
7
6
11
6
8
6
39
6
9
9
46
7
8
5
5
9
5
5
5
20
6
8
7
7
9
5
27
5
8
69
5
6
5
43
6
7
5
5
53
8
6
7
6
7
8
5
7
6
6
8
5
7
8
6
6
5
9
5
5
5
5
5
7
7
10
6
6
8
5
5
6
5
5
5
17
5
6
7
5
7
5
6
5
7
6
5
7
5
6
9
9
7
6
6
5
9
5
7
5
10
5
8
5
6
5
5
5
5
6
6
5
6
5
6
8
5
6
6
9
5
6
8
8
6
5
9
5
5
11
8
5
5
5
9
7
6
5
5
5
5
7
5
6
5
6
6
5
8
5
7
5
8
5
8
6
8
6
6
5
5
5
9
6
5
7
9
5
7
7
5
6
9
5
5
5
7
6
6
5
23
6
5
10
6
6
6
9
7
7
6
5
8
5
6
5
7
5
8
6
7
5
5
5
7
5
6
7
5
5
7
7
5
6
8
7
5
6
5
7
6
7
7
5
7
5
5
5
7
7
5
6
9
5
6
5
5
7
6
5
5
5
6
6
5
5
6
