5
7
10
5
9
18
6
4
4
24
5
4
9
5
4
5
4
4
4
5
6
5
6
5
4
5
5
4
5
4
5
5
20
5
5
4
4
17
8
4
4
18
5
4
5
4
10
6
4
5
4
6
4
5
4
6
4
4
5
5
10
14
4
5
4
4
4
5
4
5
5
5
5
5
16
5
28
4
4
5
5
4
9
4
4
4
4
4
9
5
4
4
12
5
4
4
4
4
5
6
5
6
5
5
6
4
4
4
4
7
4
4
7
7
5
5
5
4
4
5
5
4
4
11
5
4
5
4
5
4
4
5
5
5
4
5
4
4
4
7
6
4
5
4
4
4
5
4
5
4
4
4
8
4
4
4
4
4
5
6
5
5
5
5
8
14
5
4
4
4
5
5
5
4
4
5
5
4
4
5
5
4
4
5
5
5
4
4
4
6
4
5
4
4
4
5
4
5
5
4
5
5
4
4
5
4
4
5
4
6
6
4
4
4
5
5
4
5
4
5
5
5
9
4
6
4
4
5
4
4
5
4
4
4
5
4
7
5
4
5
4
5
4
5
4
4
5
5
5
5
5
4
5
5
4
4
5
4
4
4
4
5
4
5
5
4
4
4
4
4
5
4
4
5
4
4
5
5
5
4
4
5
4
4
4
5
4
4
4
