222
5
7
210
6
7
7
8
7
9
8
6
8
6
5
84
10
7
68
6
7
5
6
6
5
7
6
8
5
9
8
7
5
20
8
6
5
7
5
5
6
5
7
5
31
8
10
8
8
6
8
8
6
6
5
5
6
6
8
11
9
5
5
6
64
18
13
6
6
5
9
5
14
5
5
7
5
6
20
21
5
6
5
6
7
7
20
5
5
7
8
7
13
5
31
5
9
7
5
5
5
9
7
8
9
7
7
9
30
9
5
6
5
5
6
9
5
7
5
5
5
11
7
8
8
5
8
23
8
6
6
5
6
6
7
7
7
6
16
6
5
5
6
8
8
7
5
12
5
7
8
5
20
6
47
8
10
6
8
5
6
8
10
5
6
7
5
6
5
5
5
7
5
5
12
8
6
8
6
6
7
5
5
8
7
7
6
6
5
5
5
6
5
7
5
5
6
6
5
7
6
5
6
5
7
5
6
7
5
6
10
5
5
6
8
6
7
6
5
8
5
5
5
6
6
6
8
8
9
5
9
8
5
6
8
6
5
5
6
6
5
6
5
6
7
5
8
5
6
5
5
7
7
5
10
5
7
6
8
10
5
8
5
6
6
9
5
7
7
14
7
5
6
5
5
5
9
6
6
5
7
9
7
8
6
6
5
6
7
5
6
6
5
6
5
10
7
6
6
5
5
6
11
5
5
5
5
6
5
7
6
5
5
7
6
6
7
6
9
5
5
7
6
5
5
6
5
6
5
5
7
7
5
5
6
5
5
