7
5
5
7
27
7
12
7
8
9
8
6
8
6
5
5
54
6
7
6
6
37
5
29
8
16
7
11
8
52
7
5
6
5
13
5
5
5
7
6
5
41
5
10
8
8
6
8
6
6
6
5
6
5
8
5
8
11
6
29
6
9
41
7
8
6
5
5
6
5
5
8
5
5
5
6
21
5
6
5
8
6
9
7
6
7
6
7
8
8
7
5
7
5
5
6
6
8
6
7
5
11
5
8
6
20
5
5
5
5
7
7
6
5
5
10
5
5
11
8
6
6
8
8
5
5
8
7
9
7
7
8
7
8
8
6
6
5
6
6
6
7
7
7
7
5
6
8
9
7
6
7
5
5
5
7
5
6
6
8
5
5
5
5
7
8
5
10
7
13
6
6
6
5
6
6
5
6
5
8
8
6
7
7
5
6
5
5
5
6
8
7
7
9
5
14
6
7
5
6
5
6
8
8
8
9
6
5
7
6
7
5
6
5
7
6
8
5
5
5
6
7
8
12
6
5
6
5
6
7
8
5
7
6
6
6
5
6
5
7
5
6
6
7
5
6
6
5
5
6
7
5
11
5
8
6
5
8
5
5
8
7
5
5
6
8
8
8
6
8
8
7
5
7
5
12
5
8
5
6
6
6
6
8
5
6
7
6
7
6
8
8
5
7
7
8
5
5
10
7
8
5
8
5
5
5
5
6
6
6
5
7
7
6
9
5
6
6
5
8
6
5
6
6
8
6
8
6
6
7
10
6
5
6
6
6
5
7
6
6
6
5
5
5
6
5
5
6
5
6
7
7
6
7
5
6
5
7
5
5
5
5
5
5
5
5
5
5
5
5
5
5
5
6
6
5
5
6
5
5
