507
5
5
10
44
6
6
52
6
8
5
13
190
9
5
7
5
7
7
18
7
9
7
5
6
6
6
8
9
5
5
43
7
5
6
6
6
5
5
5
9
8
9
9
50
6
5
7
8
6
5
7
10
8
8
5
6
5
6
7
7
6
7
6
75
7
5
6
7
5
6
12
5
7
5
8
20
6
5
5
7
7
5
5
5
7
6
5
5
5
5
5
6
8
5
5
9
6
6
7
5
5
9
7
7
6
6
23
7
12
9
11
9
8
5
7
11
8
6
7
5
7
7
7
6
5
5
7
5
5
20
9
8
6
15
6
7
5
7
6
5
7
8
5
5
5
6
5
5
5
6
6
6
5
7
5
6
5
10
5
10
7
6
22
8
5
6
8
8
15
8
6
5
5
8
6
5
5
5
5
5
6
7
8
6
5
8
5
6
7
5
8
7
5
8
5
7
5
6
5
10
6
5
8
9
11
5
6
6
6
7
5
7
5
6
10
5
6
6
9
5
8
5
5
5
5
7
5
6
5
5
7
5
6
6
6
5
5
5
5
5
5
5
5
5
5
5
5
8
6
5
7
5
5
5
5
5
5
5
5
5
5
8
6
6
5
