378
145
26
5
5
6
6
7
12
6
8
6
84
5
5
6
5
27
8
7
49
6
9
6
19
7
11
8
5
5
5
51
8
5
5
6
8
39
5
6
5
7
7
7
7
6
11
9
6
6
47
6
9
8
5
5
9
5
5
5
20
6
7
8
7
5
9
27
5
8
75
5
6
5
54
6
7
5
8
6
6
7
8
5
7
11
6
8
5
7
8
6
5
9
5
5
5
5
5
7
6
6
8
5
5
6
5
5
5
5
6
7
7
5
7
5
6
5
7
6
5
7
5
6
9
9
7
6
5
7
5
10
5
5
6
5
5
5
5
6
6
5
6
5
6
8
5
6
6
5
6
8
9
5
6
9
5
5
11
8
5
5
5
9
7
6
5
5
5
7
6
5
5
6
6
5
8
5
7
8
6
6
5
5
5
9
6
5
9
5
7
7
5
9
5
5
5
7
6
6
23
5
10
6
6
7
5
7
6
5
8
5
6
5
7
5
8
6
7
5
5
5
5
7
6
7
5
5
10
7
7
5
6
7
5
5
7
6
6
7
7
5
7
5
5
5
7
8
5
7
5
6
8
9
5
6
5
5
7
6
5
5
5
6
5
5
6
