4
6
41
5
4
41
30
4
4
4
4
12
6
5
4
6
6
6
46
6
42
4
10
69
4
29
6
7
4
6
10
5
4
5
5
4
6
5
6
4
6
5
6
6
6
5
4
6
6
5
5
5
5
5
5
5
8
4
19
5
4
4
4
6
5
5
4
4
11
4
11
5
23
5
4
5
6
4
5
4
4
5
18
4
4
4
4
4
6
5
4
4
4
6
15
8
5
4
4
4
5
4
5
19
5
7
21
6
4
10
5
4
6
4
4
5
6
4
6
19
4
4
5
17
5
5
4
5
4
4
4
6
6
4
6
5
5
4
5
5
4
5
4
6
6
4
4
7
4
4
16
4
13
5
8
4
4
4
6
6
5
5
4
4
4
4
6
6
5
5
4
4
14
4
6
4
6
5
6
5
4
5
4
6
4
4
7
5
10
5
6
17
6
4
4
5
6
4
4
4
5
5
4
5
4
6
6
6
5
5
4
4
8
4
6
5
4
5
6
4
6
5
6
4
4
7
5
5
6
4
4
5
4
4
5
4
4
5
6
6
5
4
4
5
4
4
5
10
4
4
6
4
4
4
6
4
4
6
4
4
6
6
5
6
4
4
4
4
6
4
5
6
5
5
4
6
5
4
4
5
5
6
5
5
7
4
4
6
4
4
4
9
5
4
5
4
4
5
5
4
5
4
5
4
4
4
4
6
5
4
10
4
4
4
4
4
4
4
4
