37
6
5
6
6
5
5
8
5
5
6
7
12
6
6
5
5
5
19
6
26
6
10
6
18
6
11
7
5
5
5
5
5
19
7
6
5
7
5
36
5
7
7
5
9
8
7
7
5
17
5
7
6
7
6
6
5
7
6
7
6
6
5
6
5
23
5
5
5
5
35
15
6
7
6
5
7
8
5
5
6
7
11
5
8
7
5
37
6
7
5
5
13
6
7
6
5
6
7
6
6
6
5
7
5
7
15
6
8
5
6
6
5
5
6
7
6
5
5
5
5
5
7
7
6
6
7
5
5
6
5
5
7
5
23
8
6
5
6
11
7
7
5
7
7
5
6
5
7
5
5
6
7
5
12
7
6
6
7
6
5
8
5
7
5
5
5
6
5
5
6
5
6
6
6
5
5
6
8
5
6
6
5
6
5
6
5
5
5
5
7
5
5
18
7
7
5
5
5
7
6
5
5
5
5
5
7
6
5
5
6
8
6
5
8
8
6
5
7
6
6
5
8
5
5
7
5
5
6
11
6
5
5
5
5
6
5
7
9
5
7
5
6
5
5
5
7
5
5
6
7
6
6
5
6
6
6
5
6
6
6
5
7
7
6
6
5
8
5
6
5
7
5
7
6
7
6
7
7
5
7
5
5
7
5
5
7
6
7
6
5
7
6
7
7
5
7
5
5
5
7
7
5
6
5
6
5
5
6
5
5
6
6
5
5
6
