5
6
7
15
6
6
6
5
6
5
5
6
6
6
5
6
5
5
5
5
5
7
6
5
5
6
6
5
7
5
5
5
6
6
6
5
15
5
6
6
6
5
20
5
5
6
5
5
5
5
6
6
6
6
5
5
5
5
6
6
6
5
6
6
5
5
5
5
7
5
6
6
5
6
5
6
5
5
5
5
5
5
6
6
6
5
22
7
6
6
5
6
5
6
5
6
5
6
9
6
5
5
6
5
5
5
5
6
6
5
5
6
6
5
6
5
5
5
6
5
5
6
7
18
6
5
5
6
5
5
5
6
5
9
5
5
6
5
5
5
6
6
5
5
6
5
6
6
6
6
6
5
6
6
5
6
5
12
6
5
6
6
6
5
6
5
5
6
5
6
5
5
6
6
5
6
5
5
6
5
6
6
5
10
6
5
5
5
5
5
5
6
7
5
5
5
6
5
5
5
5
5
5
6
5
5
6
7
6
6
5
6
6
6
5
6
5
6
5
6
5
6
5
5
12
6
5
5
5
5
5
6
6
7
5
6
5
6
5
5
5
5
5
5
5
5
5
5
6
5
6
6
6
5
5
5
6
5
