6
5
8
43
24
5
8
8
6
7
6
7
5
5
5
5
6
8
6
6
43
7
23
6
5
6
8
6
50
22
5
7
26
9
41
74
5
5
8
8
6
7
5
5
7
5
5
8
8
77
5
6
7
8
7
5
6
5
5
8
5
6
7
6
7
6
5
6
5
5
8
5
6
7
5
5
6
5
6
6
5
18
5
5
6
7
8
5
6
5
5
6
5
8
6
34
6
6
5
36
6
8
5
8
7
10
9
5
5
6
8
9
7
42
6
8
6
10
8
6
5
7
5
9
9
6
7
5
6
7
6
5
5
6
5
5
5
7
7
9
5
8
6
6
5
5
5
6
26
6
6
7
5
5
6
5
6
6
6
8
6
5
5
5
7
7
6
5
5
5
8
7
6
5
7
5
5
5
5
6
5
6
5
6
7
5
8
5
6
6
5
8
6
11
6
5
7
6
9
9
8
6
8
5
5
6
5
5
6
5
6
8
5
20
7
6
5
6
5
6
5
7
7
10
5
5
5
9
7
14
11
7
5
6
5
5
6
5
7
7
7
5
5
5
5
5
7
8
5
5
7
7
5
7
5
5
8
5
6
5
12
6
6
5
8
7
6
5
7
6
5
5
5
5
5
7
5
5
6
6
5
6
5
5
8
7
6
5
7
7
5
5
5
5
5
7
5
6
7
5
6
5
9
6
6
6
7
6
8
7
6
5
5
5
5
5
5
7
5
7
5
5
7
5
