5
8
4
19
5
7
7
8
4
5
28
4
5
18
21
5
5
15
5
8
4
6
4
9
5
5
31
5
4
9
12
5
5
4
4
13
4
5
10
7
5
4
5
4
5
5
4
5
5
5
4
4
5
5
4
5
5
4
39
4
4
5
7
5
5
5
4
32
5
4
4
4
4
4
4
5
5
5
21
5
4
4
4
4
4
4
5
4
4
5
5
12
5
7
5
4
4
4
4
4
4
17
5
4
5
4
5
4
8
4
4
5
4
21
5
5
7
5
4
4
4
5
5
5
6
6
4
5
4
5
4
5
4
5
5
4
4
4
5
5
4
4
5
4
5
4
5
4
4
4
4
5
5
4
4
4
5
4
4
4
5
5
5
5
5
4
6
4
5
4
4
4
4
4
4
4
4
5
5
4
5
5
4
4
4
4
4
5
5
4
5
4
5
4
5
4
4
5
7
4
5
4
5
5
4
4
4
4
5
4
4
4
4
5
5
5
5
5
5
5
5
4
4
4
4
5
5
4
5
5
5
5
5
8
4
4
4
5
5
5
4
4
5
4
4
5
4
4
4
4
