5
6
6
7
5
30
8
6
6
6
10
8
8
6
6
7
18
6
5
5
6
6
5
26
11
7
6
6
7
6
5
7
5
8
6
7
5
5
10
5
5
36
5
6
7
21
7
6
9
7
7
8
7
7
5
13
5
8
7
7
7
5
7
6
6
6
16
7
8
6
21
5
7
5
5
6
5
6
6
5
5
15
6
7
5
22
6
26
5
7
6
5
6
5
7
5
6
11
7
6
7
5
6
5
5
5
5
6
6
6
5
6
8
6
5
7
6
5
8
5
5
5
5
6
7
5
7
7
5
6
6
6
5
7
7
5
7
7
7
5
5
7
7
7
6
5
7
13
7
7
6
9
5
5
6
6
5
29
5
7
5
5
5
6
11
8
5
5
7
7
6
6
7
7
7
5
7
8
6
6
5
6
5
7
6
10
7
5
5
5
6
6
5
5
5
6
7
5
7
5
5
5
6
6
7
7
5
7
5
5
5
11
5
5
7
6
5
6
5
7
7
6
5
6
7
7
5
5
5
5
15
5
8
6
13
5
6
5
5
5
6
5
5
5
5
7
5
7
5
6
6
7
6
5
5
5
5
6
6
5
5
7
5
6
5
6
5
8
6
5
5
6
6
6
6
7
7
7
5
5
7
7
5
7
6
7
6
5
5
8
5
7
6
5
5
8
5
5
5
7
5
7
5
6
7
5
5
5
5
8
10
11
5
7
5
5
5
7
6
6
6
6
5
7
5
7
5
5
5
5
7
6
5
5
5
6
6
5
5
6
5
