6
5
6
6
5
5
5
7
7
6
6
6
5
6
6
5
5
6
6
6
6
5
6
5
5
5
7
5
5
6
5
5
7
5
10
6
5
6
5
6
5
6
5
5
6
6
5
13
6
6
5
5
6
5
5
5
5
6
6
10
5
5
5
6
6
6
7
5
5
5
5
7
5
5
5
5
5
6
5
5
5
6
5
5
6
6
5
5
6
5
6
5
5
5
5
6
6
5
5
5
6
8
6
5
6
6
5
6
6
6
5
6
6
6
5
5
5
5
6
5
5
5
5
8
5
5
6
5
5
6
6
5
6
6
6
5
5
5
5
5
5
6
6
6
5
5
5
7
6
6
5
5
6
5
6
5
6
6
6
5
5
6
6
6
6
5
6
5
5
6
6
6
5
5
6
5
6
5
6
5
6
5
6
6
5
5
5
6
5
6
5
5
5
5
6
5
6
6
5
5
6
6
5
6
6
5
6
6
6
5
5
6
5
5
5
5
6
5
5
5
6
6
5
6
5
5
6
5
5
5
6
6
6
5
5
6
6
6
6
6
5
6
6
6
5
5
5
6
5
5
6
5
5
5
6
5
5
5
5
6
6
5
5
7
5
5
6
5
5
5
6
5
5
5
6
5
5
7
5
5
