4
6
14
4
4
21
5
5
5
5
4
6
67
6
23
4
5
5
5
4
6
4
4
11
7
6
61
6
18
7
4
5
4
4
24
16
5
10
4
5
10
5
10
22
4
4
5
4
6
4
4
6
4
5
5
16
6
4
6
13
4
4
5
4
5
4
7
4
26
5
10
6
6
8
4
5
5
12
13
4
13
4
9
5
6
5
4
5
6
4
11
6
35
9
6
5
25
6
11
6
4
5
6
4
5
5
5
5
5
4
5
4
4
6
30
4
7
6
4
4
4
5
4
4
4
5
5
4
10
6
4
9
4
5
8
6
14
10
5
6
4
8
5
5
4
6
5
5
5
11
4
4
4
6
10
5
4
4
5
5
4
4
4
5
4
4
6
6
5
5
4
6
4
6
4
5
5
4
5
5
4
4
4
6
4
5
5
4
4
7
5
6
4
9
5
4
4
9
5
6
5
5
5
5
4
6
5
4
4
4
4
4
6
10
7
4
4
6
5
4
6
6
5
5
10
6
4
4
4
5
6
6
4
4
4
5
5
7
4
4
6
4
5
4
5
5
6
4
5
5
4
5
5
5
4
6
4
4
4
4
5
9
5
5
4
10
4
5
6
5
4
4
4
6
5
4
4
5
4
6
6
4
4
4
5
4
4
6
4
4
6
4
5
4
4
5
4
4
6
4
5
6
4
4
4
4
5
4
4
4
5
5
4
4
4
4
5
