7
161
7
8
6
6
6
5
36
13
6
48
5
6
6
9
11
8
6
5
14
5
8
7
66
5
5
5
226
5
8
5
6
5
73
8
7
5
10
12
5
8
6
9
8
5
5
6
7
6
5
208
5
5
5
5
8
18
5
6
6
8
7
5
5
8
10
5
8
7
8
5
9
5
7
6
8
26
10
10
5
5
8
9
7
8
9
5
6
5
8
9
5
6
5
5
13
8
7
5
5
6
6
7
5
10
6
5
6
5
7
6
9
6
5
9
5
5
6
5
5
9
7
5
6
8
7
5
5
8
6
7
5
7
6
10
5
5
5
11
7
7
5
20
5
7
5
6
8
6
5
5
7
6
9
11
8
13
7
5
6
5
5
6
6
6
8
7
6
8
6
9
7
5
8
6
5
7
8
50
6
7
5
7
5
6
7
5
5
8
7
5
6
6
5
5
6
9
6
5
16
5
5
5
5
5
7
6
6
8
7
7
5
6
5
5
5
8
5
5
5
13
5
5
11
10
7
13
5
6
5
6
7
7
6
5
7
5
12
5
6
8
10
6
5
6
7
7
7
5
5
6
5
16
7
5
7
5
5
7
5
5
6
6
5
7
6
8
5
6
5
5
5
5
5
5
5
5
5
8
6
5
6
5
6
6
9
5
6
7
5
5
7
5
5
5
6
5
6
5
5
5
5
6
