19
6
5
6
5
5
9
43
7
5
7
5
82
72
7
6
17
7
6
6
51
5
5
6
7
5
6
6
8
6
57
6
5
5
5
5
6
7
7
22
5
5
5
7
6
5
9
16
17
8
14
7
8
5
5
9
10
6
5
7
8
8
6
5
8
5
7
5
6
15
7
15
8
6
7
5
5
7
25
7
8
5
6
6
5
6
6
8
5
6
6
8
8
6
6
7
8
5
5
8
8
8
5
5
6
7
30
5
5
9
6
5
8
46
5
5
16
6
5
5
6
5
5
5
46
7
7
5
8
29
7
7
8
6
5
8
6
5
8
10
7
6
7
5
9
6
6
6
5
5
7
8
9
6
5
5
6
6
6
5
6
5
6
6
7
7
5
5
6
6
5
5
26
6
5
8
5
8
6
5
8
5
6
5
5
8
7
8
7
5
5
9
5
5
5
6
7
6
5
5
6
5
5
6
5
6
6
6
7
6
5
5
5
5
5
5
7
8
5
7
7
5
5
6
9
6
7
5
7
5
6
8
7
5
8
6
6
9
8
6
5
6
7
6
5
6
6
7
5
5
5
5
5
5
6
6
5
7
6
5
6
5
8
6
6
16
5
6
6
6
6
8
5
5
6
5
6
7
6
5
6
5
7
7
6
5
7
5
6
5
5
6
6
5
5
6
7
6
5
5
5
5
6
8
5
6
5
5
5
5
5
6
5
6
5
6
5
6
5
5
5
6
7
7
6
5
5
