7
6
8
8
8
23
5
5
5
5
5
6
8
56
6
8
7
23
5
7
6
5
6
8
9
8
5
5
7
8
8
6
7
27
7
7
6
6
5
8
6
6
6
5
8
6
15
5
22
8
5
6
8
8
5
6
5
9
8
7
8
6
9
7
5
9
5
6
7
8
5
6
50
7
7
5
6
5
5
5
7
7
6
8
6
6
5
6
5
14
7
9
7
5
6
8
7
38
7
9
7
5
15
6
15
5
5
6
7
5
5
7
11
6
5
5
8
6
6
5
7
8
12
6
5
16
6
7
5
9
6
7
7
6
5
6
6
5
6
5
8
6
5
5
6
5
6
5
5
7
5
8
8
5
8
8
9
8
5
5
36
7
7
5
5
5
5
6
8
8
13
5
13
5
6
5
8
5
6
9
5
5
8
6
9
5
5
5
5
6
6
9
6
11
5
6
6
5
5
5
7
5
14
5
7
5
5
8
5
5
5
5
7
5
7
7
8
7
8
8
5
6
7
6
6
7
6
5
5
6
5
9
6
5
5
5
6
7
5
5
6
7
8
5
7
8
6
8
5
6
5
7
5
7
7
5
5
6
11
7
5
5
6
5
5
5
5
6
9
8
6
7
8
8
6
7
14
7
7
13
6
6
6
6
7
9
5
12
5
7
6
7
6
5
7
13
6
5
5
6
6
5
5
5
5
6
5
13
5
5
7
8
6
8
7
5
5
5
6
5
5
5
5
7
5
6
5
7
7
8
7
7
10
6
6
7
5
5
7
6
5
8
6
7
7
6
5
5
6
7
6
6
7
6
6
5
8
7
5
8
5
6
5
5
6
6
6
5
7
5
5
5
5
5
5
5
5
5
