5
6
6
5
7
6
6
6
6
6
6
8
6
5
5
6
6
5
5
11
6
6
6
6
5
6
11
5
6
5
5
6
5
5
20
5
6
9
6
6
5
9
5
7
5
7
6
6
6
6
8
6
5
5
5
6
5
6
6
5
5
5
6
5
7
7
5
14
6
5
6
7
6
6
5
6
5
7
5
6
6
7
5
6
6
5
5
5
6
6
6
6
6
7
9
6
5
5
6
7
6
5
5
7
6
6
5
8
5
5
5
5
5
8
5
6
6
6
6
5
5
6
6
5
5
7
6
5
7
6
5
5
5
6
6
5
5
6
7
5
5
5
5
8
6
5
6
6
5
12
5
6
5
5
10
5
5
5
5
6
6
5
5
5
6
5
7
5
5
5
6
6
6
5
5
5
5
5
5
5
5
6
6
5
5
7
6
6
5
5
5
5
5
5
5
7
6
5
6
5
5
5
6
5
5
5
6
5
5
5
6
6
6
5
6
5
5
5
6
5
6
5
6
6
5
5
5
6
5
6
6
5
5
6
6
6
6
6
5
5
7
5
6
5
6
5
5
5
6
5
5
8
5
5
5
5
5
5
6
5
6
5
5
5
8
5
6
6
5
7
5
5
6
5
5
6
6
6
6
5
5
5
5
5
5
5
5
5
6
6
5
6
5
