7
6
7
5
5
27
12
7
7
7
6
5
5
23
6
7
7
6
6
20
5
5
7
7
5
7
6
5
5
5
16
5
7
6
5
5
6
6
6
6
5
34
6
5
6
11
7
5
5
6
17
7
5
7
5
5
6
6
6
5
5
5
5
6
6
14
6
6
7
5
5
6
7
6
7
6
7
7
5
7
6
6
5
5
6
6
7
7
7
5
8
6
5
6
5
5
5
5
7
7
6
5
5
5
5
6
6
8
6
6
5
5
8
7
7
7
13
7
7
8
6
6
5
5
6
6
7
6
7
7
7
7
5
6
8
5
6
7
7
6
7
5
5
5
5
7
5
6
8
6
8
5
5
5
5
5
6
7
5
5
7
6
6
6
5
5
6
6
5
6
5
7
8
6
6
6
5
5
5
5
7
6
7
7
5
7
8
7
7
6
5
7
5
6
5
7
6
6
5
7
6
5
6
5
7
7
6
5
5
5
6
7
6
5
6
5
7
7
5
7
6
6
5
6
6
5
5
6
7
6
7
5
6
5
6
5
6
7
5
6
11
5
8
5
6
5
5
7
6
5
6
5
6
8
7
6
5
7
6
5
5
6
5
6
6
6
6
8
5
6
7
6
7
5
5
7
7
5
5
10
7
5
5
5
5
5
6
6
5
5
7
7
6
9
5
6
6
5
5
5
5
6
6
6
8
7
6
7
6
5
6
6
6
5
7
6
6
6
5
5
5
6
5
5
6
5
6
7
7
6
7
5
6
5
7
7
5
5
5
5
5
5
5
5
5
5
5
5
5
5
6
6
5
5
6
5
5
