53
754
6
6
9
5
5
10
9
5
5
7
6
6
5
6
7
5
6
6
8
7
5
5
5
7
7
27
6
11
5
6
7
9
9
5
5
6
14
9
7
8
5
5
6
7
8
6
8
5
7
5
5
6
6
6
8
5
6
5
5
5
5
6
8
8
7
12
8
5
5
5
6
5
6
5
6
7
7
5
8
7
7
8
9
6
7
6
6
5
5
13
8
5
5
6
15
5
6
7
5
6
5
6
7
7
5
5
6
7
5
5
6
6
8
5
6
8
7
6
10
5
8
8
7
5
5
9
5
5
6
5
5
6
5
11
5
6
6
6
6
7
6
5
8
5
5
5
5
5
7
10
8
5
7
5
6
7
5
6
7
5
5
8
6
9
8
6
6
7
6
5
11
6
6
10
5
5
6
8
6
6
5
6
6
6
8
5
6
5
7
6
6
5
7
7
6
7
6
5
5
5
6
6
5
5
6
7
6
6
5
5
5
6
7
8
6
5
5
5
5
5
5
6
5
6
5
6
5
5
6
5
5
5
5
6
7
5
6
5
5
5
5
