7
4
6
18
6
372
4
5
27
5
5
7
6
4
5
7
7
4
162
6
6
29
4
13
26
7
5
4
4
7
4
4
48
6
4
5
5
6
4
6
13
4
4
5
5
4
8
13
11
4
7
9
4
4
4
5
4
7
5
38
6
6
4
5
14
5
24
4
5
21
6
5
7
4
5
6
4
35
9
5
6
6
4
24
5
8
5
4
4
4
5
6
4
5
4
6
4
5
4
20
8
6
4
5
5
4
7
5
4
4
4
4
5
21
5
4
7
7
4
4
5
7
6
5
5
4
6
5
6
5
4
4
6
4
5
8
4
4
7
5
6
4
5
4
9
5
5
7
4
4
6
5
7
5
4
6
4
7
4
4
17
4
4
7
7
6
4
5
6
4
6
5
6
6
4
4
6
6
4
4
5
5
4
4
6
4
4
5
5
6
5
5
5
4
8
6
4
5
4
9
4
4
5
7
16
5
4
4
4
5
4
6
4
4
4
4
5
4
6
4
6
4
5
4
4
4
4
4
6
4
4
6
4
4
4
5
4
5
7
4
4
7
7
4
4
6
4
4
4
5
4
5
4
4
5
5
5
4
4
4
4
5
4
4
