8
249
5
5
10
6
6
37
41
5
13
6
8
6
9
7
8
8
5
102
5
61
10
8
6
7
5
5
34
101
5
12
5
7
9
10
18
41
7
7
7
5
10
7
7
7
9
9
7
5
6
6
6
48
7
8
38
9
5
7
5
5
6
6
6
7
5
5
5
5
6
10
37
12
5
6
23
7
6
11
9
8
5
26
5
5
6
15
5
6
8
5
7
5
6
6
5
6
5
7
5
8
5
10
7
11
20
6
5
7
7
5
5
5
7
6
15
5
6
5
5
7
5
5
6
5
5
9
6
54
6
5
5
8
9
7
7
6
6
7
8
11
11
8
6
8
6
10
5
8
5
7
8
5
7
6
5
5
5
8
5
7
20
9
8
6
6
7
7
5
5
5
5
8
5
11
5
6
5
5
7
6
8
6
6
7
22
6
7
5
8
5
8
8
8
8
6
5
6
5
5
5
10
6
5
5
5
7
5
5
7
5
8
7
5
6
6
7
6
7
5
8
5
6
5
7
5
5
6
5
6
6
5
8
8
6
6
6
7
7
5
5
7
7
5
6
10
6
9
5
5
8
5
5
5
5
6
7
8
8
5
7
5
5
5
6
5
5
5
7
5
5
9
5
9
9
7
6
6
6
6
5
7
5
5
7
5
5
5
5
7
5
6
5
5
6
7
5
5
6
5
5
