163
140
78
34
414
6
7
5
10
7
5
7
5
5
8
6
9
9
7
8
107
7
6
9
5
5
6
7
5
5
7
5
5
5
8
7
7
5
11
10
7
7
5
6
11
8
10
6
5
5
6
7
7
5
94
24
5
12
5
8
5
6
8
7
5
8
10
6
6
7
10
7
7
6
5
7
9
6
9
5
5
5
5
6
6
7
26
5
13
7
7
8
7
6
5
6
11
7
5
6
5
5
6
5
55
8
6
5
5
8
7
8
5
5
8
6
6
6
5
5
6
6
5
6
5
5
8
5
5
8
5
5
5
5
9
8
6
5
6
5
10
6
5
5
10
7
5
5
6
5
5
5
5
6
6
5
9
7
11
7
6
5
7
5
6
6
5
5
7
5
9
5
5
6
6
6
7
6
6
5
5
6
11
6
5
5
5
7
7
5
5
5
5
7
5
6
5
5
5
5
9
6
5
5
5
6
6
8
6
5
5
5
5
5
6
5
6
6
5
9
5
6
10
7
9
5
5
6
5
6
5
5
5
5
5
5
8
6
5
5
5
5
5
6
5
5
5
5
5
5
7
6
6
5
5
5
5
6
9
5
6
5
5
