5
4
9
4
4
9
4
5
5
4
5
4
11
22
4
5
8
4
18
5
5
4
5
4
5
4
6
20
5
4
4
10
12
4
35
31
32
4
4
10
5
4
4
8
4
4
4
9
5
6
6
4
8
4
4
15
7
5
4
4
4
4
5
5
5
4
9
4
4
4
4
9
5
6
7
4
4
4
5
4
4
5
4
10
4
5
5
4
4
4
5
5
4
4
4
5
5
5
14
5
4
5
6
9
5
4
4
5
4
4
4
8
6
4
4
4
4
5
5
6
4
4
6
5
4
4
5
4
4
4
4
4
4
4
15
5
5
5
6
4
5
4
4
4
4
6
4
5
5
5
4
4
4
5
4
4
5
4
4
13
5
4
5
4
4
4
4
7
4
4
5
4
4
5
5
9
4
5
7
5
4
8
4
5
5
5
5
5
4
4
4
4
5
4
5
5
5
4
6
5
5
4
5
5
4
4
4
4
5
12
4
4
4
5
4
4
4
5
4
4
4
4
4
5
4
4
5
4
4
5
4
5
6
5
5
5
5
4
4
5
5
4
5
5
4
6
4
4
5
5
4
4
7
4
6
4
4
4
4
5
4
5
4
4
4
4
4
5
4
5
4
4
4
4
5
5
5
5
4
4
4
4
4
4
5
4
4
