45
7
6
10
115
8
8
8
5
5
5
5
5
24
8
6
6
9
54
47
46
10
6
9
17
5
6
5
7
8
8
6
7
63
8
12
7
6
6
66
8
25
6
6
6
5
8
8
9
6
9
14
5
7
15
5
6
7
6
7
14
7
11
5
6
5
5
5
9
7
10
8
11
5
7
86
9
5
6
5
14
94
7
8
7
5
20
7
11
9
5
9
15
5
10
15
6
5
5
6
11
19
7
5
20
9
7
5
6
5
8
7
6
5
6
5
5
5
8
6
8
8
5
5
15
5
6
6
5
6
5
5
8
6
5
14
7
9
5
7
5
5
8
6
5
5
9
5
7
5
6
5
9
5
7
9
8
5
5
9
7
7
8
8
5
5
7
6
5
5
5
8
8
9
10
6
5
6
5
6
6
7
6
5
6
44
5
8
12
9
7
5
5
5
6
5
11
6
5
9
5
10
5
5
7
9
7
6
5
5
9
6
7
7
5
5
7
5
6
8
5
5
7
8
9
8
5
7
5
13
6
5
6
6
7
15
6
6
5
7
12
5
9
7
7
6
6
5
9
8
5
6
14
6
6
8
5
5
10
5
6
5
5
5
6
13
7
6
5
5
6
8
5
5
5
6
6
5
5
6
8
5
7
6
5
7
7
5
6
5
10
6
6
7
9
7
5
5
5
5
7
5
6
8
5
5
6
6
7
6
5
5
5
5
5
6
7
6
5
6
7
7
6
5
5
5
5
7
5
7
7
5
6
7
6
6
6
5
5
7
6
5
5
5
5
5
5
5
9
5
5
5
5
5
6
