5
5
6
6
5
5
5
5
6
6
6
13
5
6
5
6
6
6
5
5
13
6
5
5
6
12
16
5
6
6
5
5
5
6
5
6
5
17
5
5
6
7
5
6
6
5
5
24
5
20
6
5
6
5
5
6
5
5
7
5
6
5
5
6
6
5
5
5
5
6
6
6
6
5
5
6
9
6
6
5
6
5
8
7
5
6
6
5
5
5
6
5
6
8
6
6
6
5
6
5
5
5
6
5
6
5
5
6
6
6
8
5
6
14
6
5
5
5
5
5
5
5
5
5
7
5
6
8
5
5
6
6
6
6
5
5
6
5
6
6
6
6
5
6
5
5
5
6
6
5
5
5
6
5
12
6
6
5
5
5
5
6
5
5
5
6
6
6
6
5
6
6
6
7
5
6
5
6
5
5
6
7
6
6
6
5
5
5
6
6
6
5
5
5
6
5
5
6
5
6
5
5
6
5
6
5
6
6
5
5
5
6
6
5
5
5
6
5
6
5
5
6
5
7
5
5
6
5
5
5
5
5
5
5
6
5
6
5
7
6
5
5
5
5
6
5
6
6
6
6
5
5
5
5
5
6
5
6
5
5
6
5
6
6
5
5
5
5
5
5
5
6
6
5
