4
5
25
4
13
5
5
6
4
4
4
5
4
4
19
15
5
4
5
4
4
37
4
4
5
5
16
4
4
36
5
5
4
4
16
5
14
4
4
4
13
5
5
7
4
4
4
5
4
5
5
4
4
12
4
5
4
4
12
4
7
5
4
5
7
4
5
4
11
9
4
4
4
4
4
5
7
9
4
5
6
4
5
4
4
4
5
5
10
5
5
4
4
4
4
4
5
4
6
4
4
5
4
15
4
5
5
5
5
4
4
10
5
6
5
4
4
4
4
4
5
4
9
4
5
5
4
4
5
5
4
4
7
5
4
4
4
5
4
4
5
10
5
5
4
6
4
5
4
5
4
5
4
4
5
5
6
4
12
4
4
4
5
4
4
4
4
4
4
5
4
5
5
4
5
6
4
5
4
5
4
6
5
6
4
4
4
5
8
5
4
5
4
4
5
5
4
4
5
5
5
4
4
5
5
4
5
5
5
4
4
6
5
4
4
4
4
4
4
6
4
4
5
4
5
4
9
4
4
4
5
5
4
4
4
5
4
4
4
4
4
4
4
4
4
4
5
4
5
5
4
4
4
4
4
5
4
4
4
5
4
5
5
4
5
4
4
4
4
4
4
4
5
5
4
