19
5
5
5
5
5
14
5
6
9
5
6
6
5
8
6
7
6
6
5
6
6
5
6
6
5
6
5
5
5
5
5
5
6
5
8
6
6
5
5
8
6
6
5
11
6
6
6
5
6
5
6
6
5
5
5
5
8
16
5
6
6
5
6
5
6
5
5
7
6
6
6
6
6
5
6
5
5
8
5
5
6
6
5
5
5
5
5
5
6
6
11
8
5
6
5
5
5
6
5
5
5
5
5
5
5
5
6
6
5
5
6
6
5
5
5
5
5
6
5
5
6
5
6
5
6
5
6
5
6
5
5
5
5
6
14
6
5
5
5
10
6
5
5
5
5
5
5
6
5
5
10
6
5
5
6
6
8
6
5
6
6
5
5
5
6
6
6
8
5
6
5
6
6
7
6
5
5
5
5
5
6
6
7
5
6
5
5
5
6
6
5
5
5
6
5
5
5
5
5
6
5
6
6
6
5
5
6
6
5
6
5
6
7
6
5
5
5
5
6
5
6
5
5
5
6
5
5
5
5
6
6
5
5
6
5
5
6
5
5
6
6
6
5
5
6
6
6
6
5
5
5
5
6
6
5
6
6
6
5
5
5
5
5
6
6
6
5
5
6
5
5
6
5
5
6
