12
4
673
5
4
25
4
4
6
5
4
7
4
5
4
5
5
4
5
4
6
7
6
5
8
6
7
8
5
6
5
6
5
5
5
8
4
25
5
4
6
7
4
5
7
6
10
5
4
7
5
4
4
4
4
8
5
4
5
6
5
4
6
5
4
4
4
4
6
7
4
16
5
6
4
4
4
4
6
5
5
5
11
4
13
4
4
4
5
13
4
5
11
6
5
6
4
18
5
5
5
6
6
5
5
5
4
4
10
6
4
7
4
7
13
5
4
4
6
5
5
4
4
4
19
5
4
4
4
6
4
5
6
5
4
5
7
6
5
6
6
4
5
4
4
5
5
4
6
6
5
5
4
4
5
4
4
7
6
4
4
4
4
5
7
7
5
4
7
4
4
5
5
5
4
6
6
4
7
7
4
4
6
4
4
4
5
4
4
6
7
4
6
5
6
4
4
5
7
6
6
5
5
6
4
5
4
4
5
4
6
5
4
7
4
4
5
4
4
4
7
5
4
5
4
5
5
5
4
4
4
4
4
5
4
5
4
5
5
5
6
4
4
5
5
4
6
4
4
