24
5
5
5
5
5
8
5
7
14
6
7
8
9
5
8
12
6
5
7
7
36
7
12
7
7
24
6
5
6
6
5
6
7
6
5
6
5
5
7
7
5
7
5
7
5
5
28
5
6
6
6
5
6
5
7
5
5
5
27
6
5
5
6
6
6
5
15
15
6
7
6
6
5
6
5
6
6
12
5
5
5
6
6
5
17
6
5
6
5
6
8
7
6
7
7
6
8
8
5
5
5
6
5
5
6
5
7
5
5
5
5
6
5
7
7
6
5
7
6
5
6
5
5
8
26
5
5
7
8
7
5
6
5
5
7
6
6
5
6
6
5
7
5
7
6
5
6
6
14
6
5
6
8
5
6
5
6
7
6
5
6
11
7
5
7
7
6
7
7
5
5
6
14
6
5
7
7
7
6
5
5
7
5
5
5
7
6
5
5
5
6
5
8
5
11
5
6
8
5
6
5
8
8
7
6
5
6
5
5
5
6
7
7
6
5
5
5
5
6
6
6
5
6
5
6
7
5
5
6
6
5
5
5
5
6
7
5
5
8
6
7
5
7
7
6
5
6
5
7
7
7
6
5
7
7
6
5
5
7
6
5
5
5
7
5
5
5
7
6
6
5
5
5
5
7
6
5
7
7
7
6
5
5
5
7
5
5
6
5
5
5
5
6
6
6
7
7
5
7
5
6
7
5
6
7
5
6
5
6
5
5
7
5
6
6
7
7
5
7
6
6
5
6
7
5
5
5
5
6
6
5
6
7
5
5
5
