53
5
12
8
4
25
7
70
5
4
5
6
116
6
4
49
4
43
5
4
4
7
6
5
6
6
47
5
6
5
5
4
4
5
4
21
5
27
8
4
6
5
5
7
5
4
6
6
4
26
5
14
6
5
4
5
4
11
5
5
10
4
5
5
14
6
4
4
5
6
5
4
4
73
4
5
4
5
4
4
4
4
6
14
6
5
7
7
6
5
5
4
6
4
4
5
4
6
6
5
4
4
5
5
6
5
5
6
5
4
7
4
4
5
15
4
4
4
4
7
4
18
4
5
4
5
5
4
4
5
6
5
7
5
4
6
5
4
6
6
4
5
6
4
5
4
5
4
4
4
14
4
5
6
4
4
4
4
5
4
6
4
4
4
5
5
6
6
4
4
6
6
4
4
5
5
4
8
5
5
5
4
6
4
4
6
6
5
4
6
4
4
4
4
4
6
5
5
5
4
6
5
6
4
6
5
4
6
5
4
6
4
4
7
4
5
4
5
4
4
5
5
4
4
6
5
5
5
5
5
5
5
4
4
4
4
4
5
5
6
5
4
5
5
4
5
5
6
6
6
4
6
6
4
4
4
5
5
5
5
4
4
6
4
4
4
4
