6
7
7
22
8
7
6
5
7
7
7
5
7
5
6
13
5
15
13
6
6
5
6
6
7
9
8
5
5
10
5
7
8
5
5
5
7
13
31
7
5
5
5
5
5
5
5
6
5
5
7
7
6
7
5
35
6
6
31
5
6
5
5
5
6
5
7
6
5
6
7
5
6
6
7
6
5
24
5
7
21
5
5
6
7
7
26
5
8
5
7
6
6
6
5
7
7
5
6
7
6
5
5
6
7
15
9
7
5
6
6
7
6
9
6
7
5
11
6
8
5
5
5
6
14
5
13
7
5
6
7
7
7
7
6
5
5
8
7
7
6
5
6
6
7
5
6
5
5
6
6
6
5
5
5
5
5
6
6
7
6
6
6
20
5
7
6
7
6
5
6
5
6
7
5
6
5
7
9
7
5
5
5
9
7
9
5
5
6
5
5
7
5
6
5
5
8
9
6
5
6
7
5
6
5
20
5
5
6
6
5
5
5
6
6
6
6
7
6
5
7
5
8
7
5
6
13
7
6
6
5
5
7
7
5
5
7
5
5
5
6
6
7
5
6
6
5
5
7
6
6
5
5
5
6
9
5
7
5
7
7
5
5
6
5
6
6
7
5
6
6
5
6
6
5
7
5
7
6
6
7
5
5
5
6
5
5
7
6
5
5
5
7
6
6
5
5
6
5
7
6
5
10
5
5
5
5
5
6
7
7
6
5
5
5
6
5
5
7
5
6
5
5
5
7
5
5
5
6
5
6
5
