259
5
4
4
5
5
4
5
5
4
6
11
14
5
6
4
6
4
5
4
13
35
5
6
11
4
4
4
4
6
6
4
5
9
4
6
5
4
4
4
4
4
6
22
34
4
6
4
6
4
44
4
5
4
5
11
5
5
6
4
6
6
4
6
6
7
10
9
6
4
5
13
47
4
6
6
6
4
25
5
4
5
6
4
4
4
5
5
4
4
5
5
5
4
4
4
4
4
4
4
5
6
4
6
5
5
6
5
4
5
5
7
4
5
6
4
9
6
5
4
6
6
5
6
4
4
6
5
4
4
4
4
6
4
4
5
5
6
4
4
5
4
4
5
4
11
5
6
6
4
9
4
4
5
4
4
6
4
4
4
6
4
5
4
6
4
5
4
7
15
4
5
5
5
5
6
4
4
4
5
8
5
4
4
6
4
4
4
5
5
4
5
4
6
4
4
5
4
4
5
5
6
4
4
5
4
6
4
7
5
6
4
5
4
6
6
4
5
5
6
4
4
6
5
4
4
4
6
6
5
6
4
5
4
4
6
4
4
4
6
4
4
6
4
4
5
4
4
4
4
4
4
4
4
4
6
4
6
4
6
5
5
5
4
4
4
6
5
6
4
6
4
5
5
4
5
4
5
4
5
4
6
4
4
4
5
6
5
6
5
5
