29
10
5
8
5
5
8
8
5
5
8
8
5
7
14
6
7
44
5
9
8
8
6
6
7
7
12
7
52
9
7
9
7
28
66
6
7
5
6
8
10
6
5
6
7
6
8
63
10
5
6
5
9
40
7
7
8
5
5
7
5
6
5
8
9
6
15
5
6
6
7
5
6
5
7
5
5
5
6
5
7
5
6
12
6
15
6
8
6
6
32
5
6
5
6
20
5
6
5
5
6
6
22
5
6
5
6
5
6
7
8
6
7
7
6
5
5
6
5
6
5
7
8
7
6
5
8
7
5
6
5
5
8
33
8
11
5
5
7
8
7
8
6
6
5
5
8
6
6
7
5
5
5
5
8
7
6
5
10
11
6
8
6
5
11
8
5
6
5
7
6
5
11
6
11
5
7
8
9
7
6
7
6
14
5
6
5
7
8
5
9
7
13
7
7
6
5
5
5
8
5
7
6
5
5
5
9
8
13
5
11
5
8
6
12
5
8
5
5
6
9
6
5
5
6
5
5
9
8
6
9
7
7
6
5
5
6
5
6
5
6
5
6
7
5
5
6
8
6
7
5
5
5
5
6
6
5
5
8
5
12
6
7
5
7
5
6
5
6
7
5
7
7
7
8
7
6
5
5
5
5
5
5
5
7
6
6
5
5
5
6
10
8
5
7
5
7
7
5
5
5
7
5
5
5
6
5
5
5
5
6
6
6
8
7
7
5
7
5
7
5
6
7
5
6
7
5
5
6
5
6
5
7
6
7
5
7
6
6
5
6
7
5
5
5
5
6
8
5
6
5
7
5
5
6
5
