6
12
5
5
5
5
5
6
6
20
5
6
5
5
5
5
6
7
6
5
6
6
6
5
6
5
6
5
6
5
6
5
5
6
6
28
6
5
5
5
5
7
5
6
6
6
5
6
5
5
6
6
9
5
5
6
6
5
5
6
5
5
6
5
6
5
5
6
6
5
5
6
6
5
6
6
6
6
5
6
5
6
5
6
5
5
6
5
6
5
5
5
8
5
5
5
6
19
5
5
5
5
5
6
5
6
5
5
5
6
5
5
5
6
6
5
6
5
6
6
6
5
5
5
6
5
5
5
5
12
5
5
5
5
6
5
5
5
5
6
5
6
6
6
5
5
7
6
6
6
5
5
5
5
5
6
7
5
6
5
7
5
5
6
5
6
6
5
6
5
6
5
5
5
5
5
5
6
5
6
5
6
6
6
6
5
11
7
6
9
6
6
6
6
5
6
6
5
5
5
5
5
5
6
5
5
12
6
6
5
5
6
5
5
5
6
5
6
5
5
6
6
5
5
6
5
5
5
6
6
5
5
6
5
5
7
6
5
6
5
5
5
6
5
5
5
6
7
6
5
5
5
6
6
5
5
6
5
6
6
5
5
5
5
5
5
