4
53
78
5
4
6
6
4
6
16
5
5
6
6
4
8
61
6
4
5
4
4
54
6
9
43
4
8
5
4
5
4
5
4
6
4
66
5
5
7
4
5
23
4
12
26
5
5
7
4
18
6
4
37
4
4
5
5
4
6
4
4
5
4
12
4
9
5
7
6
4
4
4
9
4
21
4
4
36
4
5
4
5
4
4
4
5
5
6
5
6
4
4
23
5
4
4
6
5
6
5
5
6
5
16
4
4
4
7
5
11
5
4
4
4
4
4
5
4
9
4
5
6
5
4
6
5
4
6
6
7
7
5
5
4
4
5
4
4
4
6
12
5
9
17
6
5
5
4
15
5
5
4
5
6
4
4
4
5
5
4
6
4
4
6
5
6
4
4
4
4
4
5
4
4
5
5
4
6
5
6
4
5
5
4
6
5
6
4
4
6
4
8
4
5
4
4
5
12
5
6
4
4
5
5
5
4
4
6
6
5
9
4
6
5
6
5
4
4
4
4
6
4
4
4
4
5
4
5
6
4
4
4
4
4
5
4
4
4
5
4
4
4
4
4
4
6
4
4
4
4
5
4
4
6
4
5
4
4
4
6
4
4
5
4
4
4
5
4
6
5
5
4
4
4
4
4
6
4
4
5
5
6
4
4
