7
25
6
7
7
5
6
6
6
5
7
6
5
6
6
30
6
6
9
6
5
5
7
5
37
6
5
12
8
6
5
5
7
5
7
10
5
15
5
6
7
6
8
6
7
27
5
5
6
7
6
6
8
5
5
5
5
5
5
6
7
6
5
5
5
7
6
9
5
7
6
8
6
5
6
35
8
7
7
7
6
7
7
5
5
5
7
5
5
7
5
7
5
5
10
6
6
9
5
7
6
8
5
5
7
5
5
6
7
5
6
23
5
7
8
8
7
7
6
5
6
6
5
6
5
6
6
5
7
6
6
6
6
5
5
6
5
5
7
5
6
6
5
5
5
6
5
5
6
7
5
5
6
5
5
7
5
6
7
6
5
5
5
7
7
5
9
5
5
7
7
7
6
8
7
6
7
5
5
23
6
5
6
5
5
6
7
6
6
6
5
5
7
6
6
5
6
5
6
5
5
5
5
6
6
7
7
6
7
7
6
7
5
6
7
6
5
6
7
5
7
5
6
6
5
7
5
5
5
5
5
7
6
5
6
12
5
7
5
5
7
6
6
5
7
7
6
9
5
7
5
6
5
5
5
5
5
5
7
8
7
7
6
5
6
5
6
6
7
6
7
7
6
5
6
5
6
5
7
6
7
5
5
12
7
5
5
5
5
7
5
5
6
5
5
6
7
5
7
7
7
5
6
5
6
5
10
5
5
5
5
5
5
5
6
7
5
6
6
6
5
5
5
5
6
5
6
5
