67
5
35
7
9
6
13
43
6
6
4
6
4
6
4
5
6
4
5
5
22
5
4
5
82
7
5
4
4
6
4
35
29
6
4
5
4
19
5
4
5
4
4
4
5
5
35
9
6
4
15
4
6
36
6
6
4
5
5
5
5
5
4
5
6
4
42
4
4
4
33
5
4
5
5
6
4
4
4
6
6
31
4
4
5
9
4
14
5
6
6
5
5
4
4
4
10
6
26
5
4
4
5
11
6
4
5
6
4
4
5
7
4
5
4
5
6
4
4
7
5
5
5
4
5
6
4
6
6
6
6
15
4
4
4
4
4
6
4
5
4
5
5
4
4
4
4
4
5
5
5
12
5
6
4
4
5
5
5
7
6
4
5
6
6
4
7
5
5
8
11
6
4
5
4
10
4
6
5
4
4
5
4
5
5
5
4
6
4
5
4
4
6
6
6
4
4
4
5
6
4
6
4
5
6
5
4
5
6
6
4
10
4
6
7
5
10
6
6
4
4
4
5
5
6
4
4
5
6
5
6
4
5
5
6
4
6
5
6
5
5
6
5
8
5
4
4
5
4
6
5
5
4
6
5
4
4
4
4
6
4
4
5
5
4
4
4
5
4
5
5
4
4
5
4
5
6
4
4
5
4
4
4
