7
127
7
7
6
6
6
5
28
13
5
6
9
6
6
10
8
5
6
43
8
14
5
8
7
8
10
5
5
5
148
5
8
5
6
5
10
73
6
8
7
8
5
12
6
9
7
5
5
6
7
6
5
134
5
5
5
8
5
18
5
6
6
5
8
7
5
5
6
9
8
5
6
9
6
5
7
5
5
6
6
7
7
7
7
5
7
9
16
9
5
8
5
5
8
7
5
6
6
9
5
7
8
43
5
5
7
5
5
9
6
8
22
10
10
5
5
8
20
9
7
8
9
6
6
5
6
5
8
9
6
5
5
13
8
5
6
6
5
8
5
6
5
5
5
6
5
6
5
7
6
9
6
5
9
5
6
5
5
9
7
5
5
9
6
5
9
5
6
5
5
5
7
7
5
20
5
5
7
7
7
6
7
5
6
5
6
7
6
9
11
8
50
5
5
6
6
6
7
7
5
6
7
8
6
5
9
7
6
5
8
6
5
5
7
8
6
7
5
7
5
6
7
5
5
8
8
7
5
6
10
5
8
5
6
9
6
5
16
5
8
5
5
7
5
5
7
6
8
9
7
8
7
5
7
13
5
5
5
5
5
11
7
6
6
5
6
7
7
6
6
5
7
5
12
5
8
6
7
6
7
5
6
5
5
16
7
5
5
7
5
5
7
6
8
6
5
5
6
8
5
5
5
5
5
5
5
5
5
5
6
5
6
5
6
5
5
6
5
6
5
13
5
5
