19
5
8
8
6
5
6
7
5
5
5
7
5
6
6
6
17
5
6
7
5
6
12
6
6
17
5
7
19
35
6
5
7
6
5
20
7
5
8
9
5
7
5
18
5
8
44
5
6
7
5
7
6
5
5
5
6
7
6
7
7
6
5
6
6
7
5
33
5
5
6
5
6
5
5
6
5
11
5
7
5
6
7
8
5
6
6
5
6
5
5
7
6
6
8
5
5
6
14
6
6
5
9
13
5
5
7
5
6
7
14
6
8
7
16
6
10
6
5
7
5
8
6
7
24
5
6
6
5
7
7
5
5
6
5
5
5
7
7
9
5
6
6
5
6
5
5
5
6
6
21
6
8
7
7
5
5
6
5
8
6
8
6
6
6
6
5
5
5
7
7
7
6
5
5
6
5
7
5
6
5
7
5
5
5
6
5
5
6
5
7
5
5
6
6
6
6
7
5
6
6
5
6
11
6
5
6
5
7
6
6
5
5
6
6
5
5
6
5
6
5
9
8
7
6
5
6
5
5
6
5
7
7
5
5
5
5
7
6
7
7
7
5
6
5
5
6
5
7
7
7
5
5
5
5
5
5
6
5
5
7
7
5
7
5
5
6
5
6
12
6
5
7
6
5
7
6
5
5
5
5
5
7
6
5
5
6
6
5
5
5
7
6
5
7
7
5
5
5
5
5
7
5
6
7
5
5
9
6
6
6
7
6
7
6
5
5
5
5
5
5
7
7
5
5
7
5
