17
6
5
6
6
5
5
5
5
6
6
6
5
5
13
5
6
6
5
6
12
6
6
7
5
5
5
5
5
11
6
5
5
5
22
5
9
14
5
5
6
6
5
6
6
6
7
6
5
7
6
5
9
5
5
5
5
12
26
6
6
5
5
5
6
7
5
8
5
6
5
6
5
6
7
5
5
6
5
5
6
6
7
6
6
5
6
6
5
6
5
6
5
6
6
7
6
5
6
5
6
6
6
5
5
6
6
5
5
5
5
5
6
5
6
5
6
5
5
16
5
6
5
6
5
5
5
7
5
6
5
6
5
7
5
5
5
6
5
6
6
6
6
7
6
6
5
5
5
6
5
5
6
6
6
6
5
5
6
5
6
7
5
6
5
6
6
5
5
5
5
7
7
5
5
5
5
6
5
7
5
5
5
5
5
5
6
5
5
6
5
6
5
6
5
5
6
5
5
5
5
5
6
6
5
7
5
5
5
5
5
7
5
6
6
5
5
5
6
5
5
6
6
6
5
6
6
6
5
6
6
5
5
5
6
6
6
5
5
5
6
7
5
6
6
5
5
5
5
5
6
6
5
6
5
5
5
6
5
5
6
5
5
6
5
5
6
5
5
6
