42
23
5
11
6
4
21
7
4
5
4
6
6
30
275
7
4
25
5
4
5
15
20
4
5
17
5
4
6
4
5
5
23
11
5
6
49
5
4
4
19
5
11
6
6
6
5
5
5
6
6
5
4
4
6
4
6
6
6
4
12
4
5
4
6
4
4
10
5
4
6
5
4
4
4
4
6
4
5
5
5
10
4
4
27
4
5
5
4
4
4
4
5
4
5
9
5
4
7
6
11
5
5
6
5
4
5
4
4
4
15
4
5
5
4
5
4
4
6
4
4
6
4
7
4
4
6
11
5
4
6
4
4
4
6
4
4
6
4
5
5
5
6
5
4
5
6
5
5
5
4
4
9
6
4
4
5
6
4
5
4
5
5
9
6
4
5
4
4
4
17
4
4
8
5
5
4
6
4
4
8
4
5
9
4
4
4
4
4
5
4
4
4
5
5
10
4
5
5
4
5
4
4
4
4
5
7
4
5
4
5
4
4
4
6
4
6
4
4
5
5
8
4
4
4
5
5
4
4
6
5
5
4
4
4
6
4
4
5
4
4
6
4
4
4
6
5
5
5
5
5
4
5
4
4
5
6
4
6
4
4
4
4
4
4
