7
6
5
5
5
5
5
23
8
6
8
28
6
8
7
5
7
6
5
5
6
7
6
7
8
7
6
5
6
6
6
6
5
7
6
7
5
9
5
6
7
7
6
32
7
6
7
5
5
5
5
7
7
6
6
6
5
6
5
7
5
5
5
5
7
7
7
5
6
5
6
7
5
5
7
9
5
11
5
9
6
5
5
6
7
5
5
5
7
6
5
8
6
6
5
7
6
5
6
5
7
5
5
6
5
6
6
6
5
6
5
6
5
7
5
8
5
25
9
6
7
8
5
7
6
5
6
6
5
7
6
5
5
5
5
9
11
8
6
6
5
9
5
6
6
5
5
7
10
5
7
5
5
22
5
6
5
5
5
5
5
5
5
10
7
7
5
7
5
7
7
6
5
7
6
7
5
5
6
10
6
5
6
5
6
6
7
5
7
6
7
5
5
7
5
5
6
5
5
7
9
7
6
5
6
5
7
6
7
6
11
7
5
5
6
5
7
5
5
7
5
6
5
7
5
7
6
6
7
5
13
6
6
7
7
5
6
6
7
6
7
5
6
5
5
6
7
6
7
6
5
5
6
6
6
7
6
6
5
5
5
5
5
5
6
5
13
6
7
5
5
6
6
5
5
5
7
6
6
5
12
5
6
5
5
6
7
7
7
5
6
7
5
7
5
5
6
6
7
5
5
5
5
6
7
5
6
6
5
5
6
8
7
6
6
7
7
6
5
5
5
5
7
5
7
5
6
7
6
5
6
5
6
5
6
5
5
5
5
5
5
5
6
