8
40
46
8
5
5
6
8
30
7
6
6
8
6
38
14
6
8
6
5
8
8
6
5
7
5
56
8
6
7
5
5
28
5
12
72
5
7
9
10
7
27
7
7
7
5
8
5
7
7
8
9
8
7
5
6
6
6
25
7
8
38
5
7
8
5
5
6
6
6
7
5
5
5
5
6
8
9
13
12
5
6
11
7
6
7
5
5
5
8
5
5
6
7
6
9
53
8
8
5
5
6
7
5
6
6
5
6
5
7
5
8
5
5
5
7
9
52
7
5
20
6
6
7
7
9
7
5
5
7
5
5
9
7
5
7
7
6
7
15
7
5
6
5
5
7
5
5
6
5
5
5
6
35
6
5
5
8
7
7
6
6
8
7
8
11
8
6
8
6
10
5
7
8
5
7
8
5
7
5
5
6
5
5
5
8
7
5
7
9
8
6
6
7
7
5
5
5
7
9
5
8
5
6
5
6
5
5
7
8
7
6
8
6
15
5
6
7
5
5
5
5
15
5
8
8
6
8
14
8
8
5
6
5
5
5
10
6
5
5
5
7
5
5
7
5
8
7
5
6
6
7
6
14
7
5
8
5
6
6
5
5
7
5
6
5
6
5
8
5
8
6
6
6
7
7
5
5
7
7
5
5
6
6
6
5
5
8
5
8
5
5
5
7
6
7
8
8
5
7
5
5
5
6
5
5
8
12
5
7
5
5
5
8
7
6
6
6
6
6
5
7
5
5
7
5
5
5
5
8
7
5
6
5
5
8
5
6
7
5
5
6
5
5
