5
8
4
19
5
7
7
8
4
4
16
7
4
5
18
21
5
5
15
5
8
4
6
4
9
5
5
31
5
4
9
12
5
5
4
4
13
4
5
10
7
5
4
5
4
5
5
4
5
5
5
4
4
5
5
4
5
4
33
11
4
4
5
5
5
5
4
32
5
4
4
4
4
4
4
5
5
5
21
5
4
4
4
4
4
4
5
4
4
5
5
12
5
7
5
4
4
4
4
4
4
17
5
4
5
4
5
4
7
4
4
5
4
20
5
5
7
5
4
4
4
5
5
5
6
6
4
5
4
5
4
5
4
5
5
4
4
4
5
5
4
4
5
4
5
4
5
4
4
4
4
5
5
5
4
4
4
5
4
4
4
5
5
5
5
5
4
4
4
4
5
4
4
4
4
4
4
4
4
5
5
4
5
5
4
4
4
4
4
5
5
4
5
4
5
4
5
4
4
5
7
4
5
4
5
5
4
4
4
4
5
4
4
4
4
5
5
5
5
5
5
5
5
4
4
4
4
5
5
4
5
5
5
5
5
8
4
4
4
5
5
5
4
4
5
4
4
5
4
4
4
4
