29
7
6
88
8
8
8
5
5
5
5
5
24
8
6
6
9
9
27
32
5
7
10
6
9
17
5
6
7
8
8
6
7
49
7
12
10
7
6
6
59
8
25
6
6
6
5
7
8
9
6
9
14
5
7
5
6
7
5
23
6
7
14
7
11
5
6
5
5
5
9
7
10
8
6
5
7
48
9
5
6
5
14
7
8
7
5
20
7
11
9
5
9
15
5
15
6
5
5
6
11
7
5
7
9
7
5
6
5
10
8
9
7
62
6
5
6
5
5
5
8
6
9
8
38
8
5
5
13
5
6
6
5
5
6
5
5
8
6
5
9
7
14
5
7
5
5
8
6
5
5
9
5
7
5
6
5
9
5
8
7
5
9
7
5
5
7
7
9
8
8
5
5
7
6
5
5
5
8
8
8
6
9
6
5
6
5
6
6
7
6
5
6
35
5
8
12
9
7
5
5
5
6
5
6
5
9
5
10
5
5
7
9
7
6
5
5
9
6
7
6
7
19
5
5
5
7
5
5
7
5
6
8
5
5
7
8
9
8
5
7
5
13
6
6
5
6
6
7
6
7
6
5
7
12
5
9
7
7
6
6
5
8
8
5
6
14
6
6
6
8
5
9
5
10
5
5
5
5
5
6
5
13
7
6
5
5
6
8
5
5
5
6
6
5
8
8
8
5
6
8
9
5
7
7
5
6
7
5
7
7
5
6
5
10
6
6
9
7
7
5
5
5
5
5
6
8
6
5
5
6
6
5
5
6
6
5
5
7
6
6
7
7
6
5
5
5
5
7
7
7
5
6
7
6
5
6
5
5
6
5
5
5
5
5
5
9
5
5
5
5
5
6
5
