6
6
7
5
5
9
7
5
46
37
7
6
5
7
7
6
5
6
35
5
5
6
6
6
5
6
6
6
45
6
5
5
5
5
6
7
7
17
5
5
5
7
6
5
7
5
5
7
17
7
5
7
5
7
6
7
5
8
7
16
5
6
7
6
6
7
5
5
7
11
7
5
6
6
5
6
5
6
5
6
6
6
7
5
5
7
8
8
5
5
6
7
5
21
5
5
9
6
7
5
5
15
5
6
5
5
5
6
38
7
7
5
7
7
7
14
6
8
6
5
7
6
7
5
5
5
6
6
5
5
5
6
7
6
5
5
6
6
5
6
5
6
6
6
7
7
8
5
5
6
6
5
5
6
10
5
5
6
7
8
6
5
8
5
5
7
7
5
5
9
5
5
5
6
7
6
6
8
5
5
5
16
6
5
5
5
6
5
6
6
6
6
5
7
5
5
5
5
6
6
5
5
5
7
7
5
7
7
7
5
5
5
5
5
6
7
5
6
6
7
5
7
5
6
6
9
6
5
5
6
7
5
6
6
7
5
5
5
5
5
6
6
5
7
6
5
6
6
6
5
7
5
13
5
6
6
6
5
6
6
6
6
7
5
5
7
6
5
6
7
6
5
6
5
7
7
6
6
5
7
5
6
5
5
6
6
5
5
6
7
5
5
5
5
6
6
5
5
5
5
5
5
6
5
6
5
6
5
6
5
5
5
6
7
7
5
7
5
