8
5
5
7
7
13
6
14
9
28
6
5
8
7
7
7
6
7
5
17
7
6
37
6
8
5
5
7
6
5
5
7
5
6
8
5
5
7
7
5
7
8
7
5
27
32
8
9
7
40
6
31
5
5
8
5
8
8
55
6
14
7
5
8
6
5
7
6
5
14
5
8
8
6
20
6
10
13
5
26
6
5
6
12
7
8
6
8
5
44
5
8
6
7
9
7
7
5
6
6
6
6
6
6
25
8
8
6
5
9
5
5
23
5
9
8
8
6
5
5
7
7
5
7
42
5
5
5
7
8
8
5
5
8
6
9
7
5
9
5
5
5
6
7
6
7
5
11
5
5
7
9
8
8
5
5
8
46
7
6
6
5
5
7
6
12
7
5
6
6
7
6
8
7
5
5
7
11
7
5
5
5
5
5
6
6
8
5
6
6
5
5
6
7
5
8
5
5
8
5
5
6
5
5
5
6
6
6
8
7
5
5
5
6
5
5
6
5
5
7
7
5
5
6
7
5
8
6
7
7
7
6
5
5
6
11
5
8
8
8
7
5
6
7
6
9
5
5
7
5
7
6
5
6
5
6
6
6
7
13
6
7
7
6
6
5
5
5
9
6
6
5
5
5
5
5
6
7
6
7
7
5
6
5
8
8
5
5
7
9
8
5
5
5
5
5
6
5
7
5
7
7
6
7
5
5
5
8
8
5
5
6
5
5
5
5
5
5
5
5
6
6
5
8
5
5
6
5
5
8
6
6
6
7
7
5
6
7
5
5
8
6
6
5
