41
81
7
5
5
7
38
7
21
5
8
5
6
6
5
34
18
6
6
8
5
6
6
128
13
7
5
8
5
5
5
5
6
8
7
5
5
7
6
7
25
6
6
8
60
5
5
6
8
5
5
6
5
8
7
7
5
7
11
7
7
8
5
6
5
8
9
12
5
7
7
38
5
8
8
5
5
6
6
8
7
8
8
7
5
6
5
7
8
5
5
6
7
24
10
7
5
6
6
6
31
8
7
9
6
7
9
5
6
8
5
5
7
8
5
6
14
10
7
5
12
7
7
7
7
6
5
5
7
7
6
5
15
6
6
6
7
5
6
6
5
5
6
8
6
5
13
8
5
5
8
9
5
8
7
5
5
8
6
11
6
7
11
10
6
6
27
11
5
6
5
6
9
7
6
5
6
5
7
5
8
5
7
9
7
5
8
5
5
5
10
8
5
5
6
10
5
5
6
8
5
6
18
7
5
6
5
5
5
6
6
5
5
5
5
6
6
6
5
8
7
7
5
13
7
5
7
6
5
5
7
5
7
8
5
5
5
6
6
7
5
6
6
5
5
7
6
6
5
5
5
5
7
5
7
7
5
8
5
5
7
6
5
9
6
5
8
6
5
6
5
8
7
5
6
6
7
6
5
5
5
6
5
9
5
5
5
7
6
5
5
5
7
8
6
6
6
5
6
5
5
7
6
5
10
7
5
5
5
5
5
6
6
5
5
6
5
5
5
7
6
5
5
7
5
5
5
6
5
6
5
5
