5
6
6
5
5
5
5
9
7
6
7
5
7
6
6
12
6
5
5
5
6
5
5
6
5
7
7
7
5
5
5
6
5
7
5
5
6
6
5
6
5
6
5
6
5
6
5
6
13
5
6
6
6
5
10
6
5
5
5
6
5
5
7
6
6
5
6
5
5
5
7
6
6
6
6
9
5
6
5
6
6
5
5
5
7
8
5
5
6
6
6
8
5
6
6
12
7
7
5
5
5
6
5
6
6
5
6
6
6
6
6
6
5
5
7
6
5
6
6
5
5
6
5
5
16
5
5
6
5
5
6
14
5
5
5
6
5
5
5
6
5
6
6
5
5
6
5
5
6
5
5
7
6
6
6
6
5
5
19
5
6
6
6
6
6
6
5
5
6
5
5
5
5
5
6
5
6
6
5
6
6
5
5
5
6
5
5
6
5
5
5
6
5
6
5
5
5
6
5
6
5
6
6
5
6
5
5
5
5
6
5
6
6
6
5
6
5
6
6
6
6
5
6
5
6
5
6
6
5
6
5
6
5
5
6
5
5
5
5
6
6
6
6
5
5
5
6
5
5
5
6
5
5
6
5
5
5
5
5
5
5
5
5
5
5
5
6
6
5
8
5
5
5
5
6
5
5
6
5
