5
4
7
5
5
4
5
5
4
4
4
24
5
4
5
24
4
5
4
4
4
5
13
6
5
4
4
4
4
4
6
6
37
5
4
34
9
5
4
4
4
5
5
4
4
5
4
5
4
4
4
4
5
4
5
5
5
4
5
5
10
20
4
26
4
4
14
4
5
4
5
4
5
5
4
4
5
6
6
17
4
5
7
12
4
5
6
4
4
9
5
5
4
5
4
5
5
4
4
4
5
5
5
4
4
5
5
5
4
4
5
5
4
5
5
4
12
4
5
4
5
4
4
4
4
6
5
5
4
5
5
5
5
4
5
5
4
5
4
8
6
4
4
5
4
4
4
4
4
7
4
4
4
4
5
5
6
4
4
4
4
4
5
4
4
5
4
5
4
4
4
4
5
4
4
4
4
4
5
5
4
4
5
4
4
5
5
5
4
5
4
4
4
5
5
4
5
4
4
4
4
4
5
4
5
4
4
4
5
6
5
4
4
5
4
5
5
4
4
5
5
4
4
5
4
4
5
4
5
4
4
5
5
5
5
4
5
4
4
4
4
4
4
4
4
5
7
4
5
5
4
4
4
4
4
4
4
4
4
4
4
4
4
5
4
5
5
4
5
5
4
5
4
5
4
5
4
5
4
4
5
4
5
5
4
4
4
4
