5
35
4
6
4
7
5
4
30
5
4
27
4
5
5
33
4
10
4
5
4
50
5
4
4
10
5
5
26
4
5
5
5
5
4
4
4
5
12
16
5
6
5
5
11
5
4
5
9
5
4
4
4
6
4
6
4
12
6
6
4
4
10
4
4
4
4
16
4
5
5
5
5
5
10
4
4
6
4
4
15
5
4
4
4
5
4
9
4
5
4
5
5
4
5
4
4
5
4
4
4
4
5
5
5
4
5
5
4
5
4
5
4
4
4
5
5
5
4
4
5
4
4
4
4
5
4
5
4
4
4
4
4
5
5
5
5
4
5
4
5
4
4
12
4
5
5
5
4
4
5
5
4
5
5
4
5
4
4
4
4
4
4
4
4
5
4
4
5
4
4
5
5
8
4
4
4
4
4
5
4
4
5
6
5
5
4
5
5
4
5
5
4
4
4
4
5
4
4
4
8
5
4
5
5
5
5
4
5
4
5
4
4
5
4
4
4
4
4
5
4
8
5
4
4
4
4
4
5
5
4
4
6
5
5
4
4
5
4
4
4
4
4
5
4
4
4
4
5
5
5
5
4
5
5
4
4
4
5
4
4
4
4
