87
5
9
59
116
8
8
29
8
10
8
129
8
5
5
5
5
5
135
9
6
10
133
34
7
7
8
8
5
120
7
9
17
5
8
10
6
6
6
5
7
6
6
8
10
5
6
5
87
9
6
9
7
8
5
5
7
10
5
5
5
6
6
5
5
5
5
5
5
7
7
6
12
6
52
10
6
8
6
13
5
5
10
9
5
6
5
7
8
7
6
5
5
5
7
6
5
5
5
8
5
5
11
8
5
7
8
6
5
5
8
6
6
7
5
9
5
9
5
5
5
5
23
5
8
11
13
8
6
5
27
5
10
5
5
5
8
13
5
8
6
5
7
7
5
7
6
5
11
8
8
6
6
5
8
7
5
7
6
5
5
5
6
9
5
5
5
8
6
12
5
5
6
5
6
6
8
6
5
5
8
6
9
5
7
7
6
5
5
6
5
6
6
6
7
5
5
5
7
5
5
6
9
5
8
5
12
6
5
7
5
7
8
5
6
7
5
6
5
5
5
6
5
5
7
7
5
9
5
7
6
5
5
8
5
5
6
7
6
6
6
5
7
6
5
6
9
7
5
8
5
5
6
5
6
5
6
6
5
6
8
7
5
7
7
5
7
6
5
7
6
5
7
7
7
6
7
5
7
6
7
6
7
6
5
5
5
5
6
5
5
5
5
5
5
