469
5
8
5
8
8
6
7
6
7
5
5
5
5
6
64
6
6
71
7
29
6
5
6
8
6
5
8
5
7
5
7
35
5
5
7
39
5
5
8
5
8
10
6
9
5
5
9
6
7
11
8
7
8
7
5
5
5
8
5
6
7
11
7
5
16
9
5
6
5
5
10
5
9
5
5
6
9
5
6
5
6
9
9
64
6
10
6
10
5
9
5
8
8
11
7
9
10
5
5
9
5
7
44
9
9
9
7
5
6
7
6
5
8
10
9
5
5
5
7
5
8
10
6
5
7
6
7
30
7
6
5
5
10
14
6
9
9
5
6
17
6
7
8
5
5
9
5
8
5
7
6
6
6
6
7
17
5
5
7
6
5
7
5
5
6
7
5
7
7
5
5
6
6
5
6
5
6
5
8
11
5
5
6
5
5
5
6
7
9
6
9
6
5
5
6
14
5
6
7
6
5
5
10
6
5
5
6
7
6
5
6
5
7
5
5
6
5
20
6
5
6
5
5
7
7
5
7
5
5
5
5
8
5
5
7
5
5
7
5
7
5
8
5
7
6
12
7
7
8
5
6
5
5
5
5
5
6
6
8
7
6
7
5
6
7
5
5
5
5
5
7
6
7
5
6
6
6
9
5
6
8
5
5
5
5
5
5
5
6
