4
5
17
4
21
4
4
4
4
17
5
4
24
4
10
4
19
4
6
7
5
4
4
5
5
4
5
5
4
4
5
4
5
4
4
5
5
4
22
4
5
5
5
5
5
4
5
13
4
4
4
5
5
13
5
4
6
5
5
4
4
5
4
5
4
5
4
7
4
6
4
4
5
8
4
4
4
5
4
8
4
8
4
5
4
4
5
4
4
5
7
4
4
4
4
5
4
5
4
4
4
9
4
4
5
4
9
5
4
5
5
5
4
4
4
4
4
4
5
6
4
5
5
5
4
5
4
5
4
5
4
8
5
5
4
4
5
5
4
4
4
4
4
6
4
4
5
4
9
7
5
5
4
4
4
4
5
5
4
4
5
4
5
4
4
4
4
4
5
4
5
5
4
5
5
5
4
5
4
4
4
5
5
5
4
6
5
5
4
5
4
4
4
5
4
4
6
5
4
5
4
4
4
4
5
4
4
5
6
5
5
5
4
4
5
4
4
4
5
4
5
4
5
5
4
5
4
5
4
4
4
4
12
4
4
4
4
6
4
4
5
4
4
5
5
7
4
4
5
4
4
5
4
5
4
5
4
4
4
4
5
4
5
4
4
4
5
4
5
4
5
5
4
4
4
6
4
5
4
5
4
5
4
5
4
5
4
4
4
4
