4
10
4
4
13
5
5
5
5
4
29
8
4
5
5
6
5
4
4
4
38
10
4
5
4
4
10
5
4
6
5
5
15
4
4
4
5
4
4
4
5
5
6
5
6
4
4
5
4
5
4
5
4
4
5
10
5
5
4
5
4
4
4
4
5
4
5
15
5
5
4
4
5
14
5
6
5
12
5
4
4
5
4
5
4
5
4
6
5
4
4
4
6
4
5
4
4
4
5
5
7
4
15
5
5
4
4
5
5
4
4
4
5
5
4
4
4
4
5
4
5
4
11
5
4
5
5
5
5
4
5
5
6
5
4
5
4
7
5
4
20
10
4
5
4
5
5
4
4
5
5
4
4
5
4
4
5
5
4
4
4
5
5
5
5
4
5
4
4
5
4
5
4
5
4
4
5
7
4
5
4
4
4
4
5
5
5
5
5
5
5
4
5
4
4
4
4
4
5
4
4
4
4
5
4
5
4
5
5
4
5
5
4
4
4
5
4
5
5
5
4
5
4
4
4
5
4
5
5
5
4
5
5
4
5
5
5
4
4
4
4
5
5
5
4
4
5
4
5
5
4
4
4
6
4
4
4
5
5
4
4
5
4
4
4
5
4
4
4
4
5
5
4
4
4
4
4
4
4
5
4
4
4
5
4
5
4
5
5
4
4
4
4
