43
6
42
56
7
5
4
4
4
6
5
22
6
6
4
9
4
4
5
4
46
5
4
5
16
5
31
5
4
5
4
4
5
5
6
4
4
55
5
5
5
22
5
5
5
6
6
5
6
6
6
4
4
4
14
5
5
4
4
5
4
9
4
4
5
11
10
6
5
10
7
5
5
5
4
4
17
5
14
4
4
6
4
4
4
5
41
4
6
4
23
4
4
9
4
6
5
7
5
4
6
5
5
5
4
5
4
6
5
5
6
6
32
5
4
5
6
12
5
6
34
4
4
5
4
4
6
8
4
5
4
5
6
4
4
6
5
4
10
7
6
6
4
5
4
6
7
4
6
12
6
4
4
4
10
4
6
4
5
7
5
4
4
4
7
6
6
7
6
4
4
4
10
5
6
5
4
6
6
5
5
6
4
9
4
4
5
4
5
4
5
6
6
5
5
4
4
5
4
4
4
5
5
5
6
4
13
4
4
5
5
6
5
5
5
4
5
4
5
4
4
5
5
4
6
4
4
6
4
6
5
6
7
5
5
4
5
5
4
4
8
4
4
4
4
4
6
6
4
4
4
4
5
4
6
5
5
4
4
5
5
5
5
4
4
5
5
4
5
6
6
5
4
4
4
4
5
4
4
4
6
5
4
4
4
