13
54
4
6
39
4
4
8
40
8
29
27
11
5
5
4
6
33
4
5
77
4
5
6
4
4
31
108
4
54
4
4
31
5
4
6
8
6
6
5
5
11
24
6
4
14
5
6
4
4
4
5
31
9
4
6
6
6
4
7
4
4
5
6
6
4
4
8
4
5
4
10
4
5
12
4
4
21
6
4
4
5
5
5
6
4
7
4
27
4
4
5
5
5
6
4
6
5
19
5
4
6
4
4
4
6
9
4
7
10
4
4
4
4
4
4
4
5
4
6
4
5
4
7
10
4
4
6
4
6
4
4
4
5
5
4
4
5
5
4
4
4
12
4
6
4
6
6
4
7
4
6
4
4
10
5
7
5
8
4
13
4
5
5
5
4
6
12
5
5
5
6
6
4
5
7
6
5
5
5
6
5
4
5
8
4
4
4
4
4
5
14
5
4
4
6
6
10
4
4
4
5
4
4
4
9
4
6
4
5
4
4
4
4
5
5
4
5
5
4
4
5
4
5
4
5
6
4
4
5
5
4
4
4
6
4
9
4
4
5
5
4
6
6
4
4
5
4
4
4
5
5
5
4
4
5
4
4
5
4
5
4
4
