8
76
6
6
20
5
49
5
5
6
6
7
50
6
8
6
5
5
5
6
33
8
7
12
6
9
6
25
19
7
7
5
5
5
8
5
5
36
6
8
8
5
20
5
7
6
7
38
5
6
7
54
41
6
11
6
8
10
6
5
6
8
8
7
32
8
5
5
5
8
5
5
15
6
8
7
7
9
5
7
5
8
58
5
6
7
11
5
8
5
37
6
7
5
5
14
8
6
7
6
7
9
8
5
7
7
9
7
6
6
8
5
7
5
8
8
6
6
5
9
16
5
5
5
5
5
7
7
6
6
8
5
5
6
5
5
5
6
5
6
11
7
5
7
5
6
5
7
6
5
6
7
5
7
6
6
6
5
8
5
7
5
8
5
5
6
5
5
5
5
6
6
6
5
5
6
8
5
6
6
8
5
6
8
8
5
6
9
5
5
8
5
7
7
5
7
5
5
5
7
6
5
5
5
5
7
6
5
5
8
6
6
5
8
9
6
5
7
5
8
5
8
6
8
5
5
6
6
5
5
5
9
6
5
7
9
5
7
5
6
5
5
5
7
5
6
7
6
5
19
9
6
19
5
6
6
6
7
7
6
5
8
5
6
5
7
5
8
6
7
5
6
7
5
5
7
5
6
7
5
5
5
7
6
8
7
5
6
5
7
6
7
7
5
7
5
5
5
7
7
5
6
5
6
5
5
7
6
5
6
6
5
5
6
