7
165
105
182
7
5
4
4
4
102
5
6
51
6
4
4
7
5
8
4
5
65
5
4
19
5
4
5
6
4
4
5
5
34
6
6
4
5
5
4
7
7
9
5
9
11
7
4
21
7
5
8
5
4
4
4
4
5
4
14
4
5
61
5
10
5
34
11
5
5
7
4
4
5
4
4
34
4
4
4
4
5
6
4
4
4
6
4
4
5
5
6
48
5
4
5
6
19
5
8
4
5
4
5
4
5
20
8
4
11
5
5
4
7
5
7
4
4
6
9
4
5
4
6
4
7
6
5
4
4
4
10
4
6
5
7
5
4
4
7
5
6
6
8
6
4
7
5
6
5
6
4
5
4
9
4
6
5
4
4
5
5
6
5
6
4
5
4
4
7
4
5
5
7
6
4
5
4
8
4
5
7
6
5
5
4
5
4
5
4
7
4
4
6
4
4
6
5
6
7
4
5
4
4
4
7
5
4
8
4
7
4
4
4
5
5
4
7
4
6
4
5
4
5
4
4
5
5
4
4
4
5
5
4
4
4
4
6
5
6
4
4
4
4
