66
5
113
7
48
7
7
66
6
5
5
10
8
5
10
9
6
58
64
5
5
6
6
9
5
6
9
6
9
6
258
7
8
5
5
5
5
5
6
8
7
5
5
7
6
25
6
13
8
5
5
6
8
5
5
6
5
8
7
7
5
7
11
10
7
7
9
5
6
5
8
9
12
5
7
7
5
8
8
5
14
6
8
7
8
6
5
5
5
6
7
32
10
7
7
6
5
8
7
9
6
7
9
5
5
5
42
5
7
5
12
7
7
7
6
5
5
7
36
7
5
15
6
5
6
6
16
7
5
6
5
5
27
8
6
5
13
5
5
8
5
8
7
5
8
6
11
6
10
11
6
6
5
6
5
6
10
6
5
6
5
5
8
5
9
7
5
8
5
5
5
5
10
9
5
6
10
5
6
5
5
7
6
10
8
5
5
6
5
5
5
10
5
5
6
6
6
8
5
9
7
7
5
7
13
5
9
6
5
5
5
7
5
9
5
5
5
6
6
7
5
6
6
10
5
5
5
6
6
5
5
5
9
5
7
7
7
5
8
5
5
7
7
9
9
6
5
8
7
5
6
5
7
5
5
6
6
6
5
9
5
5
6
5
9
5
5
5
5
6
10
5
5
5
7
8
6
6
6
5
9
5
6
5
7
6
5
10
5
5
5
5
5
6
5
6
5
6
5
5
5
9
7
6
5
5
7
5
5
5
6
6
5
6
5
5
