5
7
7
6
6
11
6
5
5
8
7
5
9
7
7
6
7
17
5
7
6
6
7
5
5
6
5
5
7
5
6
5
7
7
7
7
5
5
26
7
23
7
6
5
5
8
6
6
5
6
5
8
7
5
5
5
7
8
6
7
6
6
6
9
5
26
6
5
6
12
7
7
5
6
22
5
7
30
5
6
27
7
7
7
7
5
6
6
7
6
6
6
7
6
6
8
5
5
5
16
10
9
5
6
6
5
5
6
7
5
7
16
6
5
5
5
5
5
6
9
7
5
20
5
5
5
6
7
6
5
11
5
5
7
8
5
5
7
24
6
6
5
7
5
12
6
7
5
6
6
7
6
5
7
7
5
5
7
11
7
5
5
5
5
5
8
11
6
6
11
6
5
6
6
5
5
6
7
5
5
5
8
5
5
6
5
5
5
6
7
6
6
7
5
5
5
6
5
5
5
7
5
6
5
5
5
7
7
5
5
6
7
5
8
6
7
7
7
6
5
5
6
11
5
8
7
9
7
5
6
7
6
5
6
5
5
6
7
5
6
5
6
6
6
7
8
6
7
7
6
6
5
5
5
5
6
6
5
5
5
5
6
7
6
7
7
6
5
6
5
7
5
5
5
7
7
5
5
5
5
6
5
6
5
7
5
5
7
7
6
7
5
5
5
5
5
6
5
5
5
5
5
5
5
7
5
5
6
6
5
8
5
5
5
6
5
7
5
6
6
6
6
7
6
7
5
5
6
6
5
