5
7
5
14
5
5
17
4
6
5
4
4
4
5
5
12
5
6
4
4
13
4
4
4
4
4
4
6
4
14
5
4
5
4
27
4
4
4
5
4
4
6
9
5
4
5
7
5
5
4
5
5
5
5
4
4
6
7
5
4
5
4
5
5
4
5
4
4
8
4
4
5
5
11
4
24
5
4
8
5
4
4
23
4
9
4
12
7
4
4
9
4
5
4
5
16
4
5
4
5
5
4
5
7
7
4
5
13
5
4
5
5
4
4
4
4
19
5
5
4
14
5
4
5
4
4
4
8
4
4
10
5
4
4
4
6
4
4
4
5
4
4
4
5
11
4
4
4
15
5
4
4
5
5
5
5
4
5
5
5
5
4
4
4
4
4
4
5
4
5
5
5
4
5
5
4
4
5
4
4
4
5
4
6
4
5
5
5
5
4
4
4
5
16
5
4
8
4
4
4
5
5
5
4
4
5
4
5
5
5
4
7
4
5
5
4
4
4
5
5
4
4
4
4
4
4
5
4
9
5
5
4
4
4
4
5
4
5
5
4
4
4
4
5
4
4
4
5
4
5
4
5
5
5
4
4
4
4
4
4
4
4
5
5
5
5
4
4
4
4
5
5
4
4
5
5
5
4
4
4
4
5
4
4
