6
52
5
8
35
5
8
8
6
7
6
7
5
5
5
5
6
64
6
6
47
7
29
6
5
6
8
6
149
9
7
5
59
8
6
5
56
7
5
7
5
25
5
7
31
9
5
5
5
8
8
5
8
8
6
8
5
5
9
5
93
11
8
6
7
8
8
5
7
5
5
5
5
8
5
6
7
11
7
6
5
15
9
5
5
5
6
6
6
10
5
5
9
5
5
6
9
5
6
5
6
9
9
51
6
6
10
9
5
8
5
8
7
9
10
5
7
5
9
5
7
6
9
8
9
5
6
9
7
5
6
7
6
5
8
5
5
5
7
5
8
34
6
5
7
5
30
6
7
7
5
5
14
6
9
9
5
6
17
6
7
8
5
5
9
5
23
8
7
5
6
9
6
6
6
7
17
5
5
7
6
5
7
5
5
6
7
6
5
7
5
7
5
6
6
5
19
6
5
6
5
8
11
5
5
6
5
5
5
7
6
7
9
6
9
6
5
5
6
6
5
5
7
6
5
5
10
6
5
5
5
5
6
7
5
6
5
6
5
7
5
5
6
5
14
11
6
5
5
6
6
5
7
7
5
8
7
5
5
5
5
8
5
5
7
5
5
7
5
7
5
8
5
7
6
12
7
7
8
5
6
5
5
5
5
5
5
6
6
8
7
6
7
5
6
7
5
5
5
5
5
7
6
7
5
6
6
6
9
5
6
8
5
5
5
5
5
5
5
6
