7
6
7
84
5
8
6
6
6
5
9
6
5
6
6
6
7
6
9
8
5
6
43
8
5
8
61
6
5
8
6
9
5
5
7
5
7
10
41
5
5
8
7
6
7
5
42
5
6
7
6
6
5
53
8
7
5
5
6
9
8
5
7
6
9
6
5
18
8
8
7
7
7
7
7
7
5
5
5
7
8
8
8
5
8
5
7
7
5
5
5
30
8
16
6
5
6
14
9
6
29
7
5
8
5
8
5
5
5
6
17
5
8
5
7
9
8
7
10
8
9
5
7
6
15
5
8
6
5
6
5
8
6
5
6
8
5
5
8
6
6
6
5
6
5
5
7
6
8
6
5
5
5
6
5
5
7
5
8
5
6
5
5
8
6
7
5
6
5
5
5
7
7
5
5
5
7
7
7
7
6
8
7
8
5
6
5
27
6
6
5
5
5
6
7
6
7
8
6
5
5
9
11
8
6
5
6
5
14
5
5
6
7
5
6
6
7
6
7
8
7
6
7
8
5
7
6
5
8
6
7
5
7
5
6
6
5
7
5
5
8
5
5
5
6
7
5
6
9
5
7
5
5
7
6
8
6
5
7
8
7
5
7
13
5
6
5
8
9
5
5
5
5
5
5
11
7
6
5
6
5
6
6
7
6
7
7
6
5
5
6
8
8
6
7
6
7
5
5
16
7
5
5
5
8
7
5
5
5
5
6
5
6
7
5
14
7
5
6
5
6
5
10
5
5
5
5
5
5
8
5
6
7
5
6
6
5
5
5
5
5
6
5
6
5
