20
6
115
6
8
5
5
301
200
10
9
5
5
24
7
11
6
6
55
5
5
6
7
5
6
6
8
6
7
5
5
5
10
5
7
7
27
5
11
5
5
7
6
9
9
62
9
5
5
7
5
8
14
24
5
6
5
7
8
6
5
8
5
7
5
5
6
5
6
23
10
8
6
5
6
5
6
5
5
8
8
7
5
6
5
8
5
5
6
5
6
5
5
7
7
5
8
7
7
8
9
6
6
6
6
6
5
5
13
10
8
6
5
5
6
6
5
6
5
7
6
5
6
7
7
5
5
6
9
7
5
5
6
70
6
5
7
5
9
6
8
5
7
6
5
6
8
8
8
7
5
5
12
9
5
5
5
6
7
5
5
5
6
10
5
5
6
5
6
6
6
7
6
5
8
5
5
5
5
5
5
7
8
6
5
7
5
7
6
7
5
6
7
5
7
5
8
6
6
9
8
6
6
7
7
6
5
11
6
6
5
5
5
6
5
5
6
5
8
6
6
5
6
6
6
8
5
5
6
5
6
7
6
6
5
5
7
7
6
5
7
5
6
5
5
6
6
5
5
6
7
6
6
5
5
5
5
7
8
6
5
5
5
5
5
5
5
6
5
6
5
6
5
5
6
5
5
5
5
6
7
5
6
5
5
5
