41
5
7
9
6
7
14
19
9
6
5
74
8
7
8
6
7
13
7
369
5
7
7
33
6
8
5
5
7
6
5
6
5
7
6
5
9
23
8
37
7
143
9
8
6
9
5
5
6
5
5
5
75
8
6
6
6
9
26
5
7
18
5
5
5
9
6
5
34
7
5
7
5
5
6
5
5
9
12
6
7
5
8
6
5
6
5
14
5
8
6
8
9
56
6
10
6
13
5
5
7
10
5
6
5
5
6
5
6
5
9
7
5
6
6
6
6
6
6
25
5
5
6
5
5
7
5
7
7
5
5
5
5
7
5
6
6
5
5
7
8
5
5
7
12
6
6
6
8
7
5
5
7
5
5
5
5
11
6
5
8
6
6
7
8
9
6
6
7
8
5
5
5
5
5
5
10
6
5
8
6
12
6
5
5
8
5
5
6
5
6
5
6
7
7
5
5
5
8
5
5
6
7
7
7
6
7
11
5
8
8
7
11
8
8
7
6
5
6
7
5
7
6
8
5
5
9
13
6
7
6
10
5
5
5
5
6
5
5
5
7
7
6
5
5
8
6
5
5
5
5
5
6
7
7
5
9
7
5
6
7
7
6
7
6
5
5
5
5
5
5
9
5
5
6
6
5
8
5
5
8
6
5
5
6
7
5
12
5
7
6
6
8
8
7
6
5
5
5
5
