5
5
5
4
4
5
7
4
5
5
4
5
4
5
25
24
4
5
4
4
4
5
13
30
5
4
4
4
4
4
6
6
37
5
4
34
9
5
4
4
4
5
5
4
4
5
4
5
4
4
4
4
5
4
5
5
5
4
5
5
10
20
4
4
4
14
4
5
4
5
4
5
5
4
4
5
6
6
17
4
5
7
12
4
5
6
4
4
9
5
5
4
5
4
5
5
4
4
4
5
5
5
4
4
5
5
5
4
4
5
5
4
5
5
4
12
4
5
4
5
4
4
4
4
6
5
5
4
5
5
5
5
4
5
5
4
5
4
9
6
4
4
6
5
4
4
4
4
4
7
4
4
4
4
5
5
6
4
4
4
4
4
5
4
4
5
4
5
4
4
4
4
5
4
4
4
4
4
5
4
4
5
4
4
4
5
5
5
4
5
4
4
4
5
5
4
5
4
4
4
4
4
5
4
5
4
4
4
5
6
5
4
4
5
4
5
5
4
4
5
5
4
4
5
4
4
5
4
5
4
4
5
5
5
5
4
5
4
4
4
4
4
4
4
4
5
7
4
5
5
4
4
4
4
4
4
4
4
4
4
4
4
4
5
4
5
5
4
5
5
4
5
4
5
4
5
4
5
4
4
5
4
5
5
4
4
4
4
