25 64 164 362 421 539 645
35 278 412 492 594 754
24 116 186 919
363 692
7 70 73 107 156 314 370 408 549 649
21 81 89 188 380 396 499 716 866
25 96 243
120 205 261 318 325 443 496 614
16 786
14 21 30 150 649 839 948
2 98 229 328
41 101 297
9 22 278 483
78 287 536 855
1 12 149 205 341 388 417 445 849
3 100 151
211 630
64 146 286 341 710
273 810
142 290 567
500 753
12 13 73 91 95 180 200 220 229 301
32 57 830
109 663 682
117 733
250 374 521 533 576 823 953
409 432
27 34 39 64 406 498 728 871
15 51 102 152 233 305 306 396 439 474
1 3 69 279 603 774 852
7 92 224 726
373 729
82 132 185 900
7 744 798
136 790
76 201 233 316 394 463 498 628 882 934
330 378 401
28 570 828 856 973
16 19 314 759
386 488
49 169 239
190 315 321 564 837 864
18 25 172 191 259 379 456
41 90
5 940
199 258 303
127 217 766
14 137 232 489
17 23 183 310 572 644 648 651 684 827
72 352 511 623 855
34 94
17 85 266 902
79 761
12 13
163 565
106 263
549 652
318 319 325 452 664 748 862
296 928
2 99 179 559
5 173 263 583
115 262 346 427 484 645 753
89 566
154 360 584 852
2 351 586 979
68 102 164 756
61 68 205 921
90 259 957
358 447
2 15 130 135 216 380 582 778
36 382 666
45 72 182 185
34 611
12 73 226 631
8 552
676 948
17 30 398 399 422 537 680
1 100 527 535 743 768 850
3 516 557
8 15 114 199 284 567
43 92 95 357
171 173 338 742
84 185 231 482 583
13 111
203 460 577 629 945
37 117 376 417 870
22 180 490 548 565
62 202
57 65 129 299
1 479
732 981
55 156 585 695
5 223 290 565 709
88 135 187 347
340 807
14 68 137
22 37 66 132 334 441 734 858
21 33 43 269 544 819
28 348 693 760 887 990
299 918
15 32 131 279 389 466 881
123 129 130 350 379 430 656 726 853
25 71 194 232 634
209 856
296 819 947 971
11 353 773 833 891
113 199 700
548 626 780
2 582
17 21 25 53 96 243 328 361
190 251 402 484 491 624
27 28 39 107 189 247 377 436
80 119 387 550 601 622 734 894
5 34 48 97 146 365 420 535 539 637
7 79 140 192
294 689
8 9
39 49 315 353
119 998
459 520
366 698 817
276 479
564 997
51 71 149 292 685 902
397 468 660
4 88 135 519
12 19 46 47 144 429 931
92 850
85 307 364
59 332
5 203
30 230
20 52 262 347 489 613 619 994
32 129 185 317 369 406 497 842 974
19 108 127 309 556
113 126 183 385 844
186 218 449 928
6 22 43 63 66 125 586 595 851
198 505 548
176 276 764
4 52 71 116 356 401 410 476 707
12 13 159 163 270 478 876
726 952
17 822
25 181 489 536
35 37 118 277 288 679
365 792
61 76 428 713 765
3 43 138 992
22 165
18 160 953
7 95 103 110 119 146 524 991
51 121 166
1 703
1 44 192 250 333 375 706 901
54 86 175 254 447
288 417 581 789 843
19 854
8 24 240
378 515
377 518 649 856
50 124 312 606
3 9 52 69 189 389 410 463 867 990
15 28 42 50 79 151 192 404 884 956
75 264 367 551
282 689
537 968
319 469 885
4 19 52 206 244 702 731 746 910
7 29 41 545 767 781
18 63
214 266 744
89 102 579
3 150 425 457 533
142 271
159 472
861 952
19 103 893
79 122 151 407 494 878
81 167 435 699
22 322 612
515 560 730
14 18 39 50 109 293 465 531 563 587
36 173 280
26 77
37 117 260 267 287 356 456 491 755
125 154 423 427
63 446 815
13 749
55 123 189
4 29
89 155 643 989
448 451
152 194 314
30 437
148 436 480 527 824 841 985
53 68 351 354 501 540
162 616 885
392 396
74 122 182
207 344 371 518 924
66 343
42 74 130
17 134 138 251 277 686
112 165 957
90 138 159 181 373 744 897
58 542 848 965
169 399
62 260 843 929
34 61
110 136 298
16 57 78 104 149 170 530 537 763 869
139 335
204 346 767
17 38 44 214 375 720 970
77 125 345 460 980
48 609 797
68 105 109 721
224 506
126 249
23 49 196 282 294 300 370 838 903 917
29 46 357 779 958
30 96 369 391 662
27 40 77 156 317 521 589 792
5 20
26 40
28 481 576 864
49 191 196 675
1 134
528 960 985
94 144
6 376 896
10 36 69 197 203 270
37 43 118 158 209 571 805 922
27 267 696
31 434 917
2 16 53 76 408
201 235 275 442 741
15 419 975
135 328 386 488 760
9 76
63 107 188 199 364 382 584 778 982
28 30 56 353 919
129 232 393
255 321 786 859
66 142
43 138 213 421 617
46 587 623
72 153 170 306 321 405 442 907
77 112 637
384 501
16 393 553
20 829
5 100 263 437
2 195 566
21 46 72 95 269 274 523 544 840
4 257
181 379
100 240
217 336 409
359 647
55 830
108 946
9 221
168 216 507 508 591 660 668 727 877
1 235 339 380 831
1 29 79 109 111 208 322 333 613 668
44 1000
101 279 389 453
248 398
295 326 651 698
506 610
15 40 44 106 141 470
147 350 583
14 253 873
93 279
97 337 341
5 58 66 73 177 343 462
68 173 215 313 338 372 421 496 742
1 74 134 140 151 208 323 459 613 671
55 114 144 429
139 210 458 599 620
40 55 67 207 291 335 497 788
104 381 448 654
21 33 164 394 581 610
2 83 84 249 475 509 650 678 683 738
249 444 736
64 192 426 527 528 805 888 989
8 54 59
31 58 80 239 282 584 845 930
11 79 145 197 361 859 976
27 39 59 148 304 539
71 474
178 265 928 933
16 42 47 116 127 210 384 566 787 812
70 245 311 611 785 851
45 58 665
56 100
53 825
9 31 143 408 840 999
366 481 570
101 999
12 340 770
358 949
19 257 285 820
15 122 468 479 978
9 139 302 422
21 30 636 716 819
84 176 201 674
233 253 485 738 965
32 72 156 337 534 572 576 806 944 991
133 608
20 242
42 131 134 140 208 966
81 84 377 833
272 830
1 275 357 423 832
10 107 246 556
56 116 264 291 434 477 680 736 911 974
187 578 765
48 134 175 212 477 682 753
280 614
81 475 849 981
82 118 354 514 562 886
24 56 401 515 914
91 144
72 705
23 49 430 714 863
32 100 174 183 185 223 482 489 763 914
46 83
25 101 152 314
134 688
6 106 176 534 558
3 93 941
54 174 912
65 268 593 761
7 8 29 38 552
68 121 193 411 451 579 778 825
68 496 721
406 905
29 618
29 72 134 140 419 538 966
110 130 976
22 63 115 395 423 442 595 986
20 230 296 368 438 512
56 100 116 296 386 441 449 930
98 232 777
6 60 272
2 3 24 187 445 762
33 150 439
5 73
239 294
102 153 908
9 500
22 128 153 251 415 865 908
121 171 254 308 775
28 624
120 451
159 359
230 372
34 202
207 247 366 502 608 811
133 924
225 288 895
85 253 413
9 76 221
26 39 146 511 546 561 673 866 970
15 78 106 237 281 369 752
4 136 225 404 635 641 702 969
91 633
31 370 559
68 89 167 174 313 852
61 171 261 398 563 799
16 89
55 100 623
7 39 42 62 937
55 57 475 529 762 916
232 327 488
4 21 26 149 544 745 845
21 269 335 362 531 545 756 961
72 170 287 466 471 683 776
6 10 101 176 216 310 352 518 907
7 29
21 135
1 192 342 471 542 667 914
42 140 256 517 618 966
44 211 371 842 924
514 929
272 467
393 747
40 77
103 410 573 708 739
57 156 185 446 450
398 936
29 213
37 342 354 858
11 57
7 29 74 225 234 250 397 497
4 70 76 431 667 719 847
38 304 431 670
30 581 818
52 555
19 56 65 87 91 166 389 560 968
58 70 110 745
18 126 183 647
80 110 872
35 795
222 272 640
8 54 143
115 295 299 612 646 918
304 316
1 715
2 98 232
58 137 144
95 334 400 527 952 989
39 353 810
17 196 258 913
331 455
31 917
45 157 348 665
22 94 326 405 442 480 730
38 90 111 214
8 119
33 53 228 331 372 506 857 955
17 44 83 142 231 259 379 385 580 694
127 308 812 946
10 56 115 380 388 597 646 848
87 100
83 200
184 336
23 198 468
106 709
27 34 48 131 202 212 706 898 899
35 82 132 356 504 631 733 843 886 929
127 308 927
84 206 641
16 178 239 547 889 932 978
32 43 46 83 125 158 215 220 235 336
129 471 957
4 252
61 128 195 573
81 432 817 855
28 44 223 236 484 959
15 111 743 772
2 25 59 96 98 162 193 229 293 461
5 142 178
67 213
369 557
7 131 182 223 236 247 570 635
76 87 128 143 190 393 500 566 723
335 713
27 71 82 103 305 390 650 977
35 99 120 230 238 532 769 942
221 922
14 104 137 471 534
9 197 656 862
182 967
516 977
363 569
8 89 195 254
296 433
685 951
24 28 52 69 93 497 712 945
11 193 263 529
1 23 407
14 41 796
13 51 107 128 188 197 253 419 624
16 46 398
48 77
127 308
47 51 58 121 219 892
43 83 627 829
183 188
32 654 875
125 346 423 584 604 779 821 979 999
40 62 228 267 420 717
626 630
2 94 98 187 588 634
38 374 390 596 970
45 246
15 51 216
3 179
157 165 186 330 659
51 211 343 529 672 828 959
1 3 12 97 202 329 330 693
25 82 217 308 312 411
33 154 454
88 98 642
827 960
101 780 945
487 577
607 740
78 123 182 383 469 633
23 254 294
40 212
17 214 307 376
14 50
20 23 27 50 84 149 184 234 302 456
99 166 709 931
5 48 64 75 97 286 337 498 666
39 40 67 161 212 213 981
78 277 405 526 549 661
118 554 869
118 157 208 554 598 799
58 532
26 106 341 420 605 724
149 209
1 60 312 414 884
1 67 102 137 196 226 420 558 913
9 29 76 79 143 248 600 840
206 438 998
21 394
235 262 594 880
70 137 202 245 542 596
61 94 318 421 704 779 925
200 383
63 165 188 588
66 177 178
167 326 434 559
164 392
159 376
227 586
10 231 286 425 453 677 732
15 59 80 234 414 505 734 882 932
1 29
356 886
35 62
60 198 273 309
13 319 357 565
13 49 58 141 144 245 329 383
17 25 28 63 247 298 387 669 933
60 621
3 252 352
122 257 274 806
45 74 303 385 410 440 599
5 29 66 695
10 26 40 97 178
59 535
67 264 606
75 221 600
32 889
19 52 189 283 847
532 541 949
3 93 101 107 453 457 463 722 800 955
2 190 582
3 104 683
48 64 96 406
143 221 336 507
47 496
86 180 422 986
3 324
2 13 14 52 104 189 211 530 634 964
69 462 944
9 76 186
25 220 759
16 251
455 652 875
24 203 296 470 921
122 320 355 466 593
89 391 747
3 10 93 131 216 250 407 419 473
56 109 218 573 888
136 298 461 820
1 182
40 62 67 465 898
86 302 358
11 57 106 167 197 765
174 659 921
54 332 431 814
42 323 694
10 36 101 203 276 316
11 21 305 962
260 354 737
123 141 490
10 635
10 98 739
19 71
18 112 213
59 145
20 30 37 177 268 271 320 343 368 512
14 41 50 70 124 245 311 796
670 775
46 67 94 138 339 691
140 850
2 54
643 985
46 83 158 414 617 621 627 853
9 31 43 187 283 686 748
8 59 97 487 513 528
11 32 34 43 106 409 509 718 998
157 607 642 788
56 86 433 449
114 169 538 540 782
31 108 127
4 113 503 667 938
20 160
4 18 20 266 271 375 472
82 117
85 119 266
1 20 60 459 494 547 772 967
9 15 41 381 626 916
256 538
34 50 233
112 752
24 116
77 241 801
41 50 162 245 845 906 965
10 269 294
504 826
6 156 935
106 550
194 244 283 399
135 992
78 145 167 629 849 978
29 79 208 234 256 390 602 668 950
41 124 233 495 606 655 906
240 401 498
6 84 85 104 158 197 249 306 585
241 710 876
137 462 524
18 160 259 359 444 913
8 79 116 190
276 705 722
146 212 493 860
26 92 95 138 158 179 927
6 104 185 738
71 708
277 486
50 75 110 157 162
25 230 538 541 671 884
52 149 198 387 404 731
233 785
348 990
6 9 11 39 65 104 321
44 205 266 290 315 585 675 813 834
5 73 271 301 525 530 769 874
47 931
89 684
6 32 47 108
15 20 38 65 129 495 591
88 135
171 295 798 925
18 377 625 897
64 403
10 139 175 195 302 742
397 916
148 480 766
171 248 540
180 205 551 908
8 53 312
201 275
27 35 39 161 264 865
130 782
275 499
47 51 696
26 60 85 121 304 467 793
147 184 621 622
29 74
112 418
31 370
115 418
59 132 221 243 333 444 522 597 610 907
529 848
32 36 105 316 435 487 580
151 694 707
60 147 273 414 963 987
1 42 182 345 768
17 65 66 177 226 290 293 301
12 13 70 75 141 241 513 572 589
3 22 322 360 483 863
35 37 91 163
39 48 64 403 420 436 710 715
41 462
7 366 484 494 597 644
13 90 364 472 897 995
27 60 71 124
5 20 196
50 75 144
175 422 458 620
33 74 124 480 581 783 811 948
4 68 109 173 215 809
10 63 69 222 378 382 445 588 677 926
8 119 227
15 127 216 881
38 159 167 183 809
176 237
234 256
19 209 410 431 604 910
12 123 163 633
10 16 63 101 276 304 784
35 758
10 35 69 82 317 341 424 631 823
80 163 217 309
126 364 625
169 457 579
189 306 548 851
146 259 284 349 572
4 78 117 122 405 504
5 81 418 425 562 606 743 899
388 754 896
71 74 111 131 412
67 157
85 117 807 900 972
33 220 305 428 610 728 890
494 507 877
80 198 963 984
20 268 301
188 235
599 602 909
323 426 585
12 33 150 224 632
53 61 105 120 248 325 338 443 503 751
11 25 55 794
41 137 485
9 76 220
186 193 614 798
373 516
44 129 160 181 598 720 791 943
3 265 478 622 762
3 10 28 36 237
1 47 52 99 111 508 950
120 540
21 150 712
22 94 238
108 812
1 114 140 688
249 307 456 801
99 219
8 36 59 729
53 173 313
12 123 163
11 191 475 611
6 467
70 233 293 485 492 524 697 971
88 488
829 951
2 519
210 510
574 872
13 47 51 114 121
3 324 395 701
4 20 36 51 121 158 746
69 107 179
54 68 141 177 716
31 49 169 258 399 663
350 504 519 543
17 38 44 90 181 191 275 885 939
75 161
222 653
64 616 901
108 309
8 18 32 33 67 80 214 344
38 93 107 460
42 50 168 309 444 479 967
94 112 201 278 521
24 129 214 345 402 713 809
87 174 550
286 607 740
4 59
291 406 589 993
254 258
92 95 99 138 336 617 922
361 617
12 13 66 123 180 603
8 227 332 681
19 30 117 194 285 555 671 820 893 902
23 120 282 714 935
2 94 98 347
31 61 297 300 894 940
16 61 109 355 614 751 831 994
33 42 114 133 344 349 502 644 771
224 439 545 592 839
25 818
34 264
17 159 307
14 50 524
19 62 103 124 161 209 283 340
26 34
246 561
82 132 260 486 534 609 795
77 146 213 335 416 724 813 915
19 81 113 246 291 379 790 878
20 65 153 242 355 512
19 41 55 97 113 143 265 392 505 797
20 35 72 90 96 98 332
34 84 105 558 654 657
173 215 873
20 226
139 175 458 602
51 892
53 68 181 248 298 388 503 682 751 833
111 234 473 657 808 878
65 367
120 261
179 556
125 882
70 162
103 847
13 21 24 116 330 535
82 549
170 325 365 396 501 984
112 612 802 880
13 114
115 204 262
40 259 593 720 903
14 102 297 697 747
12 854
24 601
50 58 124 162 305 749
43 92 158 267 691 888
3 13 36 105 245 389 692 991
575 770
174 550 638 835 930 996
3 37 179 210 364 520 729 792 800
27 575 586 741 879
103 136 257 292 555
5 74
11 235 961
18 322
405 863
9 34 86 228 282 411 595 653 838
35 400 476 827
18 113 172 191 385 413 430 655 700 1000
53 153
211 273 987
54 242 250 373 425
13 21 108 111 346 447 546 679 946
33 63 125 165 299 523 594
154 704
21 440 544
297 574
35 118 307 331 870
339 545 592
12 36 83 114
123 144 319 861
49 370
57 363 472
26 27 62 155 161 403 643
371 672
293 297
64 128 145 170 502 757
11 91 106 222 232 448
23 870
8 174 194 242
37 62 267 288 291 342 900
18 53 402 603
28 78 133 207 371 570 580 828 937 993
19 20 30 315 367 392 394 525 636
101 211 424 457 808
19 56 87 515 559 560
9 96 221 600 823
21 30
10 69
26 34 64 75 146 289 440
2 300
59 142 271 415
44 85 345 376 598
66 242
19 225
41 238 450 516
7 14 15 971
38 90
70 124 532
148 334
151 468
17 44 191
3 10 36 150 784 867 881 977
30 415 428 564 756
300 689
513 797
123 861
131 216 639 650 711 883
49 138 366
7 67 333 517 520 547
70 290 311 452 578 869
240 373 402 997
26 39 97 202 441 551 904
16 35 45 219 596
95 139 184
190 428
450 500
46 115 142 152 154 218 252 270 518 609
291 416 993
182 390 591 662 761
8 452
168 613
32 78 199 231 432 466 578 732 901
7 9 21 27 31 38 133 172 324
73 178 290 298 315 318 368 438 512
345 413
4 91 104 358 575 949
1 5 150 175 226 362 510 525 593 909
50 785
32 477
262 793 986
28 223 247
273 387 638
285 446 554
73 88 536 590 653
55 82 128 145 199 369 412 590 733
33 275 632 788 789 844 923
27 51 52 121 166 212 357 938
61 105 193 338 491 857 925
14 265 343
11 136 318 794 796
61 862
16 226 354 514 874
66 142 155 482 526 736
17 18 587 783 939
323 699 727
89 104 393
13 114 144
17 18 38 90 113 172 374 616 700 844
48 87 207
15 18 75 322 774 982 995
65 299 704 923
20 151
149 194 257
15 22 384 492 517 871
4 103 206 285 604
85 439 476
6 15
331 400 537
71 99 189 209 244 292 757
6 16 310 409 432 530 623 639
229 777
17 97 160 191 680 834
8 258 278
122 127 142 154 201 412
52 225 244 283 285 790 893 983
5 320 440
37 132 417 661 972
103 136
96 243
83 184 958
165 531 660 699 746 959
174 560
225 543
110 252 269 363 718
53 568
1 140 160 787
5 7 323
61 83 136 360 449
207 251 684
165 326 588 594 595 784 880 923
43 83 92 95 138 184 220 627 951
26 48 942 983
36 279 460
54 119 552
23 196 658
23 48 168 169 196 300 589 666 804
69 324 513 533 703 941
28 148 719
23 31 43 49 114 184 220 303 461
11 705
9 45 176 231 256 727 730 795
47 51 121 234 892
71 209 219 350 604 783
1 7 316 495
3 179 203 382
23 77 244 254 258 294 871 903
71 206 759
54 62 227 503
14 56 128 172 222 807 911 988
5 265 832
67 77 317 416 531 804
69 395 741
66 368
48 133 223 353 615 686 846
13 22 82 227 879
3 13 36 148 150 349 664
12 122 256
27 33 64 79 161 426 433 521 637 715
167 263 381 392 435
92 401 801
155 528 968
15 42 99 166 495
280 313 421 755
27 39 403 860
3 34 39 40 241 289 365 898
556 701
45 133 427 608 672
60 147 802
95 454
45 887
228 815
1 152 168 197 384 520 601 636 748
26 36 54 119 184 267 332 691
17 134 192 413 707 943
75 899
18 31 113 217 374 591 803 873
81 145 222 281 597
217 927
73 133 412 620 766
11 32 80 563
17 834
10 348
703 975
61 303
334 841
45 690 693
113 995
76 408
6 24 81 145 186 434 674
23 399
91 329
60 630 937 963 987
12 91 180 676
72 199
288 455
65 173 381 735 950
22 115 188 200 201 204 272 326 413 567
178 969
215 351
2 130
155 255 334 841
57 164 206
9 16 195 239 546 723
11 72 875
1 194 257 706
146 176 724
21 45 62 246 476 561 768
253 297 469 697
6 237 362 451 482 562
4 19 67 244 285 702 868
27 202 286 416 853
15 192 206 250
18 38 44 90
68 171 313
5 10 224 320 567
49 93 282
177 253
10 23 31 175
365 426
118 260 337 554 652 826 874
20 30 38 78 151
98 327 561 887
168 292 377 464 555 621 836
45 141 148 163 317 396 464
37 781
92 148
135 273 397 616 625
93 109 309 407 975
52 241 717 728 836
14 126 154 307 598
80 147 387 407 526 932 984
22 117 179 249
3 5
18 38 172 430 522 939
46 49 83 303
2 135 229 328 361 777 816
143 780
284 310
65 150 164 961
29 151 626
13 59 149 169 289 383 414 681 868
28 973
11 477
1 7 29 42 155 168 390 772
29 208 333 640 814
102 415 723 824
23 46 63 145 177 289 351 541 692 837
26 126 271 279 286 295 481 711 771
205 568
276 382 445
67 75 97 558
43 46
6 641
54 204
14 43
8 25 230 372 473
38 53 125 274 380 934 943 979
153 170 786 822 865
7 508
60 80
26 39 41 88 123 166 218 289 804
51 166 219
11 509
11 18 280 284 351 384 437
170 725
3 84 86 198 210 422
58 70
47 99 121 219
24 31 147 510 574 714 912
7 419
96 605 954
32 185 222 281 776 821 964
54 132
37 69
675 791
436 465
69 101 270 577
2 507 648
23 87 100 659 835 891
28 577
10 553
105 355
93 119
112 126
4 385 429
110 134 157
170 391 837 933
358 458
117 342 526 571
49 131 230 266 281 696
251 443
2 46 712
61 424 858
62 944
35 277 511 609
17 44 65 283 320 648 815
148 400 454
4 225 731
24 56 62 87 268 330 378 433 601
2 19
262 803
6 773
37 46 118 188 204 424 486
813 904
6 678 764
130 568
33 95 255 523 569 618 673 918 926
34 136 717
57 167 658
571 679
22 228 278 492 793
55 776
243 619
25 42 113 183 231 359 750 791
228 238 418
37 189 404 758
63 725
4 94 210 408 483 499
32 71 96 340 541 605 619
5 36 339 564
18 130 327 836
42 509
110 157 607
295 395 499
47 166
14 27 41 236 551 868
52 270 461 543 947 964
30 60 592 676
5 289 441 493 750
246 665
86 510
80 102 147 153 195 391 453 501 687 824
74 125 154 180 238 274 360 542 752 926
109 120 673 825 857
6 448
4 16 403
11 78 176 578
4 758
171 193 443
59 77 147 301 417
3 270 941
160 936
54 238 274 339 346 418 628
2 30
33 362 506 628 816
12 180
8 12 91 141 490 980
38 214
42 74 79 192 397
186 367 400 508
118 350 737
8 54
43 46 338 411 936
568 911
75 493 876
9 49 57 239 838
33 108 112 235 236 575 735 773
278 450
48 132 465 562
2 88 93 130 131 153 329 632 980
63 754
29 42 74 111 122 459 473 688
4 14 70 493 805
7 877
126 160 375 522 596 625 647 774
6 41 58 124 162 311 485 587 745
16 255
115 204
26 27 40 92 750 974 996
172 651
10 955
30 305 890
28 608 719
16 24 103 152 822
105 164 215 416 491 721 769
33 224 767 962
2 187 229 386 816
35 37 117 511 826
128 241 314 372 391 455 612 794
20 65 73 177 355 438
23 31 663
5 242 268 883
1 122 739 883
12 91 563 661
85 98 352 763
14 50 58 90 164 394 611 906 962
80 108 505 690 782 894
88 361
2 187
280 920
14 523 846
45 760
47 93 107 304
4 52 143
111 168
26 45 139 319 543 771
48 236 576
24 87 116 186 218 996
31 218 237 301 969
9 76 102 190 306 415 464 474 725
47 99
89 255 306 474 997
64 864
435 678
118 281 447 557 590
25 96 171 605 619 669 818 954
88 976
175 620
24 87 172
141 603 735
6 110 115 252 569 718 866
40 58 481 557
16 102 128 255 662 687
57 81 639
5 73 200 854
32 381
20 268
7 298 340
24 31 212 218 467 573 615 775 787
45 348 781
8 21 34 227 681 789 806
45 988
81 303 464 915 958
26 108 226 312 642 645 669
4 14 519 942
236 349 615
22 94 112 165 483
7 15 79 517 618
39 77 213 252 569 872
2 25 187 592 992
8 308
81 156 237 409 629 640 842
7 22 105 228 803 934
16 454 687
56 211 638 811 920
25 243 954
223 624
299 646
404 905
6 53 261 287 411 711 831 889 994
99 685 757
92 143 158
14 708 839 938
277 356 571
19 152 321
57 60 162
11 78 208 374 553 580 657 947
49 169 300 360
60 147 664
4 274 292
53 261 325 579 799
73 105 120 193 205 280
119 227 814 879 912
159 522
327 347 582
217 956
86 281 599
5 140 265
30 33 87 269 487 670 800 890
34 161 860
198 622
12 13 191 329 363 383 429 452
24 37 86 552 764 821 983
9 10 11 36 84 237 463 536
261 371
7 40 48
6 23 132 156 200 677 935
288 331 514
109 155
6 44 263 656
40 66 178 200 328 367 368 658 940
72 107 139 210 302 478 583 695 770 867
22 24 120 240 378 388 470
55 181 183 190 674 960
41 47 137 574
546 600
48 97
16 152
17 44
12 344 349 502 973 982
6 57 84 145 193 284 287 352 590 905
6 11 55 231 272 284 287 553
22 47 446
100 116 240 835
141 293 311
85 129 181 359 478
470 891
15 547
2 347
86 126 302 310 895 909 953
36 295 324 698 896
28 207
13 327 490
203 204 533 722 808 988
229 292 386
161 215 427 655 972
195 832
155 525
163 737 749 1000
51 219
248 402 690 755 810
224 437
12 469
55 84 375 486 539 602 701 740 904 915
4 910
56 260 264
133 344 615 846
88 956
35 82 342
28 236 247 817
919 920
11 86 139 337 395 802 859 895
