0.00012930769230769232
0.00012930769230769232
0.00012930769230769232
0.00012930769230769232
0.00012930769230769232
0.00012930769230769232
0.00023169565217391304
0.0004225
0.0006511186440677966
0.0010762758620689655
0.002177014084507042
0.002177014084507042
0.0022257414965986396
0.004978285714285715
0.00511155744680851
0.005049940928270043
0.0049637024793388424
0.003069108225108225
0.0030182900432900433
0.0029086538461538464
0.0028543021276595747
0.0028158798283261805
0.002808931330472103
0.0027050889830508478
0.0026400042194092825
0.00028681481481481483
0.00028681481481481483
0.0002470416666666667
0.00023808695652173913
0.00022913636363636362
0.0002074285714285714
0.0001625625
0.00011136363636363636
9.609999999999999e-05
6.3e-05
4.5e-05
4.5e-05
4.5e-05
4.5e-05
4.5e-05
4.5e-05
4.5e-05
3.6e-05
3.6e-05
3.6e-05
3.6e-05
3.6e-05
3.6e-05
3.6e-05
3.6e-05
9e-06
9e-06
9e-06
9e-06
9e-06
9e-06
9e-06
9e-06
9e-06
0.0
0.0
0.0
0.0
0.0
0.0
0.0
0.0
0.0
0.0
0.0
0.0
0.0
0.0
0.0
0.0
0.0
0.0
0.0
0.0
0.0
0.0
0.0
0.0
0.0
0.0
0.0
0.0
0.0
0.0
0.0
0.0
0.0
0.0
0.0
0.0
0.0
0.0
0.0
0.0
0.0
0.0
