0.0002470416666666667
0.0002470416666666667
0.0002470416666666667
0.0002470416666666667
0.0002470416666666667
0.0002470416666666667
0.0003978285714285714
0.0006724807692307693
0.0009453125
0.0016735537190082643
0.0029902222222222222
0.0029902222222222222
0.0030771488095238096
0.005149349137931035
0.005062072033898304
0.005049940928270043
0.004962012552301255
0.002917506976744186
0.0029504770642201834
0.0028267201834862384
0.0027480550458715597
0.0026932602739726027
0.0026635045871559633
0.0026217247706422017
0.0025608828828828827
0.00033265384615384613
0.00033265384615384613
0.00031153846153846157
0.00029784615384615386
0.00026896
0.0002253913043478261
0.0002011904761904762
0.00015905882352941177
0.000117
0.000117
9.9e-05
9.9e-05
9e-05
7.2e-05
6.3e-05
6.3e-05
6.3e-05
3.6e-05
2.7e-05
2.7e-05
2.7e-05
2.7e-05
2.7e-05
2.7e-05
2.7e-05
0.0
0.0
0.0
0.0
0.0
0.0
0.0
0.0
0.0
0.0
0.0
0.0
0.0
0.0
0.0
0.0
0.0
0.0
0.0
0.0
0.0
0.0
0.0
0.0
0.0
0.0
0.0
0.0
0.0
0.0
0.0
0.0
0.0
0.0
0.0
0.0
0.0
0.0
0.0
0.0
0.0
0.0
0.0
0.0
0.0
0.0
0.0
0.0
0.0
0.0
0.0
