0.00019845
0.00019845
0.00019845
0.00019845
0.00019845
0.00019845
0.00037785714285714283
0.0005200833333333333
0.0009276216216216217
0.001691801724137931
0.0030489184782608696
0.0030489184782608696
0.003097961956521739
0.004912409282700422
0.004963516260162602
0.004910656
0.004852455645161291
0.0028144356435643564
0.0027353382352941174
0.002655372549019608
0.002617935960591133
0.002590828431372549
0.0025781902439024388
0.002469685990338164
0.0024323875598086125
0.00040015384615384614
0.00036004347826086954
0.00030476190476190474
0.00030476190476190474
0.00030476190476190474
0.0002738
0.00025205000000000003
0.00021888235294117647
0.0001844705882352941
0.0001536
9.609999999999999e-05
8.711111111111112e-05
8.711111111111112e-05
6.3e-05
6.3e-05
5.4e-05
3.6e-05
2.7e-05
2.7e-05
2.7e-05
1.8e-05
1.8e-05
1.8e-05
1.8e-05
1.8e-05
0.0
0.0
0.0
0.0
0.0
0.0
0.0
0.0
0.0
0.0
0.0
0.0
0.0
0.0
0.0
0.0
0.0
0.0
0.0
0.0
0.0
0.0
0.0
0.0
0.0
0.0
0.0
0.0
0.0
0.0
0.0
0.0
0.0
0.0
0.0
0.0
0.0
0.0
0.0
0.0
0.0
0.0
0.0
0.0
0.0
0.0
0.0
0.0
0.0
0.0
0.0
