0.00019845
0.00019845
0.00019845
0.00019845
0.00019845
0.00019845
0.00028289285714285715
0.0003957027027027027
0.0006577796610169491
0.0013481287128712873
0.00248800641025641
0.00248800641025641
0.0026000548780487805
0.005185076555023923
0.006048642857142857
0.00592125652173913
0.005865506276150628
0.002805685950413223
0.0027628879668049793
0.002702278008298755
0.0026403333333333335
0.002614028806584362
0.0026074732510288066
0.0024320666666666664
0.0023924430379746835
0.00019111764705882355
0.00018225
0.00015778571428571428
0.00015778571428571428
0.00014892307692307693
0.00013333333333333334
0.00013333333333333334
0.00012445454545454546
7.2e-05
6.3e-05
5.4e-05
5.4e-05
5.4e-05
4.5e-05
4.5e-05
4.5e-05
4.5e-05
1.8e-05
1.8e-05
1.8e-05
9e-06
9e-06
9e-06
9e-06
9e-06
0.0
0.0
0.0
0.0
0.0
0.0
0.0
0.0
0.0
0.0
0.0
0.0
0.0
0.0
0.0
0.0
0.0
0.0
0.0
0.0
0.0
0.0
0.0
0.0
0.0
0.0
0.0
0.0
0.0
0.0
0.0
0.0
0.0
0.0
0.0
0.0
0.0
0.0
0.0
0.0
0.0
0.0
0.0
0.0
0.0
0.0
0.0
0.0
0.0
0.0
0.0
