0.0036266187050359713
0.0036266187050359713
0.0036266187050359713
0.0036266187050359713
0.0036266187050359713
0.0036266187050359713
0.004682080924855492
0.006094470046082949
0.014224003448275862
0.010104495145631068
0.006599158450704226
0.006599158450704226
0.006537631578947369
0.0030746740331491717
0.003049994475138122
0.0030340055555555553
0.0030340055555555553
0.00018409090909090909
0.000176
0.000112
9.6e-05
9.6e-05
9.6e-05
6.4e-05
6.4e-05
1.6e-05
1.6e-05
0.0
0.0
0.0
0.0
0.0
0.0
0.0
0.0
0.0
0.0
0.0
0.0
0.0
0.0
0.0
0.0
0.0
0.0
0.0
0.0
0.0
0.0
0.0
0.0
0.0
0.0
0.0
0.0
0.0
0.0
0.0
0.0
0.0
0.0
0.0
0.0
0.0
0.0
0.0
0.0
0.0
0.0
0.0
0.0
0.0
0.0
0.0
0.0
0.0
0.0
0.0
0.0
0.0
0.0
0.0
0.0
0.0
0.0
0.0
0.0
0.0
0.0
0.0
0.0
0.0
0.0
0.0
0.0
0.0
0.0
0.0
0.0
0.0
0.0
