0.003225751879699248
0.003225751879699248
0.003225751879699248
0.003225751879699248
0.003225751879699248
0.003225751879699248
0.005168847368421053
0.007810721991701244
0.011609085910652921
0.00920975737704918
0.006233198555956678
0.006233198555956678
0.006229697841726619
0.003207977900552486
0.0031409723756906077
0.0031409723756906077
0.0031226304347826087
0.00020544444444444446
0.000171125
0.0001849
0.0001681
0.0001521111111111111
9.6e-05
8e-05
6.4e-05
3.2e-05
0.0
0.0
0.0
0.0
0.0
0.0
0.0
0.0
0.0
0.0
0.0
0.0
0.0
0.0
0.0
0.0
0.0
0.0
0.0
0.0
0.0
0.0
0.0
0.0
0.0
0.0
0.0
0.0
0.0
0.0
0.0
0.0
0.0
0.0
0.0
0.0
0.0
0.0
0.0
0.0
0.0
0.0
0.0
0.0
0.0
0.0
0.0
0.0
0.0
0.0
0.0
0.0
0.0
0.0
0.0
0.0
0.0
0.0
0.0
0.0
0.0
0.0
0.0
0.0
0.0
0.0
0.0
0.0
0.0
0.0
0.0
0.0
0.0
0.0
0.0
