0.003800675675675676
0.003800675675675676
0.003800675675675676
0.003800675675675676
0.003800675675675676
0.003800675675675676
0.00570025
0.008929729411764705
0.012158384364820848
0.010093852760736195
0.006399576512455516
0.006399576512455516
0.006351943060498221
0.003045885057471264
0.0030035714285714284
0.0029716127167630055
0.002955057803468208
0.00010416666666666667
0.00010416666666666667
3.2e-05
3.2e-05
3.2e-05
3.2e-05
3.2e-05
1.6e-05
0.0
0.0
0.0
0.0
0.0
0.0
0.0
0.0
0.0
0.0
0.0
0.0
0.0
0.0
0.0
0.0
0.0
0.0
0.0
0.0
0.0
0.0
0.0
0.0
0.0
0.0
0.0
0.0
0.0
0.0
0.0
0.0
0.0
0.0
0.0
0.0
0.0
0.0
0.0
0.0
0.0
0.0
0.0
0.0
0.0
0.0
0.0
0.0
0.0
0.0
0.0
0.0
0.0
0.0
0.0
0.0
0.0
0.0
0.0
0.0
0.0
0.0
0.0
0.0
0.0
0.0
0.0
0.0
0.0
0.0
0.0
0.0
0.0
0.0
0.0
0.0
