110 249
18 114
3 143 161 463
5 36 160 263 281 705
113 165 203 207 233 425
15 35 50 81 92 220 568 949
35 397
244 646
19 237 403 437 467
35 111 485 818
13 54 122 281 433 520
40 208 218
404 996
14 528 860
1 349 483 958
8 43 66 94 231 305 335 710 827 993
75 357 425 541
20 22 28 268 478
735 821
39 56
66 467 703 872
13 202
35 39 253 361 522
54 96 110 119 137 188 288
34 67 260 288 323 451 519
38 115
4 29 38 49 274 381 544 638
400 407
576 941
12 39 92 285 317 674 897
86 142 158 570 855
353 623
2 521
10 414
75 122 455 512 518 780 812
26 33 78 162 188 396 531 643 716 851
371 639 738 914
31 131 132 161 217 476
125 658
404 628
431 435 553
29 90 114 349 551
58 63 416
9 17 34 41 141 146 413 608 843
156 555
284 866
70 142 166 350 510 810
77 535 788
5 11 118 218 273 274 351 395 420 952
13 22 84 184 786
3 657 741 923
333 949
91 164 302
42 489 577 904
67 79 341 513
91 197 257 260 303 378 673
310 375
117 806
12 849
15 33 34 61 482 519 633
76 171 786
15 85 469 787 856
48 914
54 239 668
24 80 185 245 275 557 782
58 321
49 82 215 409 460 477 659 768 800
4 189 587
166 698
40 77 88 418 588 697
10 821 934
10 22 107 252 274 462 538 965 1000
13 41 276 612 978
10 594 723 745 913
45 113
140 584
492 758
76 86 151
167 179 190 531 822 849
377 701
236 832
48 456 539 745 767 904
5 22
68 104 154 341 372 554 636
209 520 662
97 192
269 593
91 120 222 252 343 352 543 804
92 247 298 342 370 789
14 63 112 121 161 242 650
97 479 511
113 137
77 338 403 619 641
118 846
21 342
303 910
44 80 133 265 455 521 860
2 98 841
47 807
3 4 49 639 824 852
50 103
1 374
72 75 161 199 203 345 614 700
9 122 651
11 16 86 99 145 170 422 678 683 874
30 44 74 237 387 485 543
183 314
275 349
110 317 376 676 898
39 225 265 502 740 890 896 902
8 26 35 55 80 96 130 738
43 50 268 286 508 635 912 988
330 823
160 400
41 101 239 433 626 764 993
178 331
290 421
233 289
5 7 79 229 245 402 830 944
61 882 930
19 144 198 271 623
26 254 555
18 36 560
8 238 310 380 452
48 966
25 272 582 670
7 20
195 235 361
13 40 88 445 559 602 669 747 890
6 25 28 170 256 719
288 527
32 339 356 918 919
19 30 144 157 286 305 988
93 201
423 600
5 8 57 114 115 123 500 937
282 335
3 24 123 163 441
32 65 110 157 255 322 423
173 336
305 503
108 319 642 805
17 88 259 825
108 900 972 974
449 960
40 88 319 535 559
11 42 71 302 346 351 390 833 962
234 257 627
71 322 605
14 54
68 232 442
209 365 550 993
21 540
100 905
33 370 419 469
15 23 127 370 574
34 44 45 146 181 507 812 816
14 122
207 385
225 360
423 472
40 147 319 747
132 139 341
34 59 162 493 574 695 775
115 234 814
5 190 490
6 153 325 328 926
166 873
237 503 928
6 11 67 115 191
47 74 432
10 108 162 274
367 460
48 397
13 143 860
105 201 251 348 706
7 20 64 81 94 124 155 243 410
12 34 96 106 195 210
46 90 471
18 35 36 45 171 358 429 999
56 408 979
55 116 184 441
46 85 90 104 128 246 592 792 879
370 619 985
56 238 314 338 936
266 407
2 11 426 826
13 74 563
15 46 57 61 120 174 393 446 852
11 163 214 379 727
61 85 196
7 57 81 480 560
166 170
28 268
74 131 161 174 393 432 444 997
160 894
1 172 205 230 675 911
25 189 272
77 78 160 229 390 407
177 363 476 837
271 475
171 239 318
19 107 150 411
86 405 534 550
7 70 228 549 880 888
16 43 64 263 314
7 243
29 584
32 33 45 109 134 586 916 973
4 52 398 475 586 680 695
164 195 209 259 434 683 894
84 102 366 695
20 40 91 99 517 553 691 729 893 933
52 103 362
152 159 270 503 793
49 53 115 308 315 832
141 202 221 415 528 764
13 569
67 85 147 174 197 217 964
43 68 138 217 258 759
23 486 615
139 240 266 378 487 625 667 724
412 414
38 59 419 966
6 22 48 50 206 514 674
172 175 752 755 957
8 45 123 168 177 181
1 27 188
49 67 71 138 220 386 409 717 783
178 606
22 31 397
427 886
210 556
111 904
51 169 205 277 307 311 352 388 714
36 600
85 242 322 404
6 59 241 326 498 946
72 82 233 265
238 246
124 483 741
5 13 52 56 111 199 296 398 476
63 840
4 149 160 206 981
33 53 154 436 464 475 632 633 791 869
5 382 815
37 177
125 128 595 781
37 63 80 114 133 283 411 806
20 130 385 413 449 795
25 31 35 50 97
260 638
51 121 746 867
48 399
463 737
142 272 794
72 233 795
22 28 73 252
35 48 95 110 144 279 628 634
14 44 54 466
19 805
1 27
119 130 201 244 715 816
14 198 287 339 540 546 760
26 52 129 742 799
121 502
21 327
387 887 974
3 11 15 24 69 177 565 730 959
194 359 655 684 881 947
41 73 184 444 643
169 178 308 929 958
499 940
180 688
40 274 413 465 610 724 938
16 77 224 362 817
1 9 92 139 196 203 211 276 734 909
58 253
51 134 169 210 310 416 728
1 24 27 484
5 8 434
47 563
326 347
131 132 593 862
55 106 187 292 298 514 956
9 95 201 375 739
46 109 126 222 235 380
64 213 644
128 722
41 73 258 512 549
9 202 651 668
48 539
94 813
81 208 548 566 594 596 711
57 304 558 865
16 95 114 441 924
22 28 224 779 838 946
32 62 118 459 524 772
366 382 486 772
11 39 109 135 383 551
4 191
22 292 457
31 35 97
1 5 24 107 124 972
13 72 96 408 514 798 919
5 21
18 54 549 611 710
68 71 81 153 338 445 593 822 943
203 345
608 928
21 108 125 442 984
46 56 109 126 174 340 379 446 464 546
67 527
24 275
53 104 197 574
88 125 160 182 232 603
5 45 245 765
61 69 670 978
47 648 818 886
25 778
11 200 241 256 757
46 122 144 281
12 19 206 215 254 542 570 597 949 955
105 856
27 290 493
50 89 389 679 753
151 374 864
416 825
84 207 265 530 700
80 134 964
228 793 923 977
34 175 449
273 366
134 580 835
206 255
704 767
7 96 128 178 187 316 326 358 481 655
187 994
14 80 116 117 130 168 291 309 332 443
29 69 911
117 856 899
257 388 636 763
35 65 102 254 358 369 751
10 23 158 346
51 67 127 372
27 79
1 3 63 129 165 221 295 307 556 867
9 40
34 589
59 716 842
62 75 109 393 541 571
18 726
33 931
743 835
44 520 612
506 795
32 439
223 225 777 872
31 724
94 355 640
75 265 379 546 564 950
17 23 64 78 240 672
30 107 447 547 813 936
5 130
9 44 54 212 533 834
8 157 676
75 82 84 95 113 249 871
84 392
51 502 867
65 176
51 131 277
7 28 862
12 51 60 78 97 231 248 272 520 692
49 72 84 175 202 233 234 500 898
58 388 840
70 267 930 983
293 353
250 496 563 642
15 87 501
138 803 942
19 462 819 820
26 99 927
2 120 250 343 577 599
2 78 87 303
16 166 629 702 808 810 826 854
35 97 186 204 477 573 805
17 64 143 145 193 629
17 53 86 227 498 588 725 997
110 375
3 52 156 179 255 311 329 479 566 884
43 64 242 275 327 686
4 25 26 50 70 231 272 622 627
93 105 576
118 366 552 575
7 135 189
32 334
42 81 106 452 492 524 938 970
13 41 250 948
18 114 130 164 320 358 757
136 377 491 635
223 324
78 225 324 369 694
217 378 688 836 969
58 112 666
39 338 452
214 342 657
91 180
4 67 136 158 179 538 649 737 773
230 280 282 364 731
486 707
6 16 23 173
9 44 119 141 289 512 681 784
182 506
27 229 721
810 853 957
3 38 55 116 164 168 309 399 476 863
134 238 356 658
360 567
54 99 264 299 367 530 551 653 888 898
57 178 470 932 970
51 847
117 363
27 147 617
279 605
22 193 301 581 598 844 967
53 59 67 961
42 208
5 45 130 185 806
30 55 282 346 355 824 936
186 787 979
41 51 78 145 211 534 644
72 113 122 203 564
9 14 110 175 239 546 879
10 179 895
1 2 3 61 234 407 478 585 720
169 526 728
123 320
21 32 36 42 62 103 354 359
52 113
343 564 836 885 927
93 836
153 238 310 427 471 490 819
145 446 611
139 774
1 53 84 197 260 527 700
7 10 42 220 365 395 497 781 895
15 26 68 85 227 303 323 454 939
20 218 548
153 195
4 14 109
118 369
32 384
128 176
572 609
2 841
14 137 344
78 742
19 56 62 68 104 154 325 384
7 66 395
24 401
6 12 74 336 383
5 291 332
66 136 258 280
75 199
265 385 447
10 65 192
6 16 65 182 412 475
76 86 151 227 693
129 278 283 463 753 876
25 863 913 935
5 287
60 210 277
18 36 58 100 194 226 289 715
5 65 113 278 545
105 306
10 134
14 54 110 131 170 337
157 219 461 817
723 990
50 86 142 212 215 344 357 629 947 983
6 24 29 41 57 525
1 3 15 55 75 168 232 540 595 675
76 723 811
11 15 755 939 989
19 59 140 262 571 654
13 791
3 39 82 170 435 466 965
89 156 394 664
71 220
581 618
17 422
397 488 796
123 387
30 328 548
40 900
53 61 104 278 337 788
100 827 954
311 321
105 584
31 57 235 304 420
18 45 80 103
4 8 23 323 348 367 574 670
132 188 296 342 992
66 136 225 580
410 678
73 91 100 123 216 299 455 543 857 948
224 561
5 32 35 118 166 244 325 328 361
25 50 103
77 99 193 266 400 405 625 750 915
34 191 350 372 591
16 135 719 1000
63 165 352 402 424 774
83 136 141 391 434
39 126 195
4 50 52 83 142 185 840
234 451
9 47 301 662 948
466 765
291 440 999
39 90 310 430
282 447 793
10 42 262
21 23 41 87
120 667 734
17 99 151
121 129 251 352 388 421 556 797
27 64 229 327 498 525
261 891
26 52 255 389 392 511 518 568
2 94 267 768 770
509 964
8 96 259 660
264 733
339 877 994
16 134 196 380
25 52 92
4 83 142 156
3 5 36 123 185 332 423 529 660 976
9 422 801
49 96 102 249 448 984
8 96
355 622
2 72 98
12 32 134 183 334 339 340
191 197 598 960
34 598 783
504 903
661 896
494 581
60 168 187 308 349 465 526 770
8 93 209 251 505 523 798 924 989
404 458 634 677 831
14 46 73 141 143 172 289 643 784
394 929
3 483
111 313 573 796
23 578
15 341
41 276
4 6 128 235 329 681 685
11 702 779 946
159 878
26 158 538 696 857 870
69 111 176 180 211 485 516 893 971
217 754
31 111 354 401 573
59 510 997
40 340
3 9 110 121 122 376 585 834 906
2 87 944
120 180 343 472 516 600 971
7 71 692
21 306 331
22 28 252 268 304 457 514 956
6 15 53 70 165 173 191 393 488 842
12 184 411
2 8 56 466 655 974
70 156 356 712 861
12 149 287 897
16 125 131 269 774
17 76 77 213 224 364 390 464 604
102 219 609
31 313
43 792
144 652
11 15 542 741 858 923
116 368
173 875
198 273 283 956
18 165 168 207 213 560 562 912
79 900
364 809
8 190 196
171 177 259
591 761
372 509 844 889
131 132 148 803
4 192 248 313 354 573 586
40 108 445
6 29 137 565 802
15 300 315 375 633
20 226 270 282 387 501 604 827 845 912
589 917
43 150
42 81 112
537 648 885
272 409 504 659 661 684 944 945
115 381
41 791
1 24
44 73 562 732
37 536 955
236 578
17 145 151 279 400 402 583
111 167 192
51 253
2 92 248 255 398 515 538 649 748
8 16 202
51 394
50 392 570 587
139 161 969
8 36 70 140 417 532
60 168 417 717
3 163 202 205 242 284 952
185 245
55 273 568 726
18 95 106 226 263 386 717 782 814 851
2 642
2 797
2 29 103 200 524 967
44 119 294 673
33 49 191 790
33 191 611 705 902
10 57 242 315 395 480
72 494 495 708 953
785 899 922
5 58 60 96 150 194 333 878
23 236 501 615 645
84 130 688 998
2 215
91 443
456 458
9 90 289 420
22 719 758
18 47 183 293 350 954
115 300 542 547 908
90 153 854
36 93 190 251 348
23 101
1 24 349
61 88 162 804 916
19 76 240 271 583 963
317 851
55 887
190 479 492
154 330 604 646 911
149 732
75 484 494
104 842
65 436
143 326 344
53 61 601 931
150 988
137 181 196 212 941 982
34 38 49 68 85 197 370 783 892
66 94 247 324 374 579 608 621 623 689
11 14 69 711 819
100 630 757
400 641
22 252 740
35 190 316 529
34 38 49 67 70 149 231 286 337 973
69 121 264
46 877
1 188 205 327 610 987
539 671 677
12 52 158 179
14 22 73 87 473 478 975
565 759
161 378
4 54 162 206 226 406 530 733 905
2 8 95 287 377 554 765
1 163
69 730
17 94 137 143 228 231 326 703
133 194 291 947
31 111 752 804
248 616 812
57 243
15 26 45 164 320 881 905 955 995
42 293 414 736
101 727
7 38 262 322 781 833 934
15 34 52 156 264 748
7 29 81 83 222
79 197
216 238
28 304
73 112 448
43 66 150 198 788 792
135 383 826
6 11 16 256
12 81
99 405
70 145 278 383 582 685 889 979
143 301
21 219 306 391 442
295 405 446 501
127 980
23 505 699
71 141 258 347 353 766 846
120 667
505 661
28 473 771
125 868
33 127
20 71 81 351 594
10 262 748 749
211 296 811
64 78 148 302 938
69 686
102 109 192 461
118 552
2 33 419
939 970
37 171
104 292 454 576
14 200
23 47 320 470 853 883
697 982
264 408 509 888
304 348 386 474 510 531
15 53 61 68 79 147 453 761 762 771
45 87 98 179 959
60 385 671 844 871
63 112 210 221 253 352 653 666 751
7 28 97 102 192 219 391 687
31 60 111 116 298 309 313 350 865
167 279
68 154 267 341 454 468
158 426
2 19 144 149 280 387 652 743
133 448 937
119 212 244 281
516 909
18 21 65 95 116 176 182 436 540
193 227 672 678 746
47 133 173 234 336 470 739 807
37 249
39 56 109 384 943
68 261 449 696 839 879 891 990
183 926
34 381
4 24 189
51 221 494 499 666 800 853
106 437
21 42 65 396 481 690
37 41 132 159 239 240 491 500 539 625
12 37 142 508
146 244 281 314 957
2 316 727
4 113 357 541 753
321 502 536 647
75 170 201 495 529
82 199 564
30 335 437
133 435
33 53 106 174 220 241 323 771
338 941
4 362 463 486 839
1 29 66 432
373 992
10 31 102 157 218 438 572
144 457 854
6 28 77 86 213 292 457 778 910
20 183 196 596 624 740
119 212
77 78 309
28 760
1 230 415 628 935 958 992
66 427 451 659
451 453
54 376
167 672
95 98 200 284 410 686 830 959
80 263 529 699 976
92 409
5 815
1 275
58 165 570 653
41 347
312 942
98 167 241 335 421 572 930
4 92
37 101 406
3 6 16 61 561 590 987
116 117 363
173 296 428 563
105 348
44 528 846
25 42 63 126 252 634 817 892 975
30 136 159 270 374 537 991
3 124
26 30 89 94 329 346 613 652
17 59 208 389 430 828 918
12 16 98 129 199 351 928 987
3 675
2 6 242 325 412 487 613 877
11 12 135 138 213 450 515
33 59 71 115 267 288 315 321 412 763
208 257 453 789 884
3 81
203 233
20 654
1 44 277 721
271 801
131 139
271 280
4 83 148 155 179 301 381 450
1 5 60 80 259
69 684
7 74 173 565 883
213 513 729
175 444 507 530
18 54 216 299 999
4 28 168 279 294 510 619 713 969
18 153 246 384
89 138
9 167 279 318 505 732 769 893
93 330 798
58 345
23 79 680
13 228
49 205 221 986
61 858
16 317 631
17 39 78 99 156 328 364 399 725 873
4 285
2 186 261 325 334 430 438 459 932
133 268 772 794
19 64 963
101 126 236 637 920
82 199 708
70 154 453 542 632 790
40 91 162 319 418 559 709 847
13 42 66 107 189 198 398 437 580
106 359
599 764 873
32 56 126 361 439 943
13 14 102 157 219 344 413 461 687 850
74 333
115 169 177 300 305
79 101 356 379 462 606 832
274 280 297 300 419 624
223 247
158 329 696
21 178 331 465
23 35 36 101
1 27 57 483
12 26 83 424 497 794
67 70
9 41 44 175 415 752
37 62 82 89 93 172 580 697 908
95 96 406 526 558
100 114
141 216 901
12 50 83 254 333 424
16 56 62 183 379 426 524 691 866 967
25 37 190 329
98 204 569 797
173 807
146 172 258 396
27 220 624 933
29 766 857
16 21 46 203 246 380 464 607 848 921
161 269 754
55 106 558 861 887
64 224 355 635 720 746
223 664 850
7 10 200 365 385 497 756 933
1 3 27 97 373 473 847 865
148 951
42 297 833
37 41 95 500 558 699
3 23 27 39 180 188 193 328 373
284 351 353
10 20 40
40 88
114 118 382 495 618
104 512
83 392 515 799 839 855
391 744
46 121 139 184
164 216 870
680 802
186 921
101 321 915 932
368 716 878 884
13 376 578
1 64 124 151 513 557 863
37 100
25 31 38 83 121 143 222 489 499 647
2 87 204 569 599 616 800 927 945 986
12 254
257 632
9 22 55 77 123 285 382 523 568
43 49 108 180 308 875
585 778 925
20 89 297
39 235
47 428
170 745 828
12 45
232 656
18 148 214 428 488 843
8 31 58 63 722 773 925
164 881
88 162 290 417 474 535 864
80 94 137 144 149 820 859
22 874 880
30 46 62 90 196 262 522 780
2 31 87 97 215 354
248 545
19 282 439 689
7 962
112 129
120 223 247
76 534
124 230 275 503
52 108 148 150 219 277
38 49
84 477
98 204 365 736
4 206 433
182 436 722
37 213 266 392 403 517
21 65 176 178 232 306
98 204 216 359 521 903
23 32 46 90 101 126 235
58 577 639 677 821
6 38 107
121 556
48 194 704
24 709
87 627
276 344
20 584
208 859 920
53 79 589
46 891
7 10 140 243 566 596 692 918
3 10 43 222 230
13 256 261
117 159 567 579 838
7 105 214 290 362 443
390 607 837
7 42 57 71 187 218 243 541 931 934
19 109 112 131 834 982
93 136 273 366 507 552 681 703
49 104 474 523
56 276 347 376
6 55 123 226 406 553 654
90 153 848
24 27 28 610 965 980 1000
128 617
119 122 396 485 562 991
24 264 368 460 712 785 922
63 253 311 380 416 906
65 128 331 650
8 55 60 171 200 359 465 782 845
113 461 609
10 31 35 36 55 106 171 562 916
3 230
17 30 76 107 152 206 266 701
4 47 74 163 189 296 316
2 669
25 89 98 283 295
575 953
99 193 525
371 577 914
645 707 869
77 117 259 386
48 262 754
9 137
82 614
147 278 343 360 377 698 718 766 813
36 92 298 399 440
8 18
12 250 671
39 69 340 356 731
62 459 522 532 631
2 87 477 616 986
31 53 218 332
27 58 499 940
20 25 50 166 319 442 996
100 181 429 663 837
11 15 36 61 135 207 468
6 140
294 342
69 135 241 267 966
40 103 421
57 736 749 835 895
73 228
6 32 166 779
165 253 721
26 31 354 389 656 796 849 876
148 155 312 803 942 977
471 532 848
19 30 74 152 270 613
17 229 302 303 513 583 644 729
138 155 312 450
10 29 75 124 140 183 555 557 790
29 254 590
9 21 53 67 559 750
38 68 331 571 620 761 763
18 531 536
117 298 549
25 26 255 285 773
105 201
399 554
146 216
69 135
237 251 706 896
43 50 89 150 537 545 737
172 281
51 112 129
129 169 906 915 925
391 572 676
2 91 431 504 543 550 605 808 870 920
758 815 951
13 551
1 27 140 205 373 492 622 657
91 180 968
86 302
11 29 37 47 142
24 176 204 714
487 809
72 84 113 193 345 506 756 789 843
62 334 369 373 382 917
14 48 157 228 317 371 769
195 829
15 33 79 147 257 544 809 882
482 762 983
866 995
95 246 383
1 120 211 443 968
5 28 55 130 363 663
2 28 32 54 73 150 236 251
56 122 125 320 363
402 975
10 456 871
9 566 784
152 231 280 305 447 467 491 621 869
108 418
91 120 211 472
8 20 181
25 929
648 734
35 97
48 192
5 36 93 107 245 429 434 581 582 924
19 126 859
20 32 195 284
1 685
72 82
353 410
117 770
694 760 917
15 367 368 488 899
455 528
561 776
43 270 355
6 82 84 181 207 266 345 425 506 708
7 222 830
73 646
6 730
172 258 509 662
76 517
30 80 200 679 756
30 240 537 640
33 454
83 103 156 249 889 952
47 74
38 174 212 300 323 474 669 690 762
28 473
44 202 243 250 469 683
9 12 63 83 89 189 293 333 511 950
86 99
247 480 567 579 777 814
218 223 307 315 425 612 785 818
152 945
152 237 467 597
198 822
276 637
184 250
186 314 631
32 62 452 731
30 43 66 136 152 159 237 597 640
8 105 116 526 553 726 823
85 368 733 852
20 71 535
214 557 828
215 903 976
127 163 297 309 482 799
102 157
324 713
30 149 508 820 991
17 199 498 626
12 23 101 615 645 802
11 16 22 151 256 590 776
88 445
60 185 226 287
67 72 82 267 496 786
6 11 29 66 256 561 981
62 160 167 285 403 550 626
105 330 823
8 36 114
63 112 129 295 307 825
119 187 347 388
108 418 472 493 811
6 707
34 70 85
8 37 45 630
18 96 187 249 989
89 97 638 687 841
33 118 273 544 547 665 953
108 517 864
361 426 576 985
17 45 116 154 401 415 424
578 962
64 116 167 204 227 240 386 390 720
141 801
48 119 831
211 602 968
26 92 555 824
44 54 175 269 299 318 518 665 668
103 248 855
77 229 588 742
162 337 702 961
16 907
32 33 104 107 127 308 523 690 875 892
135 138
7 47 74 432
88 111 322
132 139 862 909
17 462 701
316 516 602 885 890
225 579 713
65 182 288 306 393 868 980
318 450 977
58 283 536 940
496 533 739 978
57 270 395 481 552 725
10 34 971
71 365 548 682
22 292
100 358
59 68 127 482 601 858
440 663 882
728 751
159 269 709 744
261 439
52 89 142 479 515
23 52 236
26 44 146 299 394 507 582 649 913
14 94 186 440 484 504 533 876 897
38 337 350 397 658 689 775
146 155
458 489
26 324 438 534 575 665 682 872
271 374 621 710
64 487 641 901
29 808
48 371 458 489 738 767 831 907 996
3 24
188 261 420 519
13 169 444 715
575 618
43 66 136 377 491 743 768
493 747
102 850
13 637 673
34 79 147
19 30 335 398 532
62 459 829 919
3 205 214
7 10 43 140 208 293 647 711 749 845
17 76 145
215 902
294 327
147 357 381 519 973
286 592
60 88 291 994
367 922
38 40 127
20 42 480
62 90 134 339 606 829 921
38 372
38 154 260 960 961
497 560
76 160 910
8 244 441 554 937
59 527
431 571 636
29 138
620 935
45 145 174 207 209 460 521 660 874 995
21 48 140 141 718 735 868
11 759
125 176 617
92 679
39 109 186 438 691 985
93 201 330 706
369 484 495
7 429
94 260
100 106 232 431 469 630 705 861 984
4 158 362 511 674
1 11 112 132 152 153 241 307 311 592
33 59 127 278 417 591 775 990
47 883
39 926
56 246 340 430 522 787 950
21 65 650
19 107
159 346 603
2 98
1 27 124 163 214 294 750
4 9
3 8 124 357 401
85 132 217 269
36 60
5 45 139 263 471 490 998
47 74 470
155 951
148 155 336 428
14 27 185 456 547 583 651 693
14 46
115 239 422
3 163
336 427 886
198 901 963
60 133 209 332 693 894 972
219 744
165 210 221 277 411
75 126 334 384 508 544 607 816
247 360 777
360 704 735 907
6 29 59 227 313 371 414 776 981
93 146 375
51 63 169 297
46 68 85 86 468 490 587 614
9 73 110 137 212 396 433 533 755 780
268 408 478 880
138 394
4 620
87 210 569
133 143 171 172 194 263 496 769
177 209 245 718
25 103 545 656
17 30 155 182 290 312 481 595
18 114 181 295
3 24 712
9 301 518 714
217 378
468 908
76 78 151 312 603
286 525 567 664 694 838 954
72 125 194 601
21 128
37 435 448 998
184 224 318 364
149 164 389 682 698
1 5 6 16 90 170
