0.04487390815835494
0.04487390815834642
0.04487390815835084
0.04487390815840172
0.04487390815839346
0.04487390815841081
0.044873908158354445
0.04699058285508805
0.0482132136041553
0.053209744118762344
0.06113304510456802
0.06113304510457673
0.06113304510457059
0.0980367998088442
0.10428133122214608
0.10448132029823386
0.10469286711398328
0.15240868635111723
0.15255782439362942
0.1510696171762494
0.15013663211300202
0.14533659862836745
0.1453365986283699
0.14442185978899583
0.14328853944760334
0.059427222103953334
0.05942722210397787
0.05683160421345174
0.05652897222051245
0.056735803388418146
0.052942898377131245
0.052942898377070086
0.050879736737210066
0.04880303138283902
0.048057204138715934
0.04654515032761546
0.04654515032764146
0.046290442224755764
0.045142241493260286
0.04514224149318047
0.04514224149325783
0.044682125772155676
0.042392652541259304
0.042392652541252206
0.04190514286406618
0.041905142864080674
0.04190514286405224
0.04190514286402243
0.041661480342800185
0.041661480342804244
0.04081215772179618
0.04041400000000001
0.04041400000000001
0.04041400000000001
0.04041400000000001
0.04041400000000001
0.04041400000000001
0.04041400000000001
0.04041400000000001
0.04041400000000001
0.04041400000000001
0.04041400000000001
0.04041400000000001
0.04041400000000001
0.04041400000000001
0.04041400000000001
0.04041400000000001
0.04041400000000001
0.04041400000000001
0.04041400000000001
0.04041400000000001
0.04041400000000001
0.04041400000000001
0.04041400000000001
0.04041400000000001
0.04041400000000001
0.04041400000000001
0.04041400000000001
0.04041400000000001
0.04041400000000001
0.04041400000000001
0.04041400000000001
0.04041400000000001
0.04041400000000001
0.04041400000000001
0.04041400000000001
0.04041400000000001
0.04041400000000001
0.04041400000000001
0.04041400000000001
0.04041400000000001
0.04041400000000001
0.04041400000000001
0.04041400000000001
0.04041400000000001
0.04041400000000001
0.04041400000000001
0.04041400000000001
0.04041400000000001
0.04041400000000001
0.04041400000000001
