0.06158579008400524
0.06158579008403989
0.06158579008403872
0.06158579008404415
0.061585790083986
0.061585790084035356
0.061585790084040214
0.06240045458390023
0.06454839920714878
0.07292379397233645
0.08691566420689378
0.08691566420692393
0.08691566420692574
0.16671974079013288
0.16564802131516754
0.1651557425856091
0.16475015492726355
0.14639116420098217
0.14577639711198823
0.14395111984666556
0.1426006781721096
0.1407403839746405
0.14074038397463795
0.13887069126592527
0.13824888106412667
0.07750258783242084
0.07693487368341488
0.06966685723015201
0.06966685723015639
0.06995246640578802
0.067283628830871
0.067283628830871
0.06685007211052156
0.06673508241970341
0.06487991085715575
0.06411503194356524
0.06411503194356524
0.06411503194356524
0.06285850920674511
0.06285850920674511
0.06326037639713586
0.06295905254466735
0.059899173377984595
0.059899173377984595
0.05938863305146345
0.05938863305146345
0.05938863305146345
0.05938863305146345
0.05938863305146345
0.05938863305146345
0.05791822178830244
0.05791822178830244
0.05791822178830244
0.05791822178830244
0.05791822178830244
0.05791822178830244
0.05791822178830244
0.05791822178830244
0.05770477409914005
0.05770477409914005
0.05778528442470262
0.05778528442470262
0.05778528442470262
0.05778528442470262
0.05778528442470262
0.05778528442470262
0.05778528442470262
0.05778528442470262
0.05778528442470262
0.05778528442470262
0.05778528442470262
0.05778528442470262
0.05778528442470262
0.05778528442470262
0.05778528442470262
0.05704599999999991
0.05704599999999991
0.05704599999999991
0.05704599999999991
0.05704599999999991
0.05704599999999991
0.05704599999999991
0.05704599999999991
0.05704599999999991
0.05704599999999991
0.05704599999999991
0.05704599999999991
0.05704599999999991
0.05704599999999991
0.05704599999999991
0.05704599999999991
0.05704599999999991
0.05704599999999991
0.05704599999999991
0.05704599999999991
0.05704599999999991
0.05704599999999991
0.05704599999999991
0.05704599999999991
0.05704599999999991
0.05704599999999991
