0.04269689124400175
0.04269689124401755
0.042696891244001466
0.042696891244003575
0.042696891244005795
0.04269689124400071
0.04269689124401889
0.04445753153545084
0.04649409548782184
0.05039302445217072
0.057726709085208334
0.0577267090852139
0.057726709085204
0.08625605714342814
0.08665427686388173
0.08789037959692458
0.08866835916662405
0.1478106184568856
0.14495929962746998
0.14358927693490622
0.14156111240866195
0.13870866874131865
0.1383957348792995
0.13579919382241157
0.1360179010731132
0.0772135618023389
0.07626815556061266
0.07474721068846776
0.07462136930862581
0.07461292172453106
0.07218950703514601
0.07218950703508463
0.0697632893390603
0.06786628045237486
0.06160785230734929
0.056900200585201205
0.0558660110790105
0.055866011078963086
0.05244326771769082
0.0524432677176717
0.052443267717669474
0.05201225754158176
0.05002848704537005
0.04864158784424891
0.048641587844259475
0.048641587844258254
0.048001808134273835
0.048001808134268506
0.048001808134346534
0.04777385696473987
0.044444649374091524
0.04444464937409373
0.044444649374090824
0.04444464937409839
0.044175794764420996
0.04237088103661684
0.04237088103661684
0.04237088103661684
0.04237088103661684
0.041124821657215815
0.041124821657215815
0.041124821657215815
0.041124821657215815
0.041124821657215815
0.041124821657215815
0.041124821657215815
0.041124821657215815
0.04024312938816439
0.040184
0.040184
0.040184
0.040184
0.040184
0.040184
0.040184
0.040184
0.040184
0.040184
0.040184
0.040184
0.040184
0.040184
0.040184
0.040184
0.040184
0.040184
0.040184
0.040184
0.040184
0.040184
0.040184
0.040184
0.040184
0.040184
0.040184
0.040184
0.040184
0.040184
0.040184
0.040184
0.040184
