0.04868976803415714
0.048689768034164596
0.048689768034147485
0.04868976803416917
0.04868976803414892
0.04868976803413645
0.048689768034164874
0.04962153549921121
0.05229403772766091
0.05740012693920297
0.07629846467753669
0.07629846467753466
0.07629846467753111
0.13485257086041905
0.13544130661552292
0.13519768766974238
0.1351976876697456
0.1548457588374097
0.15316605229999428
0.15061413131730075
0.1484872415416957
0.1462570891707868
0.14625708917078536
0.14250800149905354
0.1412306179432872
0.07583558416680179
0.07583558416680225
0.0698266903403789
0.06982669034038483
0.06944333770842735
0.06252221138323692
0.06255596346609553
0.06255596346609797
0.06253599124880954
0.06234981629791588
0.059030294215953474
0.05903029421595483
0.05762001534761627
0.05360636388800814
0.05360636388800814
0.05360636388800814
0.05360636388800814
0.051334439105514065
0.051334439105514065
0.050887662792028936
0.05088765460100626
0.05088765460100626
0.05088765460100626
0.051001115880262286
0.051001115880262286
0.04640586174388971
0.04640586174388971
0.04640586174388971
0.04640586174388971
0.04640586174388971
0.04640586174388971
0.04640586174388971
0.04640586174388971
0.04640586174388971
0.04640586174388971
0.04640586174388971
0.04640586174388971
0.045509760049378824
0.044751999999999965
0.044751999999999965
0.044751999999999965
0.044751999999999965
0.044751999999999965
0.044751999999999965
0.044751999999999965
0.044751999999999965
0.044751999999999965
0.044751999999999965
0.044751999999999965
0.044751999999999965
0.044751999999999965
0.044751999999999965
0.044751999999999965
0.044751999999999965
0.044751999999999965
0.044751999999999965
0.044751999999999965
0.044751999999999965
0.044751999999999965
0.044751999999999965
0.044751999999999965
0.044751999999999965
0.044751999999999965
0.044751999999999965
0.044751999999999965
0.044751999999999965
0.044751999999999965
0.044751999999999965
0.044751999999999965
0.044751999999999965
0.044751999999999965
0.044751999999999965
0.044751999999999965
0.044751999999999965
0.044751999999999965
0.044751999999999965
