0.050070747067314895
0.05007074706732688
0.050070747067349035
0.050070747067310566
0.05007074706730808
0.05007074706729976
0.05007074706730852
0.05140722214601205
0.05450651724894323
0.056460729156683896
0.06927028816652614
0.06927028816653842
0.06927028816654626
0.10885436547361894
0.10858232681810955
0.11045483489189216
0.1105020640851383
0.14090410612700696
0.13761200958325728
0.1347025479867788
0.13198266481671386
0.13016071156508696
0.1301607115650894
0.12879686942986154
0.1287415477782478
0.06864720525300427
0.06864720525301148
0.06303183140700878
0.06303183140701511
0.06303183140701102
0.05843477243734844
0.05752924556241038
0.05729666631341059
0.05729666631344263
0.05614494516662647
0.05493094724033336
0.05493094724025865
0.05493094724031709
0.05363861645824656
0.05363861645826218
0.05363861645826339
0.053446479286631446
0.05259617346694699
0.052596173466943605
0.05259617346695187
0.05259617346694422
0.05259617346694367
0.05259617346695055
0.05259617346694836
0.0525961734669498
0.046290584888642
0.046290584888642
0.046290584888642
0.046290584888642
0.046290584888642
0.046290584888642
0.046290584888642
0.046290584888642
0.046290584888642
0.046290584888642
0.046290584888642
0.046290584888642
0.046290584888642
0.046290584888642
0.046290584888642
0.046290584888642
0.046290584888642
0.04633931795386154
0.04633931795386154
0.04633931795386154
0.04633931795386154
0.04633931795386154
0.04633931795386154
0.04633931795386154
0.04633931795386154
0.045353999999999985
0.045353999999999985
0.045353999999999985
0.045353999999999985
0.045353999999999985
0.045353999999999985
0.045353999999999985
0.045353999999999985
0.045353999999999985
0.045353999999999985
0.045353999999999985
0.045353999999999985
0.045353999999999985
0.045353999999999985
0.045353999999999985
0.045353999999999985
0.045353999999999985
0.045353999999999985
0.045353999999999985
0.045353999999999985
0.045353999999999985
0.045353999999999985
0.045353999999999985
0.045353999999999985
0.045353999999999985
0.045353999999999985
