0.05191812524971405
0.051918125249706036
0.05191812524970491
0.051918125249709304
0.05191812524969565
0.05191812524971217
0.05191812524975049
0.052706379645299874
0.05406309950973172
0.05692622843681851
0.07508499729481452
0.07508499729481795
0.07508499729481
0.11401747491807811
0.1176959023558448
0.11787207078212976
0.12539063457584942
0.15609692511725082
0.15188554941654914
0.14638024999260862
0.14476979631488857
0.14140806278370405
0.1414080627837061
0.1377790227735938
0.13575763464445562
0.07435759632858589
0.07399333706088751
0.07223980012867867
0.07223980012875116
0.07223980012874691
0.06667465801528846
0.06595250655177844
0.06591651836458652
0.06586903231273866
0.06446795576125268
0.062424588696778874
0.062424588696784536
0.06242458869678384
0.062331702128538606
0.06233170212853282
0.06233170212852906
0.06233170212852262
0.05834117607633717
0.05834117607639805
0.05834117607642409
0.05834117607640138
0.05600375254541821
0.05600375254548035
0.05521897456497629
0.055026253415635995
0.051201557640632445
0.051201557640632445
0.051201557640632445
0.051201557640632445
0.051201557640632445
0.050835748792270534
0.050835748792270534
0.050835748792270534
0.05075082096414016
0.050341365461847316
0.050341365461847316
0.050341365461847316
0.050341365461847316
0.050341365461847316
0.050341365461847316
0.050341365461847316
0.050341365461847316
0.04889199999999998
0.04889199999999998
0.04889199999999998
0.04889199999999998
0.04889199999999998
0.04889199999999998
0.04889199999999998
0.04889199999999998
0.04889199999999998
0.04889199999999998
0.04889199999999998
0.04889199999999998
0.04889199999999998
0.04889199999999998
0.04889199999999998
0.04889199999999998
0.04889199999999998
0.04889199999999998
0.04889199999999998
0.04889199999999998
0.04889199999999998
0.04889199999999998
0.04889199999999998
0.04889199999999998
0.04889199999999998
0.04889199999999998
0.04889199999999998
0.04889199999999998
0.04889199999999998
0.04889199999999998
0.04889199999999998
0.04889199999999998
0.04889199999999998
0.04889199999999998
