0.054333553711449656
0.05433355371144939
0.054333553711453035
0.05433355371144844
0.054333553711451245
0.05433355371141063
0.054333553711442155
0.055177115756398436
0.05801017238169545
0.06200738465810141
0.08453884973356099
0.08453884973357362
0.08453884973356272
0.1332116666787275
0.13539122950014615
0.13540591596443358
0.13653484294660706
0.14901886278979318
0.14716815581502457
0.1451305357962723
0.14216570240579746
0.14135382215991557
0.14135382215991693
0.1399818081203703
0.1400450961924408
0.07962868253817458
0.07867534771108771
0.07575353715734402
0.07539490747652333
0.0748808332863172
0.07132035742384708
0.07132035742386483
0.06956195931419402
0.06782968385202773
0.06360315777999717
0.06138147710883932
0.061381477108824106
0.06126748324244524
0.05806225189063016
0.05806225189063018
0.05806225189060412
0.05806225189063645
0.05647007981619917
0.05592000193918775
0.055415416084291534
0.05541541608430238
0.05541541608429161
0.05541541608428727
0.05541541608428389
0.05541541608422688
0.051647561544642596
0.051647561544642596
0.051647561544642596
0.051647561544642596
0.051647561544642596
0.051647561544642596
0.051647561544642596
0.051647561544642596
0.051647561544642596
0.051647561544642596
0.05130061236771773
0.05130061236771773
0.05130061236771773
0.05130061236771773
0.05130061236771773
0.05130061236771773
0.05130061236771773
0.04958716488117874
0.04958716488117874
0.04958716488117874
0.04958716488117874
0.04958716488117874
0.04958716488117874
0.04958716488117874
0.04958716488117874
0.04958716488117874
0.04958716488117874
0.04958716488117874
0.04958716488117874
0.04958716488117874
0.04958716488117874
0.04958716488117874
0.04958716488117874
0.04919985632573388
0.049366
0.049366
0.049366
0.049366
0.049366
0.049366
0.049366
0.049366
0.049366
0.049366
0.049366
0.049366
0.049366
0.049366
0.049366
0.049366
0.049366
