0.04527505277147958
0.045275052771497175
0.04527505277149603
0.04527505277149643
0.045275052771498424
0.0452750527714976
0.04527505277147083
0.045761876046924305
0.04833497502327029
0.05336634199893245
0.06287010452884483
0.06287010452884864
0.06287010452884498
0.14657915702214955
0.14471355505092665
0.1440094723329874
0.1445895786181811
0.15545153458421065
0.15397022004082694
0.15132116920034228
0.1479778240743728
0.14553076760663633
0.14553076760663475
0.13905044476813322
0.13905044476813408
0.06004452213447837
0.060044522134481006
0.05838587880420732
0.057788372434339916
0.05778837243435022
0.05466667124001611
0.054666671239974006
0.052827472341312146
0.051945463401311426
0.050307234001391074
0.04803052018113915
0.048030520181110314
0.048030520181132366
0.04615248596324952
0.046152485963316905
0.04615248596332274
0.0461524859633118
0.0461524859633102
0.04615248596330788
0.045341034723736275
0.04534103472373724
0.0450031698999022
0.04500316989990627
0.044515947509672464
0.044515947509676475
0.04131259715160408
0.04131259715160408
0.04131259715160408
0.04131259715160408
0.04131259715160408
0.04131259715160408
0.04131259715160408
0.04131259715160408
0.04131259715160408
0.04088151621593955
0.04088151621593955
0.04088151621593955
0.04088151621593955
0.03998600000000003
0.03998600000000003
0.03998600000000003
0.03998600000000003
0.03998600000000003
0.03998600000000003
0.03998600000000003
0.03998600000000003
0.03998600000000003
0.03998600000000003
0.03998600000000003
0.03998600000000003
0.03998600000000003
0.03998600000000003
0.03998600000000003
0.03998600000000003
0.03998600000000003
0.03998600000000003
0.03998600000000003
0.03998600000000003
0.03998600000000003
0.03998600000000003
0.03998600000000003
0.03998600000000003
0.03998600000000003
0.03998600000000003
0.03998600000000003
0.03998600000000003
0.03998600000000003
0.03998600000000003
0.03998600000000003
0.03998600000000003
0.03998600000000003
0.03998600000000003
0.03998600000000003
0.03998600000000003
0.03998600000000003
0.03998600000000003
