0.06207050375116293
0.062070503751172484
0.06207050375113463
0.062070503751179076
0.06207050375118126
0.06207050375117561
0.06207050375119021
0.06350812944777806
0.06423411393594167
0.06610245457410767
0.07259828469745867
0.07259828469745012
0.07259828469746682
0.11125739795836412
0.11097840748224308
0.12017426117589304
0.11947356608899518
0.138614036712364
0.13727095601197575
0.13368341110875018
0.1298162393660861
0.1286456070682503
0.12831291786135104
0.12374217279242986
0.12247052793076522
0.07313349165362544
0.07313349165357662
0.07152346644199568
0.0715234664419554
0.07152346644198375
0.06962098844996215
0.06959536927358309
0.0695953692736068
0.06902311938482716
0.06790476861424288
0.06754129715215332
0.06754129715215705
0.06754129715220394
0.06698017066595092
0.06664524163330772
0.06664524163336824
0.06664524163330056
0.06614022237461809
0.06614022237458601
0.06614022237463192
0.0661402223745842
0.06614022237459052
0.06614022237458858
0.06614022237462447
0.06614022237460174
0.06384317943799801
0.06384317943798089
0.0638431794379993
0.06384317943800119
0.06384317943797505
0.06384317943800737
0.06384317943799693
0.06384317943796017
0.06384317943797051
0.06269851401553517
0.06096640291564753
0.06096640291564753
0.06083380281690116
0.060341424272818446
0.060341424272818446
0.060341424272818446
0.060341424272818446
0.060341424272818446
0.060341424272818446
0.060341424272818446
0.060341424272818446
0.060341424272818446
0.060341424272818446
0.060341424272818446
0.060341424272818446
0.060341424272818446
0.060341424272818446
0.060341424272818446
0.060341424272818446
0.060341424272818446
0.060341424272818446
0.060341424272818446
0.060341424272818446
0.060341424272818446
0.060341424272818446
0.060341424272818446
0.060341424272818446
0.060341424272818446
0.060221999999999935
0.060221999999999935
0.060221999999999935
0.060221999999999935
0.060221999999999935
0.060221999999999935
0.060221999999999935
0.060221999999999935
0.060221999999999935
0.060221999999999935
0.060221999999999935
0.060221999999999935
0.060221999999999935
