0.04687047737814096
0.04687047737815782
0.046870477378131326
0.04687047737814295
0.046870477378147035
0.046870477378177226
0.046870477378117156
0.04777974193828737
0.05006439072017414
0.054433155623694864
0.07131561265829348
0.07131561265828504
0.07131561265828373
0.11818923605406917
0.11815125453407858
0.11855137467624664
0.12581021998403738
0.16194962935752014
0.15807835575357893
0.15581195497003375
0.15356504352966718
0.1518235074094394
0.1518235074094415
0.1454718417544662
0.14170068244485645
0.06507876655169187
0.0646519490822591
0.06134496756964691
0.061212365515216895
0.0612123655152145
0.05797499793223494
0.057974997932236046
0.05797499793225006
0.056470169586049127
0.052530383270896236
0.050433340199588644
0.05043334019959742
0.05043601174495962
0.05039620156400309
0.05039620156398826
0.05039620156399231
0.04988179839609226
0.04847392455498343
0.04851760534470365
0.048517605344707636
0.0485176053447105
0.04851760534471438
0.04851760534464187
0.048517605344699864
0.048517605344708864
0.044006262626262574
0.044006262626262574
0.04399240135493897
0.04399240135493897
0.04399240135493897
0.04399240135493897
0.04399240135493897
0.04399240135493897
0.04399240135493897
0.04399240135493897
0.04399240135493897
0.04399240135493897
0.04399240135493897
0.042649761785355976
0.042649761785355976
0.042649761785355976
0.042649761785355976
0.042649761785355976
0.04204799999999999
0.04204799999999999
0.04204799999999999
0.04204799999999999
0.04204799999999999
0.04204799999999999
0.04204799999999999
0.04204799999999999
0.04204799999999999
0.04204799999999999
0.04204799999999999
0.04204799999999999
0.04204799999999999
0.04204799999999999
0.04204799999999999
0.04204799999999999
0.04204799999999999
0.04204799999999999
0.04204799999999999
0.04204799999999999
0.04204799999999999
0.04204799999999999
0.04204799999999999
0.04204799999999999
0.04204799999999999
0.04204799999999999
0.04204799999999999
0.04204799999999999
0.04204799999999999
0.04204799999999999
0.04204799999999999
0.04204799999999999
0.04204799999999999
