0.07201411848955973
0.07201411848957992
0.07201411848956848
0.07201411848955831
0.07201411848955994
0.07201411848955812
0.07201411848957216
0.08087452880639824
0.10545719020659942
0.14584510520399846
0.1588716368168761
0.15887163681687413
0.1588716368168771
0.14207835328838764
0.14020507638557453
0.1395789312659975
0.13918286647006323
0.05481081488790142
0.054058291530017025
0.0529838553401307
0.052539062122600344
0.051331844192699205
0.05133184419276635
0.0512155954857239
0.0510665912376833
0.04088789959306957
0.04088789959306957
0.04088789959306957
0.04088789959306957
0.04088789959306957
0.04088789959306957
0.04088789959306957
0.04088789959306957
0.04088789959306957
0.0405143495254048
0.0405143495254048
0.0405143495254048
0.040184
0.040184
0.040184
0.040184
0.040184
0.040184
0.040184
0.040184
0.040184
0.040184
0.040184
0.040184
0.040184
0.040184
0.040184
0.040184
0.040184
0.040184
0.040184
0.040184
0.040184
0.040184
0.040184
0.040184
0.040184
0.040184
0.040184
0.040184
0.040184
0.040184
0.040184
0.040184
0.040184
0.040184
0.040184
0.040184
0.040184
0.040184
0.040184
0.040184
0.040184
0.040184
0.040184
0.040184
0.040184
0.040184
0.040184
0.040184
0.040184
0.040184
0.040184
0.040184
0.040184
0.040184
0.040184
0.040184
0.040184
0.040184
0.040184
0.040184
0.040184
0.040184
0.040184
0.040184
