0.08583120657885243
0.08583120657883352
0.08583120657883779
0.0858312065788271
0.08583120657882853
0.085831206578824
0.0858312065788372
0.1016530968931916
0.1325690461790798
0.15551809818531467
0.1669001395343479
0.16690013953434016
0.16690013953433777
0.1448413831249444
0.14391517309020985
0.14344461513986576
0.1434446151398662
0.06578400946196072
0.06409430752815592
0.06251158781954899
0.061431200612448326
0.061431200612457375
0.061431200612462135
0.0603311343853931
0.060331134385376496
0.052325364429873206
0.0523253644298634
0.051013216845878
0.051013216845878
0.051013216845878
0.051013216845878
0.051013216845878
0.05005421686746979
0.05005421686746979
0.05005421686746979
0.049366
0.049366
0.049366
0.049366
0.049366
0.049366
0.049366
0.049366
0.049366
0.049366
0.049366
0.049366
0.049366
0.049366
0.049366
0.049366
0.049366
0.049366
0.049366
0.049366
0.049366
0.049366
0.049366
0.049366
0.049366
0.049366
0.049366
0.049366
0.049366
0.049366
0.049366
0.049366
0.049366
0.049366
0.049366
0.049366
0.049366
0.049366
0.049366
0.049366
0.049366
0.049366
0.049366
0.049366
0.049366
0.049366
0.049366
0.049366
0.049366
0.049366
0.049366
0.049366
0.049366
0.049366
0.049366
0.049366
0.049366
0.049366
0.049366
0.049366
0.049366
0.049366
0.049366
0.049366
0.049366
0.049366
