0.09171848445341811
0.09171848445341718
0.09171848445342007
0.09171848445341195
0.0917184844534109
0.09171848445341181
0.09171848445341765
0.11524711124366181
0.13900469059906492
0.16127179580775988
0.16768213281530553
0.16768213281531028
0.16768213281530744
0.14061622537821636
0.1406162253782186
0.1406162253782184
0.14042560913130075
0.05872954930280455
0.058729549302808645
0.057599266720778454
0.057599266720770134
0.05759926672070926
0.05759926672077326
0.054233385819644216
0.054229032994941674
0.046184738955823194
0.046184738955823194
0.046184738955823194
0.046184738955823194
0.046184738955823194
0.046184738955823194
0.046184738955823194
0.046184738955823194
0.046184738955823194
0.046184738955823194
0.046184738955823194
0.046184738955823194
0.046184738955823194
0.046184738955823194
0.046184738955823194
0.046184738955823194
0.046184738955823194
0.044751999999999965
0.044751999999999965
0.044751999999999965
0.044751999999999965
0.044751999999999965
0.044751999999999965
0.044751999999999965
0.044751999999999965
0.044751999999999965
0.044751999999999965
0.044751999999999965
0.044751999999999965
0.044751999999999965
0.044751999999999965
0.044751999999999965
0.044751999999999965
0.044751999999999965
0.044751999999999965
0.044751999999999965
0.044751999999999965
0.044751999999999965
0.044751999999999965
0.044751999999999965
0.044751999999999965
0.044751999999999965
0.044751999999999965
0.044751999999999965
0.044751999999999965
0.044751999999999965
0.044751999999999965
0.044751999999999965
0.044751999999999965
0.044751999999999965
0.044751999999999965
0.044751999999999965
0.044751999999999965
0.044751999999999965
0.044751999999999965
0.044751999999999965
0.044751999999999965
0.044751999999999965
0.044751999999999965
0.044751999999999965
0.044751999999999965
0.044751999999999965
0.044751999999999965
0.044751999999999965
0.044751999999999965
0.044751999999999965
0.044751999999999965
0.044751999999999965
0.044751999999999965
0.044751999999999965
0.044751999999999965
0.044751999999999965
0.044751999999999965
0.044751999999999965
0.044751999999999965
0.044751999999999965
