0.08236765174430437
0.08236765174428701
0.08236765174430602
0.08236765174429064
0.08236765174429066
0.08236765174428592
0.08236765174430363
0.09922482271905028
0.1260482310000167
0.1574137045166766
0.16056727971822926
0.1605672797182279
0.1605672797182277
0.13827045610843386
0.13827045610843375
0.1382704561084331
0.1372517424613864
0.06099136453040422
0.0610401433368773
0.06043176113046881
0.06043176113045118
0.06043176113045472
0.0604317611305149
0.06043176113045152
0.059659983717433446
0.05268805601033802
0.052688056010397506
0.050950838883810114
0.050950838883810114
0.050950838883810114
0.050471881720429955
0.050471881720429955
0.050471881720429955
0.050471881720429955
0.050341365461847316
0.050341365461847316
0.050341365461847316
0.050341365461847316
0.050341365461847316
0.050341365461847316
0.050341365461847316
0.050341365461847316
0.050341365461847316
0.050341365461847316
0.050341365461847316
0.050341365461847316
0.04889199999999998
0.04889199999999998
0.04889199999999998
0.04889199999999998
0.04889199999999998
0.04889199999999998
0.04889199999999998
0.04889199999999998
0.04889199999999998
0.04889199999999998
0.04889199999999998
0.04889199999999998
0.04889199999999998
0.04889199999999998
0.04889199999999998
0.04889199999999998
0.04889199999999998
0.04889199999999998
0.04889199999999998
0.04889199999999998
0.04889199999999998
0.04889199999999998
0.04889199999999998
0.04889199999999998
0.04889199999999998
0.04889199999999998
0.04889199999999998
0.04889199999999998
0.04889199999999998
0.04889199999999998
0.04889199999999998
0.04889199999999998
0.04889199999999998
0.04889199999999998
0.04889199999999998
0.04889199999999998
0.04889199999999998
0.04889199999999998
0.04889199999999998
0.04889199999999998
0.04889199999999998
0.04889199999999998
0.04889199999999998
0.04889199999999998
0.04889199999999998
0.04889199999999998
0.04889199999999998
0.04889199999999998
0.04889199999999998
0.04889199999999998
0.04889199999999998
0.04889199999999998
0.04889199999999998
0.04889199999999998
0.04889199999999998
