0.08276082232199668
0.08276082232199741
0.08276082232199213
0.08276082232198859
0.08276082232199433
0.08276082232198766
0.0827608223219859
0.09753317879875353
0.12013332099629387
0.15783838887171275
0.158061265229837
0.15806126522983807
0.1580612652298293
0.14130005204133636
0.13943515726071734
0.1386305726007958
0.13863057260079492
0.04670028870076031
0.04670028870074291
0.04467434795614495
0.044674347956130546
0.044674347956145166
0.04467434795613525
0.04401042195407427
0.04401042195406099
0.041166059712567225
0.041166059712567225
0.041193057946069936
0.041193057946069936
0.041193057946069936
0.03998600000000003
0.03998600000000003
0.03998600000000003
0.03998600000000003
0.03998600000000003
0.03998600000000003
0.03998600000000003
0.03998600000000003
0.03998600000000003
0.03998600000000003
0.03998600000000003
0.03998600000000003
0.03998600000000003
0.03998600000000003
0.03998600000000003
0.03998600000000003
0.03998600000000003
0.03998600000000003
0.03998600000000003
0.03998600000000003
0.03998600000000003
0.03998600000000003
0.03998600000000003
0.03998600000000003
0.03998600000000003
0.03998600000000003
0.03998600000000003
0.03998600000000003
0.03998600000000003
0.03998600000000003
0.03998600000000003
0.03998600000000003
0.03998600000000003
0.03998600000000003
0.03998600000000003
0.03998600000000003
0.03998600000000003
0.03998600000000003
0.03998600000000003
0.03998600000000003
0.03998600000000003
0.03998600000000003
0.03998600000000003
0.03998600000000003
0.03998600000000003
0.03998600000000003
0.03998600000000003
0.03998600000000003
0.03998600000000003
0.03998600000000003
0.03998600000000003
0.03998600000000003
0.03998600000000003
0.03998600000000003
0.03998600000000003
0.03998600000000003
0.03998600000000003
0.03998600000000003
0.03998600000000003
0.03998600000000003
0.03998600000000003
0.03998600000000003
0.03998600000000003
0.03998600000000003
0.03998600000000003
0.03998600000000003
0.03998600000000003
0.03998600000000003
0.03998600000000003
0.03998600000000003
0.03998600000000003
