0.13876225946929197
0.1387622594692931
0.13876225946929377
0.13876225946929344
0.13876225946928852
0.13876225946929874
0.13876225946931178
0.14636568539546355
0.151435855837789
0.14569884514104373
0.11397903120595225
0.11397903120595225
0.11397903120595225
0.04523590243184522
0.04499171820524218
0.04499171820524218
0.04499171820524218
0.04111113741271136
0.04111113741271136
0.04111113741271136
0.04111113741271136
0.04111113741271136
0.04111113741271136
0.04080464085131541
0.04080464085131541
0.040184
0.040184
0.040184
0.040184
0.040184
0.040184
0.040184
0.040184
0.040184
0.040184
0.040184
0.040184
0.040184
0.040184
0.040184
0.040184
0.040184
0.040184
0.040184
0.040184
0.040184
0.040184
0.040184
0.040184
0.040184
0.040184
0.040184
0.040184
0.040184
0.040184
0.040184
0.040184
0.040184
0.040184
0.040184
0.040184
0.040184
0.040184
0.040184
0.040184
0.040184
0.040184
0.040184
0.040184
0.040184
0.040184
0.040184
0.040184
0.040184
0.040184
0.040184
0.040184
0.040184
0.040184
0.040184
0.040184
0.040184
0.040184
0.040184
0.040184
0.040184
0.040184
0.040184
0.040184
0.040184
0.040184
0.040184
0.040184
0.040184
0.040184
0.040184
0.040184
0.040184
0.040184
0.040184
0.040184
