0.13039616242240787
0.13039616242240834
0.13039616242240895
0.13039616242240895
0.13039616242240976
0.13039616242240998
0.13039616242241014
0.13808219891804785
0.14702814485534038
0.1419360555189252
0.11001349337516624
0.11001349337516624
0.11001349337516624
0.04848943753986119
0.04784561566025865
0.04784561566025865
0.04682393997158586
0.03998600000000003
0.03998600000000003
0.03998600000000003
0.03998600000000003
0.03998600000000003
0.03998600000000003
0.03998600000000003
0.03998600000000003
0.03998600000000003
0.03998600000000003
0.03998600000000003
0.03998600000000003
0.03998600000000003
0.03998600000000003
0.03998600000000003
0.03998600000000003
0.03998600000000003
0.03998600000000003
0.03998600000000003
0.03998600000000003
0.03998600000000003
0.03998600000000003
0.03998600000000003
0.03998600000000003
0.03998600000000003
0.03998600000000003
0.03998600000000003
0.03998600000000003
0.03998600000000003
0.03998600000000003
0.03998600000000003
0.03998600000000003
0.03998600000000003
0.03998600000000003
0.03998600000000003
0.03998600000000003
0.03998600000000003
0.03998600000000003
0.03998600000000003
0.03998600000000003
0.03998600000000003
0.03998600000000003
0.03998600000000003
0.03998600000000003
0.03998600000000003
0.03998600000000003
0.03998600000000003
0.03998600000000003
0.03998600000000003
0.03998600000000003
0.03998600000000003
0.03998600000000003
0.03998600000000003
0.03998600000000003
0.03998600000000003
0.03998600000000003
0.03998600000000003
0.03998600000000003
0.03998600000000003
0.03998600000000003
0.03998600000000003
0.03998600000000003
0.03998600000000003
0.03998600000000003
0.03998600000000003
0.03998600000000003
0.03998600000000003
0.03998600000000003
0.03998600000000003
0.03998600000000003
0.03998600000000003
0.03998600000000003
0.03998600000000003
0.03998600000000003
0.03998600000000003
0.03998600000000003
0.03998600000000003
0.03998600000000003
0.03998600000000003
0.03998600000000003
0.03998600000000003
0.03998600000000003
0.03998600000000003
0.03998600000000003
