0.15118637020374642
0.15118637020374845
0.15118637020374745
0.15118637020374906
0.15118637020374803
0.15118637020374698
0.15118637020374956
0.15717660412594
0.16077854836973227
0.15181498095369006
0.11371020029289901
0.11371020029289901
0.11371020029289901
0.04915363533349144
0.04915363533349144
0.04915363533349144
0.04915363533349144
0.04368611809045226
0.04368611809045226
0.04368611809045226
0.04368611809045226
0.04368611809045226
0.04368611809045226
0.04368611809045226
0.04368611809045226
0.04204799999999999
0.04204799999999999
0.04204799999999999
0.04204799999999999
0.04204799999999999
0.04204799999999999
0.04204799999999999
0.04204799999999999
0.04204799999999999
0.04204799999999999
0.04204799999999999
0.04204799999999999
0.04204799999999999
0.04204799999999999
0.04204799999999999
0.04204799999999999
0.04204799999999999
0.04204799999999999
0.04204799999999999
0.04204799999999999
0.04204799999999999
0.04204799999999999
0.04204799999999999
0.04204799999999999
0.04204799999999999
0.04204799999999999
0.04204799999999999
0.04204799999999999
0.04204799999999999
0.04204799999999999
0.04204799999999999
0.04204799999999999
0.04204799999999999
0.04204799999999999
0.04204799999999999
0.04204799999999999
0.04204799999999999
0.04204799999999999
0.04204799999999999
0.04204799999999999
0.04204799999999999
0.04204799999999999
0.04204799999999999
0.04204799999999999
0.04204799999999999
0.04204799999999999
0.04204799999999999
0.04204799999999999
0.04204799999999999
0.04204799999999999
0.04204799999999999
0.04204799999999999
0.04204799999999999
0.04204799999999999
0.04204799999999999
0.04204799999999999
0.04204799999999999
0.04204799999999999
0.04204799999999999
0.04204799999999999
0.04204799999999999
0.04204799999999999
0.04204799999999999
0.04204799999999999
0.04204799999999999
0.04204799999999999
0.04204799999999999
0.04204799999999999
0.04204799999999999
0.04204799999999999
0.04204799999999999
0.04204799999999999
0.04204799999999999
0.04204799999999999
0.04204799999999999
0.04204799999999999
