0.15148372488727394
0.15148372488727102
0.1514837248872765
0.1514837248872692
0.1514837248872687
0.15148372488727085
0.15148372488726974
0.1553875962158052
0.15735223190787617
0.1485942229407146
0.11808395022014613
0.11808395022014302
0.11808395022014571
0.05522822681022996
0.055228226810218856
0.05522822681021124
0.05522822681020737
0.045353999999999985
0.045353999999999985
0.045353999999999985
0.045353999999999985
0.045353999999999985
0.045353999999999985
0.045353999999999985
0.045353999999999985
0.045353999999999985
0.045353999999999985
0.045353999999999985
0.045353999999999985
0.045353999999999985
0.045353999999999985
0.045353999999999985
0.045353999999999985
0.045353999999999985
0.045353999999999985
0.045353999999999985
0.045353999999999985
0.045353999999999985
0.045353999999999985
0.045353999999999985
0.045353999999999985
0.045353999999999985
0.045353999999999985
0.045353999999999985
0.045353999999999985
0.045353999999999985
0.045353999999999985
0.045353999999999985
0.045353999999999985
0.045353999999999985
0.045353999999999985
0.045353999999999985
0.045353999999999985
0.045353999999999985
0.045353999999999985
0.045353999999999985
0.045353999999999985
0.045353999999999985
0.045353999999999985
0.045353999999999985
0.045353999999999985
0.045353999999999985
0.045353999999999985
0.045353999999999985
0.045353999999999985
0.045353999999999985
0.045353999999999985
0.045353999999999985
0.045353999999999985
0.045353999999999985
0.045353999999999985
0.045353999999999985
0.045353999999999985
0.045353999999999985
0.045353999999999985
0.045353999999999985
0.045353999999999985
0.045353999999999985
0.045353999999999985
0.045353999999999985
0.045353999999999985
0.045353999999999985
0.045353999999999985
0.045353999999999985
0.045353999999999985
0.045353999999999985
0.045353999999999985
0.045353999999999985
0.045353999999999985
0.045353999999999985
0.045353999999999985
0.045353999999999985
0.045353999999999985
0.045353999999999985
0.045353999999999985
0.045353999999999985
0.045353999999999985
0.045353999999999985
0.045353999999999985
0.045353999999999985
0.045353999999999985
