168 706
30 52 53 105 182 616
46 185 196 663
21 326
4 223 248 274 519 539 779 860
173 398
8 148 288 747
52 412 560
28 904
36 583 660
27 69 247 433 555 860 927
149 752
24 74 94 379 418 471 876
42 214 401
95 109 189 332 609 707 953
4 28 51 138 187 269 310
78 86 850
87 115 289 512
23 33 39 97 344 671 680 751 799
19 58 93 153 210 460 736 809 913 970
288 572
7 502 552
54 88 117 152 166 186 231 762 846
8 172 182 459 492
6 86 173 238 250
29 325 798 878
138 311
549 963
69 83 96 152 257 416 671 930
150 178 185 209 214 609 688
259 319
152 681
397 897
8 73 691
6 8 76 86 115 513
6 23 608
27 227 578 623 704 924
240 373 884
144 165 239 315
89 102 157 170 181 289 293 919 943
14 86 548 568 957
16 246 283 678
25 160 326 506
156 729
27 972
6 26 34 52 162 222 580 716 838
50 232 283 423 527 532 758
108 127
45 229 313 377 653 849
79 959
143 817
185 782
143 499 814
103 256 291 295 652 950
8 15 58 73 104 109 156 172
26 70 102 193 245 278 367 513 635
36 203
187 313 844
3 39 48 103 243 416 826 930
62 225 347 700 805
36 415
98 360 676
18 199 237 297 315 378 983
314 328
12 34 39 47 100 167
340 351
19 132 221 346 371 491 496 585
12 483 583 959
18 949
18 22 144
684 814
43 115 164 289 303 616 617
37 42 107 202 338 465 518 523 687 1000
58 59 164 293 367 547 554 595 960
166 606
22 84 846
121 144 239
76 265 271 754
33 96 231
44 784 879 892
26 89 102 170 904
36 123 216 534 622 814
4 23
319 916 972
106 188 775
89 621
161 893
9 19 111 132 139 220 255 375 903 993
4 28 123 969
6 23 86 192 204 562
85 167 195 276 287 656
1 47 102 443
52 105 473 570
28 49 64 224 434 488 976
257 579 827 907
8 15 53 81 109 387
67 837 980 987
166 516 622 654 673
5 63 64
5 113
9 19 62 76 132 155 715
5 9 82
36 160 369 592
125 233
4 28 123 258
37 153 228 234 498 946
29 34 51 269
1 118 208 279 280 359 721 955
151 824
599 937
116 163 264 414 869
6 9 23 25 85 97 251 347 489 735
17 478 659
176 221 312 398 893
285 559 653 722
121 383
12 62 155 278 617 689
97 858
3 5 42 71 133 219 359 451 650 790
87 119 124 607
411 810
438 767
3 57 103 364 378 392 422 813 858
27 83 140 189 623 868 910
40 119 135 140 142 319 321 398 838
45 92 966
116 740
22 92 340
158 304 405 652
15 411 530 867
1 107 202 234 251 465 766 929
378 463 650 705 912
244 831
34 40 66 81 895
56 382
10 60 298
177 343 520 998
256 349 522
73 91 104 252
417 683
38 811
67 211 402 514 656 987
48 739 852
71 84 732 762
142 335 917
4 233 259
128 333 346 508 520
42 254
63 120 885
56 60 523 583
24 38 430
11 46 149 196 384 398 569 717
11 159
3 141 152 412 579
311 454 525 597
160 203
65 283 637 664
807 880
138 519 613
396 577
2 13 137 147 246
65 98 573
9 346
196 905
67 385 459
233 612
9 161
4 89 102 110 122 289 357 512 868 900
55 137 147 174 194 232 712 915
10 21 125 408 848
31 179 268
281 605
107 112 124 200 202 498 999
259 695 760
417 605
11 427 873 928
348 355
496 887
270 667 889
36 85 140 146 149 499 547 557
61 163 865
28 323 434
154 475 614 682
4 25 244 696 763
5 72 125 317 368 375 657 964 988
62 70 957
32 34 47 100 403 642 699 867 875 988
175 564 828 847 915
74 154 241
15 53 90 91 182 207 381 496 601
18 165 230
3 24 103 168 194 231 257 535 813 881
182 187 518 784 860 892 898
134 363
17 54 273 337 370 665 697 746 851 861
345 667
75 275 545 842
3 23 141 278 372 416 463 680 787 834
170 207 295 576 694 739 883
76 262 366 961
14 536
23 136 907
75 390 977
11 13 27 113 516 552 868
43 87 181 839
101 578
131 240 297 329 366 769 771 828
23 389 569
462 566 877
24 947
95 415 765
264 598
204 287
236 361 374
1 63 71 120 133 145 254 280 590 661
4 490 815 878
35 40 52 53 691 906
19 291 306 331 540 588 989
740 968
1 280 393
193 295
112 200 202 370 465
20 559
249 291
71 146 203 216 335 383 408 917 933
18 165 239 618
278 436 450
14 357 630
16 612
443 934
17 38 93 477 659
111 132 249 384 409 454 531 565
6 62 248 306 468 535 546 570 661 821
331 896
1 64
11 17 119 995
163 968
82 322 460
66 794
90 456
37 81 129 157 215 625
48 96 546 593 738 813
265 761
224 969
87 575
63 153 632 790
4 28 49 551
98 127 327 582
2 63
187 803
37 200 399
37 66 74 202 282 620
94 97 272 394 444 495 604
26 607 669
35 81 123
90 120 453 503 589
237 260 692
9 87 139 445 454 565 903 913
334 529
9 221
32 863
158 304 406 520 524 692 985
61 92 339 803
320 494
10 31 369
627 737
132 200
7 24 572
4 123 151 210 323 380 423 563 696 736
31 60 68 246
21 965
107 234
9 887
71 118
22 43 84 87
832 929
448 603 611 983
13 54 119 286
248 395
422 604
21 25 184 449 561
37 64 75 126 166 232 234 366 448
129 215 263 420 543 615 740 869
9 45 306 726 879
290 951
36 65 90 168 327 432 442 573 648
2 211 965
538 575
205 552
32 34 51 546
143 146 160 383
78 113 419 788 932
24 511
1 120 254 647
12 195 342 765 871 975
114 286 533
29 93 811
348 438
368 457
287 500 909
12 15 483 601 639 833 861 920
7 99 141 235 288 401 426 520 528 719
49 102 164 488 775 943 977
138 525 757
9 19 95 872
63 120 317
269 442 981
160 203 408 722
58 581 675 855
303 341
236 238
31 215 367
28 49 390 702
1 280 388 419 606 632 690 945 982
21 60 68 73 326 351 362 685
651 776
50 329 424 431 437 453 664 678 791 963
20 229 990
4 28 123 386 390 800
10 67
14 86 199 568 594 887 890
8 556
35 56 84 117 136 281 365 400 634 683
214 368 935
26 49 129 341
21 25 59 60 68 276 948
507 914
1 118 145 228 370 641 755 891
82 342 918
265 268 752 918
65 108 587 733 990
6 14 165 225 251 440 544 800 809 858
9 16 695 862
95 188 227 389 440 475 541 756
34 162 793
56 99 400
2 183
13 47 49 114 299 395 427 633 655
143 534
138 176 344 404
54 61 135
10 25 340
32 47 116 334 680 728 863
7 418
126 147 174 191 373 678 911
61 101 173 198 548 748
91 109
1 2 5 63 213 336
14 62 446 481 568 927 962
58 63 66 109 155 199 581 778
48 256 344 416 562
79 353 669
23 48
105 171
498 766
24 66 154 241 400
26 102 116 157 266 406 770
58 85 100 244 439 999
38 64 98 108
131 159 424 549 641 712
8 72 80 90 628 665 825 896
24 328 682 771
331 441 566 978
55 137 159 193 424 532 857 884 963
99 103 104 105 294 391 417 732 843
41 99 837
3 41 59 267
4 49 50 55 131 302 311 329 424 434
7 10 21 137 283 379 464 511
12 58 143 216 218 405 408
33 40 294 349 410 416 834
10 25 40 45 68 464
186 317 555 792
3 96 485 562
84 117 188 212 253 583 744
4 49 224 697
18 45 315
8 14 104 171 219 372 504 890
101 227
30 45 159 232 279 329 542 596 810 857
190 214
30 743
57 85 258 913
4 151 390 422 702 977
100 287 745
50 131
141 325 428 430 718 719 856
12 135 176 198 666 726
1 42 73 467 533 914
272 820
171 172
7 31
12 369
15 40 55 62 104 105 338 646 895 967
39 412 485
128 158 292 333 490 996
44 209 305
57 85 120 134 192 318 471 494 793
627 737 786
6 16 259 414 810
38 93 227 428 586 941
8 15 30 77 207
126 532
9 14 70 125 363 701 822 893
7 24 418
444 500
80 205
20 457
26 43 170 181 576
50 84 147 194 511 908
443 529
27 156 171 363 638
56 160 731 808 894 956
9 46 112 129 338 620
13 23
43 89 164 208 854
8 470
36 196 534
12 662
178 656 905
639 919 956
16 68 233 236 435 693
110 181 341 352 381 414 461 621 758
1 133 145 153 197 336 973
200 620 847
18 121 165 315 619 668 729
335 355
33 231 485 537
11 119 149 205 218
285 290 374 377
50 55 232 270 283 471 484
14 70 608
177 491
15 30 33 35 91 136 148 256 568
3 22 47 186 216 593 633 681 818
13 997
52 104 105 307 601
21 60 429 481 571
52 903 924
1 161 226 246 923
16 169 264 760
9 210 469 714
62 225 251 658 815 927
131 193 270 791 831
3 48 812
8 40 310
8 52 120 226 788
185 312 472 724 742
62 117 429 513 584
3 18 243
158 284
80 286
210 375
103 652
453 456 487 934
76 231 618
37 112 847 922
39 43 46 75 107 135 168 233 369 796
8 15 23 105 250 971
20 242 267 802 940
44 56 77 451 486 755
245 821
175 407 606 651 776
457 832
413 571
137 270
26 352 553
19 888
44 780
55 126 147 191 309 350
30 52 470 624 729
275 467 842
76 262 271 316 389 786
116 543 836
23 70 702
109 504 643
72 565 918
42 64 67 79 974
4 230 502 531 595 624 629
431 542 567
2 64 120 657
11 13 61 80 119 205 245
65 130 327 374 593
89 263
47 118 334 752
206 296 574
4 22 150 509 800
647 955
36 41 230 383 458 556 967
50 55
54 415 723
11 80 433 753
48 126 186 461 834
13 27 41 141 253 298 312 475
17 27 38 289 477 480
1 393
10 21 25 247 561 693
510 711
16 373 612 986
18 43 50 128 129 144 260 381 455
67 81 268 332 367 577 931
13 69 274 558 931
76 271 277 350 603 698 705 933 937 979
31 85 108 362 619 636 686 805
23 31 55 82 261 447 619 636 701
72 308 454 966
26 781 901 960
3 10
7 30 73
88 418 469
189 332 707 773
54 195
6 14 176 700
9 111 331 384 801
45 402 832 886
333 455
19 139 161 220 308 380 441 496 726
6 128 155 347
53 148 207
19 161 371 945 947
229 547
27 30 33 61 118
20 77 557
37 87
7 150
336 755
363 372
462 994
67 98
778 853
169 476 902
128 524
32 34 162 403 949
8 53 70 105 267 551 559 924
201 981
33 313 382 541 609 684 707 870 872
8 670
1 785
31 362 430 447
558 881
5 174 279 914
50 283 329 840
35 596 967
26 238
51 309
525 613
101 389
55 126
103 535
71 111 268 474 667
57 62 204 495 874
14 764 842
592 833
17 271 386 698 737 830
3 85 94 134 258
5 213
6 8 15 26 40 91 307 504 809
2 5 35 71 156 411 435 497 591 961
166 296 741 845 1000
282 314
55 96 167 889
403 468
28 824
19 82
12 920
58 66 77 92 307 376 595 598
76 92 358 526 774
2 197
29 78 324 528
22 123 399 473
266 539 734
5 17 38
20 242 401 939
94 167 358 468 538
2 42 208 254 305 324
7 94 154 223 364 392 505 538 610 926
7 66 73 156 171 502 521
122 133 790
1 5 268 563
22 74 187 337
316 599 650
7 24 159 314 674 682 750
39 633
20 44 77 103 285 557 690 780
94 192 210 392 422 544
4 28 49
311 517
47 100 881
159 345
89 393 486
2 113 419 598 968
27 122
355 992
31 125 179
154 241 439 700
206 836
112 465
97 98 192 258 297 320 494 826 854 912
30 34 35 266 411 558 934
169 261
253 300 753
22 34 84 233 236 435 768 848
79 514
7 241 314 439 926
108 327
2 474 647
17 93
82 330 409 479 540 588
16 388
128 180 704
228 449
2 12 64 180 491 754 829
35 171 470 780 895
124 157 293 302 341 381 584
10 21 133 159
4 323
77 92
15 52 53 277 580 591
354 366 387 397 411 473 715 764 978
2 71 336 850
39 96 723
5 37 359 859
10 351 553
170 302
204 494 495 600
33 152 510 930
9 220
332 710
33 96 271 407 410 651
110 302
149 298
74 282
16 435
108 589
178 472
81 189 449
39 765 923
33 39 168 335 864
10 47 466 948
30 131 158 191 405 482 631
31 124 179 223 365
508 856
27 80 198 433 739 827
25 553 693
6 41 353 501 940
26 577
655 770 816
16 40 44 84 276 374 376 592 849
30 35 37 52 99 225 296 306 330 530
206 574
80 357 673
2 3 5 21 31 38 226 474
72 255 330 785
39 344 352
64 84 183 188 281
293 617 797
18 144 724 949
30 172 179 222 596 646 974
54 75 273 672 708 776
3 168
16 153 238 414 461 758
493 533
2 64 219 317 486 648 980
33 39 138 517 723
103 243 353 459 476 579 588 694
109 230 629
82 291 380 989 993
53 91 670
39 48 152
228 785
5 208 754 788
48 130 187 285 368
47 309 529
132 210
14 106 446 469 709
3 6 79 169 617 874
1 63 184 222 265 266 396
191 240 986
59 929
243 787
65 98 442 456 587 703 882
69 72 585 598
277 984
15 23 30 548
20 45 150 316 653 664 966
93 428 658 798
4 140
13 364 796
299 358 875
255 291
72 139 736 943
3 141 410 537
136 638
38 392 820
19 330 540 588
12 34 125 195 266 270 370 447 672
263 876
11 14 80 217 286 569 586 626 753
3 278 410 537
18 121 499
3 25 168 219 256 257 463 787
114 229 387 516 625 748 961 997
132 162 252 655 734
260 284 292 304 491 612 985
12 83 113 197 920
137 158 996
11 319
142 203 216 321 335 452 649
49 115 129 147 613 637 824 908 944
24 166 204 314 321 439 502 675
59 353 514 518 668 874 935
47 54 134 140 162 661 735
64 90 219 318 676
51 252 269 354 642
175 178 472 724 742
2 20 75 479 960
386 399
17 38 981
70 183
30 53 101 156 207
1 133 452 507 761 964
75 139 741 764
27 61 80 119 173 205 241 247 626 972
32 299 395 716 863
18 36 835
353 514
56 106 515 605 818
2 17 178 393
12 259 260 276 285 455 851 925
163 261 367 510 543
88 665 672
4 28 54 88 151 592 919
10 184
212 382
34 51 100 354 395 580 712 840
5 6 853
59 85 422 604 803
94 135 448 480 550 603 645 979
2 19 172 268 590 644 835
36 143 738
16 275 361 760 862
44 59 506 784
6 13 17 29 199 478 542 686
316 774 984
161 224 249 409 825
57 97 394 444 717 912 921
417 660 759
57 94 538
97 364 544
51 104 136 222 310 558 599 643 716
51 88 92 106 281 312 386 437 744
161 162 349
731 843
16 32 427
40 67 136
74 265 426
12 273
3 706
1 43 89 124 129 263 293 303 396 625
61 217 750
46 185 679
11 27 69 101 149 375 666
43 89 106 234 257 333 731 876
773 877
11 13 19 27 65 69 674 946
19 145 161
78 197 407 589 602 772 865
27 69 217 227 247
116 615
44 45 92 150 190 377 501 528 559 879
79 385
7 112 282 379
47 252 269 299
91 301 506 518 688
470 551
11 542 549
7 74 426
122 138 247 334 519 569 819
29 201
238 420
15 91 148 591
81 108 127 432 676 931
95 462 872
87 521
8 30 35 52 98 113 492 725
348 452 539 635 713
464 466
22 84 191 305 497
42 279
50 240 527 564 908
15 51 358 580 642 791 897
66 235
16 445
178 782
110 115 157 164 263
79 902
7 18 31 121 482
355 649 713
83 294
15 35
60 96 114 200 526
8 89 104
14 42 72 107 467 594 751
320 746
193 419 541
95 164 621 640 677
203 261
18 34 248 354 427 529 749 936
65 90
1 78
3 48
88 273
1 100 345 867 875
20 91 104 130 230 536 570
93 128 237 325 515
20 22 41 45 190 337 506 910
53 556 670 844
2 39 78 133 213 279 444 486
75 235 296
220 346
43 157
50 270
109 643
10 68 703
81 541 773 957 994
46 742
66 95 189
2 32 42 47 116 262 393 644 688 974
194 527
226 563
5 37 78 107 219 687
26 62 347
48 196 253
18 20 31 130 186 709
3 856
111 255
926 947
10 413
15 799
101 149
21 25 68 76 553
277 774
316 769
78 127 451 757 777 885 932
169 385 448 899 987
2 254 318 438
421 447 636
23 347
38 795
16 361
89 839 944
42 97 134 287 575 969
32 62 251 310 675 714
69 198
162 269
6 14 521
59 235 402 426 554
16 51 236 262 297 480 695
183 208 226
9 111 139 220 460 531 632 749
325 941
5 89 197
191 194 345 373 425 532 806 828 915
20 242 276
102 110
100 274 546
99 382 523
8 10 60 73 148 307 365
31 125 135 344
195 634 959
611 645
201 550 599
19 51 397 822 838
32 86 245 251 594 689 817 853
160 421
727 866
250 890
10 21 25 106 174 343 373 413 515 948
24 66 74 90 572 595 714 750 870 925
38 356
16 163
9 322
265 356
34 266
244 509 710 763 950
43 102 115 164 352 414 521 781
20 121
42 71 250 336 451 501 528 818 923 935
125 182 493
95 140
28 67 123 211 488 795 936 965
1 15 25 42 68 118 305 725 982
16 55 126 144 333 343 473 631 938 996
56 136 673 730
15 73 105
23 446 450 536
32 47 397 734
209 339 362
127 187 487
248 274
474 958
136 186 537 637 706 725 841
30 40 91 126 504 878
12 14 88 225
22 27 101 217 328 515
67 169 211 899
29 38 130 783
388 423 505
166 275
72 445 823
114 227
500 735 746 952
25 326
60 79 88 871
44 802
32 34 51 76 603 792 816
83 719
98 582 628
76 262 964
28 49
102 743 839
33 39
166 175 886
122 622
142 727
140 369 866 880 954
7 24 58 288 554 855
65 107 112 254 300 327 360 555 587 703
199 245 250
56 57 84
57 70 97 167 192 223 471 560
109 136 207 387 425 458 530 747
49 323 696
127 217 573 589
177 304 829 985 998
37 338 391 522 720 789
54 75 91 175 407 545 574
112 206 498 922
9 308 479
11 204 214 272 600 610 909
248 539
273 641 1000
13 433 873
4 34 79 290 415 513 861
70 608
6 7 131 201 429 646 751
43 115 135 900
342 697
244 576
44 45 220 229 402 457 690 844 898 928
4 78 206 275
295 950
100 157
36 146 156 216 547
141 180 271 545 618 698 769 786 797
21 87 106 212
155 870
24 66
12 483 503 851 975
15 30 53 163 172 615
31 686
5 183 274 507
57 560 610 826
22 38 106 188 301 430 634 759 768 941
174 295 831 857
352 396
108 189 360 582 733 772
614 744
85 134 272 717
61 114 173 946
18 165 841
25 68 130
757 779
127 360
3 155
45 112 130 242 267 339 360 951 990
2 58 142 148 284 455 590 855 932
2 226 497
2 41 208 214 221 230 324 602 973
243 562
5 13 61 198 280 298 319 359 835
6 8 23 109 152 530 551 560 591
15 50 309 421 431 505 567 806 891
46 108
408 421
291 384 409 666
41 59 77 104 145 339 402 901
4 49 75 123 151
19 460
37 110 522
21 67 192 495 561 827
29 93
120 812
153 602
322 531 715 823 906 940
21 25 184 297 300 378 550 561 627
87 124 181 200 341 512 699 801 994
16 242 361
146 292
57 79 476 909
59 154 169 183 238 477 501 607 640 829
86 176
3 33 39 63 68 96 366 394 437 463
14 70 74 415 488 581
57 94 287 394 405
23 489
26 44 59 110 150 209 374 478
12 83 88 503 928 975
19 72 181 255 306 322 331 445 615 896
13 952
46 52 128 472 663 679 942 995
41 45 78 92 376 804
4 22 99 188
20 41 45 242 705 837
1 2 5 113 663 980
26 110 263 461 584 635
56 154
10 60 487 687
277 297
151 921
62 122 630 789 864 962
46 115 544 766 942
15 442 628
36 174 388 817 891
129 259 674
42 318
43 130 142 321 438 640 807 954
107 720
21 71 133 145 153 351
31 121 144 482 685 841
194 232 380 911
14 20 77 190 267 290 377 708 901 939
40 114 492 859
10 571
3 33 48 191 349 437 505 508 579
76 277 611
302 420
127 453
54 83
29 40 172 264
5 86 450 489 548
82 139 221 629 906
137 350
1 2 5
87 170 396
100 275 944
5 58 71 106 113 117 213 280
40 115
1 83 118 145 190 218
27 106 212
141 349 535
28 184 323 401 434
29 658
24 193
186 257 412 792
35 111 249 255 308 749 894
142 385 452 727
296 355 992
7 28 58 379 586
215 900
54 66 140 195 342
57 177 180 284
337 843
61 69
26 303 512 616
117 170
475 976
14 77 317 939
160 365
11 17 27 29 38 93 356 428 526 976
9 19 82 111 177 192 409 540 989
195 483 925
26 167 392 464 575
262 480
53 325
71 761
41 57 134 150 285 301 557
67 795
82 111 249 322 371 380
105 492 556 624 638
41 59 121 190 209 267 276 290 313
4 75
34 310 431 443 745 936
767 848
85 258
144 704
207 425 458
10 11 68 114 202 273 516
9 19
301 376
119 522
188 400 413 423 564 571 777
81 95
11 13 114 359
9 29
55 517 549 771 840
487 573
292 479 899
6 11 101 114 163 278 286 578
41 180 237 376 377 432
20 44
5 42 197
33 231 256 300 555 694
124 303 904
53 728 999
193 244
12 39 95 243 332 342 386 462 609 830
581 970
39 48 328 864
83 213 563 639
185 312
24 81
83 662
10 159 511
79 211 385 459
54 337 523
38 364 519
40 458 594
32 728
22 56 605 789
100 128 343
5 63 133 197 228 279 733 988
35 46 679
158 177 284 304
36 467 973
7 261
17 29 43 102 181 356 420 607
13 623 991
41 92 209 324 493 849 883
198 217 272
37 132 139 221 308 371 441 611 801
74 509 763 884
22 391
3 28 671 852
246 404
78 79 135 370 808
36 146 738
24 37
55 147
6 40 307 311 597 613 779
60 340
17 387
201 608
142 649 692 767 836 992
95 399 566
587 648 772
41 229 290 722 783 883 910 951
32 110 162 274 299 354 397 403 572 745
37 378 550 645
32 47
36 143 499
1 145
83 196
97 208 218 272 394 610
1 118 218 375 596 654 955 982
11 12 13
4 28
69 101 122 236 361 862 938
11 154 212 288 970
21 25 184 466
124 164
130 175
5 7 885
18 239
3 253 631 747 902 953
118 228 657 933
90 117 456
30 84 99 117 158 732 768 845
36 146 383 534
12 22 99 391 503 614
206 296
81 115 189 440
24 66 241
7 282 469
7 19 24 58 74 794
11 552
17 20 29 44 93 113 203 301 986
90 582
53 533
147 194
50 126 554
18 87 96 215 239 482 584 781 880 998
3 61 103 152 292 348
176 201
406 524
177 260 343
586 916 995
43 577 854
112 167
249 888
18 180
32 51 137
16 40 399 830
116 264 585 677 797 869
10 25 351 368 436 783
199 778
17 222
22 56 117 281 683 759 808 846
146 983
92 150
13 122 173 770 816 997
125 179 261
508 804
1 17 29 31 659 756 978
13 27 69 80 205 223 389 578 748 873
30 156 224 390 490 500 691 921
8 570
23 50 155 350 937
6 138 148 250 400 404 493 517 730 971
350 730 938
14 31 170 179 362 450 685
201 245 446 821
18 46 82 320 484
12 97 179 421 701
41 54 135 468 708
357 543 585 822
80 88 101 436
223 258
22 212 281 417 602
35 148 182 799
165 484
11 69 149 190 339 401
13 991
51 403 897
6 44 199 597 689 709 907
20 59 295 324 509 576 710
70 971
70 86 372 425 481 962
6 143
18 33 96 165
37 206 234 338 345 527 720 741 859
46 57 134 185 282 600 604
46 782
237 405 406
1 64 183 218 318 419 721 850 958
2 61 64 122 198 247 298 398 812 916
48 168 294
3 33 35 73 75 300 574 606
44 45 209 888
80 796
21 68 681
8 35 171
28 440
205 372 429 441 489 630 805 825
4 81 132 224 404 490
116 264 711
12 56 83 117 662 984
113 222 507
124 129 289
17 29 38 93 215 477
72 82 94 151 167 330 371
55 174
5 42 63 78 153 449 497 654 917
116 119 163 485 510 711
9 65 72 111 346 565
6 566 756
77 898
56 60
32 49 545
16 29 67 211
98 108 127 178 865
65 90 98 882
260 845
321 713 866 954
32 34 395 614
107 253
65 820 882
404 525 597
104 601
73 358
240 388 564 567 911
22 99 382 391 660 762 894
213 590 644
17 811
77 180 237 284 292 313
21 25 59 60 169 294 340 410 476
17 29
196 593 833
13 252 357 819 991
6 155 176 363 536
26 131 246 567
17 29 46 942
600 952
14 86 225 436
20 65 88 420 432 718 721 886
668 718 892
19 384 823
131 235 379 699
175 407
7 58 74 99 288 418 775 794 815
309 356 406 524 802 806
10 326
24 48 77 121 235 328 412 852
13 173 348 684 819
8 15 35 52 73 743 953
11 134 204 793
26 110 320 669 677 905 979
8 26 46 182 381 877
43 202
14 23 33 86 103 294 481 804 871
10 25 68 184 240 413 466 889
88 956
252 334
157 616
6 11 286 526 626
2 63 777 807 958
7 31 293 922
4 151
478 798
85 94
1 305
945 993
2 239 315 365 484
