30 91 570 718 743
469 502
7 58 74 282 442 628
477 478
39 67 111 139 384 479 540 588
446 450
298 997
177 444 455 985
210 864 930
7 96 294 416 508
13 14 18 23 32 34 255 397 982
165 220 631
37 338 522 859
17 61 418
81 189 414 609
82 111 128 375 801
10 21 25
106 128
8 365 492
72 331 913
46 149 178 196 472 578 742
11 319 356 562 981
86 332 386 399 462 609 707 773
799 895
33 164 170 186
290 935
246 915
84 731
26 302
90 543 585
297 737
45 98 187 242 267 301 990
8 52 104 411 492
79 231 272 392 495 717
19 380
97 114 134 454 600
296 776
7 24 892 926
36 55
51 109 162 252 274 299 385
471 495
662 697 765
56 251 515 539 605
38 225 853
9 111 415 633
40 42 63 75 78 166 647 914
25 843 948
12 18 91 315 324 901
94 858
74 328 855
180 260 996
20 242 803 951
7 241 810
29 34 51 68 354 881
103 257
14 199 245
8 390
108 127
13 626
79 353 874 965
33 48 562
48 681
69 264
143 817
1 254 644
26 110 263 839 944
265 755
41 77 557 935
39 141
158 406 524 692 829
34 161 334 427 529 816
181 367 417
110 142 154 452
311 404 517 613 637
9 106 161 221 654
149 674
13 67
123 166 275 842
219 563
339 401 565 849 993
144 165
21 164 293 558 944
148 906
65 148 442 456 487 587
24 69 80 753
139 161 197 554 569 626 753 868 989
50 437 908
80 946
11 101 149 357 552 578 626
201 536 907
128 158 177 260 343 406 985
333 405
26 33 396
235 379
44 339 376
185 724
531 749
11 247
305 378 769 984
92 815
143 387 814
46 679
150 803
128 237
12 36 108 127 945
13 873
17 38 343 659
51 100 162 838
31 71 125
58 581
97 180 260 284 392
43 164 224 599 645 913
143 388 667
16 760
12 83
550 627
18 239 949
27 290 879
115 157 381 625
60 294 351
236 316
40 411 924
1 3 14 279 602 861 980
5 133 183 228 268 982
44 45 209
8 15 35 148 365 624
214 229
62 225 441 569 714
17 180
424 567
16 236
58 60
33 300 579
14 165 436 700
338 922
212 284 304 363 450 890 957
135 672 975
3 48 374 416
22 775 934
4 49 123 969
11 687 766
128 998
31 125 619
325 901 997
62 429
67 170 385
30 35 40 596 967
118 133 218 419
50 211 240 424
119 298 972
4 21 83 464
36 216
97 192 746
56 382
69 95
32 51 716 734 838
22 84 99
157 167 287 364 600
190 543
8 53 109 136 222 810
38 811
69 101 119
33 120 750 760 938
137 911
13 117
245 751
277 366
116 711
2 34 226 346 856 913
220 249
32 210 308
18 165 214 482
19 139 161
206 275
34 716
20 64 104 213 752 923
639 665
178 456
204 560
370 483
160 203
306 447 612
2 153
4 224 367 983
30 52 104 473
463 529 863
240 567
79 594 899
650 937
19 249 666
80 526
12 80 100 135 194 369 662 697
50 55 159 246
60 68 150 207 541 559
114 795
785 982
142 335
53 104 262 366 970
55 246
15 322 330
123 160 408 499 783 817
17 38 93 477
115 961
99 417 583
348 355
30 747
282 328 572
25 217 464
15 40 159 670 713
291 423 527 664 667 840
23 446
20 26 276 547 635 718
59 116 187 264
30 172 307 504
191 511
42 103 535
81 189 541 684 708 773
107 173 188 202 234 338
23 56
17 26
68 142 321 348 355 597 649
67 76 113 271 459 476
41 92 377 506
5 64
134 287 494
138 404 519 525 557 757
29 38 93 217 659 818 941 977
3 579 852
54 108 195 379
62 328 379 682
488 969
28 46 363
505 532 806
329 884
6 201 805
37 70
4 800
4 49 123 151 552
2 126 474 505
311 613
316 650
398 586
1 118 293 359 647 974
3 16 179 204 413 619 701
18 121 482 484 949
9 72 132 441 825
54 88 107 273 503 919
37 326
9 210
20 29 65 114 616
57 94 167 287
290 780 929
3 832 886
48 243 410 412
24 947
73 570
47 403
1 120 668 958
65 98
32 397
21 30 73 207 307 646
55 126 191 240 350
90 250 442 594
1 5 78 974
179 636 848
193 295
22 59 457 518 898
45 242 267
31 125
381 513
167 286 364 622
29 61 95
88 273 369
121 393 428 634 768 845
311 525
43 75 89 206 386 396 545
4 258 266 500 690 999
23 29 70 416 478
11 578 673
6 7 19 389 401
76 262 271
815 990
19 666
72 132 971
1 64
8 73
9 132
34 68 162
144 239
31 639
10 184 351 532
122 237 260 304 520 944
5 145 197 280
332 386
2 63 602
18 525
461 904
56 212 845
15 80 317
119 868
11 24
11 21 36 146 779
245 387 458 743
13 27
189 350
147 309 350 828 886
34 299 946
8 15 35 52 136 878
93 325 623 976
27 173
57 167 287 494 735
292 333
9 35 132 221 306
32 745
9 330 834
50 74 159 235 595
440 877
145 153 197 336 958
59 559 978
9 19 306 893
4 227
11 69 80 205 217 796 873 995
1 2
145 256
130 208 226
31 685 686 919
23 55
125 261 362
5 17 431 477 659 828 857 986
50 126 270 431
3 103 141 243 582
710 763
258 288 440 462 684 852 931
37 202 498 859
89 352 409
47 270 699
10 693
97 272
295 509 576 950
26 170 781
443 728
60 68
12 342
66 174 794
6 81
3 39 103 231 586 814 909 992
43 260 584 616
97 192 287
42 225 227 347 761
98 487 573
9 823
32 34 273 580 863
57 331 565 749 893
218 657
277 599
36 534 738 817
3 467 812
9 45 111 496 903
412 537
335 992
1 777
42 49 151 800
52 109 182 207 411 504 530
35 136 570 729
7 66 74 970
77 815
137 174
12 503 833
342 641
463 864
4 28 408 814
128 798
155 252 310
112 522
26 115 607
57 85 97 258 320 426 471 926
677 854
89 129 303 621
180 595 750
65 98 587 865
198 991
125 179 362
272 566
82 540
148 222
32 274
26 29 55 93 102 194
3 168 186 416 804 813
37 107 465 941 974
75 206 651
615 740 869 968
130 214
4 41 44 49 59 209 313 440
14 86 199 568 709
304 455 520
143 329
507 914
64 176 303 420 577 694 904
30 45 83 115 144 239
20 196 888
899 987
23 155 680
36 203 383 511 534 545 550
82 330
19 31
21 60
297 378
131 174 240 329 373 542
99 121 631 762
30 73 109 148 371 588 681
192 500 538 575
94 807 912
14 47 395 875
53 230
3 33 206 253
7 24 27 74 241 674
126 232 345 527 678
166 175 652
26 87 157 215 513
644 933
273 427 727 866
44 457 501
82 131 132 331 736 903
383 384 496
147 740 968
4 28 40
75 182
488 577 921
39 671
698 984
128 177 333 967
305 394 544
244 884
4 28 47 248 285 297 512 937
113 449 812 823 885
178 185 679 724
22 28 382 391 523 960
104 591 953
89 181 797
7 154 314
62 450 489
198 357
105 386 399 872
13 80 673 819
19 83 135 139 369 460 765
45 276
19 332 531 945
312 472 742 782
116 163 740
177 284 962
7 29
604 826
83 496 956
6 17 86 251 302
3 33 141 412
11 61 101 398 475 819
74 97 167 223 444 518 544
182 691
73 426
129 396
159 564 686 889
81 332 462 931
6 84 481
76 480 698
40 530 551
26 110 129 341 867
18 165 315
5 42 100 118 305 654 988
87 129 215
175 275
65 582
29 138 519 779
388 549
113 419 785 923
138 404 525
6 155
134 204 392 826
137 309 511 567 667 771 889
95 462
51 358 468 661 936
8 470
131 270 309 953
7 58 66 74 581 675
110 625
23 372
158 343 406 491 604 829
549 771
70 165 239
262 698
20 718 939
228 777
13 61 101 122 173 433
13 69 134 320 600 735 790
6 251
75 296 606
72 479
30 36 91
3 349
5 254
1 42 78
10 21 25 553
47 51 299
315 695
629 767
2 42 46 71 113 230 451 721
501 966
219 790
125 151
46 311 517 663 757 905
10 147
18 484
164 521
51 472 742
31 447
46 185
142 954
9 12 83 665
368 722 832
17 75 93 325 356 430
173 357 516
6 86 90 432
95 484 707
46 185 196 663 905
188 417
227 640 748
41 116 598
8 556 596 691
186 555
54 75 949
6 100
112 372
3 508
34 673 961
28 130 377 550 611
6 20 45 86 119 324 668
15 35 729
30 73 504
9 58 76 220 249 409 812 978
5 514 885
30 53 104 207 213
20 193 656
4 390 483
31 476 685 902
1 5 63 125 254 419 980
142 198 649
7 52 172
61 356 478
5 25 184 228 932
523 605
41 301
6 9 13 19 32 99 278 298 446
5 153 788
41 96 125 138 190 457 688 766 935
54 195 324 369 660 891 959
115 138 597
201 269 580
90 703
14 70 220 250
66 947
46 312 679
41 59 77 209 401 648 676 720
7 24
32 546
23 86 436 489
26 215
78 113
5 44 59 229 368 402 668 883
29 798
541 994
141 294 633 827
124 367
178 185 472
7 314
1 393
209 345 889
304 877
14 402 481 594 623 907
267 547 783
348 639 713 866
238 293 577 854 876
15 148 219 425
44 653
137 171 207 315 533 624
87 238 414 781
263 367 420 669
212 515 583 614
117 417 890
83 851
43 513 714 971
54 195
57 134 137 167 317 444 471
193 831
135 313 374 784
8 15 40 145 230 493 497
17 77
4 49 102 115 289 335 348 390 414
39 85 575 717 887 888
8 411
221 249 371 726
157 238 607 617
13 31
480 611
117 391 605
36 497
18 91 239 704
361 616
336 755
279 449 973
4 11 20 28 46 47 85 92
108 487
11 101 586
7 24 276 290 559 653
92 196
34 147
1 49 63 280 336 932
96 256 257 412 470 689 841
399 831 884
101 122 205 789
76 277 618
6 438 836
53 109
77 802
237 270 520
17 38 356 428 811
59 89 521
8 15 455
428 658
36 45 216 738
8 670
67 169
23 86
16 45 77 233 290 376 695 929
122 748
30 35 50 52 159 365 373 530 553
14 50 131 232 283 585
33 555 579
237 520
762 775
57 71 118 604 842 952
13 82 111
9 736
43 89 170 183 303 584 649 807
10 34 63
86 251 594 608 805 821
7 235 388
204 392
47 266 863 950
12 342 975
40 48 230
44 66 190 258 434 610 826
261 636
47 269
1 112 465
589 648
13 101 146 306 319 725
35 104 105
216 988
191 283 437
143 203
57 85 364
121 168 555 562 593 706 719 739
328 439
19 82
16 31 760
140 818
68 247
216 280 408
93 425
2 197
14 62 78 86 278 372 598 778
71 113
95 440 684
88 975
56 84 99 818
10 25 258 326 422 432 571 610
23 247
65 90 327 442 452 882 897
16 81 791
134 223
75 257 651
2 764 842
22 84 106 443
87 89 102 124 157 170 289 677 839
14 23 481
47 70 79 751
79 232 567
16 233 361 435
13 46 526 860
98 360 409
42 359 988
248 838
16 862
566 707
2 38 42 120 219 359 497 788
2 81 254
1 5 213 279 280 393
4 352 396 577
208 218
35 725
65 703 865
216 408
163 264 510
2 99 133 337 563
107 522 544 642
40 53 105 171
6 155 714 957
11 27 569
79 987
331 380
10 25 928
3 141 508 694 723 813
14 805
4 323
127 628
163 615
66 131 322 452 663
158 177 292
29 119 149 227 552
56 281 523
73 230
98 456
132 139 221 384 445 825
389 569
360 582
9 220
15 182
24 502
183 359 602 706 711 780 933 964
93 325 941
1 63 64 65 133 254 335 400 590
16 435
175 274 296 574 605 744
69 173
11 128 284
10 21
47 51 897
4 468 580
6 187
93 154 595 794
8 878
137 191 283 373 423 491 643
240 283 771 791
9 301 774 888 993
168 827
68 193 763
42 120 133 280 318 449 486 540 964
37 288
55 140
72 99 583
112 200 209 272 318 584 620 847
6 70 362 809
264 272 615 711 952
23 33 39 69 152 156 412
8 15 56 171 250 504 747
63 153
480 786
42 238 305
76 262 297 448 630
12 88 253 765 959
138 613 715 779
180 237 292 491
18 115 157 164 289
110 512
71 118 120 153 542
25 60 75 184 225 340 413
96 168
103 179 485 652
891 920
5 16 183 236 761 923 938
26 89 110 181 341 431
2 56
121 704
5 197 752
13 194 373 423 437 532 908 986
293 904
8 15 53 105 136 556 643
63 850
30 106 130 229 324 368 951
70 181 201
1 275 606 651
495 505 538 604
27 94 192 195 298 364 374 433
12 54 88 140 195 342 662
22 56 84 188 400 634 683 744
10 112
73 182 222 470 499 591
308 588
282 288 855
26 51 87 616
18 704
134 192 474
24 74 360 432
28 49 169
8 28 40 75 384
148 878
120 129 761 777
12 928
15 551 570
87 621
11 149
526 991
223 575
177 237 333 343 405 406 692 829
21 25 60 152 168 184 314 535 693
71 120 197 323
3 141
20 656
32 199 680 890 960
25 74 160 235 241 536 572 589
25 49 427 488 734
40 78 133 218 485 486
263 900
31 421
24 28 76
39 292 652
787 852
16 31
28 411 606
14 29
10 56 99 391 400 731 759
46 196
102 584
7 288 439 554 588 620 947
559 837
141 593
3 22
17 43 110 124 302 303
21 68
106 117 281 523 732 808 846
42 170 467 797 973
353 514
608 853
163 598
166 407 545 606
7 282 379
29 405
13 27 38 41 61 108 109 500 793
16 322 375 862
23 630
175 206
14 450 709
41 493 528 860 973
73 349 579
5 208
1 64 213 317 419 657 835
57 85 134
158 996
14 363 461
384 441 993
105 387 470 548
62 70 245 299 369 403 962
59 190
2 51 64 213 299 301
142 321 350 438 857
16 121 236 695
27 122 358 881 976
4 123 151 390 490 963
77 110 238 381 512 521 900
115 164 263 352 420 521 617 669
2 113
355 452
67 79 169 353 476 514 945
37 200 202
731 843
9 19 111 194 255 388 801 806
17 123
99 337 614 683 762 846
598 869
9 31 72 82 978 995
316 410 611
150 190 920
224 702
66 461
556 624
8 48 74 91 172
285 910
5 78
2 78 219 228
57 192 312
167 500 560
211 965
19 221 341 617 625 669
8 222 473
12 891
66 174 235 241 431 505 572 595
2 64 785
124 758
14 199 689 876
223 320
151 434
152 204 300 475 952
32 51 248
17 327
116 615
79 385
18 942
432 772
441 460 903
36 220 479 565
118 226 654
399 678 830
4 28 390
20 59 208 590
22 40 285 691 991
53 241 750
33 45 130 132
337 998
76 262 599 824
34 85 308 340 380 655 887
327 820
613 841
73 104 222 230 387
81 95 756 830 908
11 27 69 122 247 916 976
25 77 170 635 783 1000
10 71 118 184 393 657
15 52 162 358
75 175 627 741
10 68 644
82 111 255 322 454
87 157 164 289 346 781 943
107 687
63 120 898
275 769 983
25 246 464 469
281 759
266 334
27 217 286 501 910
18 189
21 37 40
87 129 381
96 834 840
72 371 804
94 134 320 538
151 362
361 607
17 29 50 58 158
73 304 491 533 996
23 54 86 135
22 117 660 744 759 808
13 114
14 70 155 176 252
19 371 531 822
26 63 548 568 870 962
138 637
76 448
3 22 106 309 337 768 775 948
650 705 737 979
89 215
291 896
194 527
414 797
16 471
15 18 35 52 91 105 629 895 924
17 75 407 473 478
91 730
64 265
19 989
14 86 176 536
24 587 703
36 383
24 926
48 754
199 278
26 112
327 670 733
210 715 796 989
185 196
31 57 394 603
53 104
1 24 116 154 581 675
180 292
77 129 215 352 381 461 758
302 922
9 19 43 249 255 308
8 91
114 169 459
19 255
77 301 376 617 912
62 446 630 786 927
60 445 454 666
11 80
12 54 415 503 592 871
3 101 112 153 322 375 445 540 896
10 54 60 486 948
339 966
537 787
601 743
80 101 586
107 112 200 202 498
21 345 413 424 561
15 30 52 171 172
541 937
22 39 106 485
107 200 465
38 55 62 282 678 868 963
76 786
39 555 665 792 833
67 409 795
11 27 748
54 956
257 294 719
6 310 529 728 995
21 35 60 530
156 646
2 27
38 658
188 660
31 54 179 362 378
1 131 268 632 835
130 506
153 268 507
41 234 313 498 847 849
156 215 473 493 646 924
4 223
8 15 466 601 953
32 47 395
5 38 52 178 428 671 844
166 764
48 265
97 444
85 94 394 422 702 746
46 196 942
131 511 549
108 273 483 628
172 729
528 557
232 664
4 490
2 5 145 150 197 518 618 958
33 186 253 294 633
96 174
317 421
399 994
118 788
366 645 984
1 17 38 658
347 382
34 205 422 552
3 48 154 243 739
34 999
65 406 453
66 839
16 234 259
33 48 103 152 344 463 485 537 723
39 344
43 114 208 972
16 35
105 156 533
10 464
261 447
767 954
13 27 80 133 183 198
407 741
10 82 409 454
320 909
50 55 126 159 283
458 490 906
358 519
102 115 124
30 53 222 730
455 524
24 28 151 672 977
44 77
283 329
161 291
31 685
538 793
60 326
2 64 218 305 474
5 183 287 317 433 955 980
37 95 316
382 634
37 112
1 8 229 708
62 228 449 821
111 918
33 39
19 43 102 181 352 367 396 512 635
433 873
195 370 641 871
147 745 881 897
3 243
4 702
26 30 162 642 661 798 875
37 66 107 202 234 687
79 353
18 88 144
62 489
261 848
267 402 637 757
161 887
187 528 860 886 990
6 62 481
160 383
47 248 533 770
15 18 121 182
19 111 139 479 531 565 736
29 453 573
116 163 167 264 543 575
200 693
548 809
213 563
136 596
9 306
71 451 758 802 914
171 486 964
425 638
48 94 103 198 364 422 858
20 150 354 368 653 656
22 56 88 99 808
39 256
90 453
318 632 939
38 205 319
57 97 166 561 610 828
194 423 527 564 911
205 227 516 789
45 187 376 557
203 394 494 560
46 942
103 179 636
7 24 125 701
1 23 42 71 265 372 451 754 917
65 98 108
2 5 279 336 480
2 3 119 168 231 256 339 547
20 242 402
41 92 214 506 883
23 176
51 252 269 334
2 21
244 950
206 597 776
9 16 78 233 361
1 265 563
61 130 849
3 23 146 257 608 681 804 979
34 47 468
186 562
612 686
143 146 202
39 111 199 253 671 694
357 363
10 60 379 561
3 33 152 827
206 275 492
27 100 119 247 298 389 403 568 867
6 62 250 251 700 727 778 809
92 187 285 374
11 27 32 119 961
24 288
162 354 443
58 66 469 682
9 715
29 93
24 347 418 420 439
16 236 267 883 940
153 602
15 156
127 648
18 165
146 203
13 43 69 164 574 640 819 997
413 466
494 560
321 335 355 425 767 954
146 203 216 844 929
260 677
47 94 100 155 245 251 934
45 92 229 688 708
106 188 391 400 894
55 131
58 469 554
6 189 680
7 24 56 58
43 59 130 132 144 374 898
188 271 281 774
26 943
41 59 209 242 285 324 901
250 271 645 927 937 971
39 508 1000
10 70 199 372 751
30 40 150 214 377 492 725 747 784
44 885
6 94 107
343 524
277 297
53 551
49 824
44 368
17 55 137 194 233 345 532 770 911
92 435
11 265 398
468 539
90 98
25 395 397 466
509 710
4 76 550
142 713
1 193 295 722
29 38 430 445
53 172
116 163 585 755
4 49
71 336 850
225 429
122 403 622 936
88 483 592 861
6 23 869
147 240
37 50 126 147 191 564
139 291
401 457
34 310
10 571
1 133 363 429 489 641
21 603
87 103 535 537 612 723
1 78 228 256
1 71 917
54 140 382
41 276 377 940
65 90 820
8 31 810
11 376 516 578 614
26 129 498
321 880
404 841
238 244 295 831
73 91 109 207 307 365 373 458
12 83 415 925
96 186 244 344
278 548
67 211 899
42 140 295 556 710 955
17 29 114 430
4 140 224 919
146 203 534
280 312 366
92 168 690
3 223 253 294 344 349 351 424 719
8 30 121 315 403
57 78 85 174 232 915
48 787
12 83 98 126 342
290 348 727
585 968
610 746
18 782
4 43 86 110 488 800 918
47 252
282 502
44 57 366 385 735
243 300 463 909
4 43 76 102 181 289 420 876
21 25 338
3 416
10 60 351 553
36 169 289
100 334
61 119
9 21 233 259 361 862
53 91 172 182 266 451 510 591
296 712 806
106 845
41 214 501 784 879 960
5 279
38 69 149 391 475
20 45
109 136 307 387 571 591 895
158 292 405 985
51 117 248
39 152
108 127 820 882
56 212
19 330 375 496 822 851
20 135 370 503 956
94 912
65 127 291 330 360 573 587 733
113 754
340 553
341 621 900
124 435 513
40 601 906
28 380
32 269
276 939
2 393
65 90 93 98 135 327 573 676 772
50 465 720 847
79 169 385
276 951
35 52 551 799
309 564
48 96 163 191 243
1 2 44
102 124 129 293 302 835
517 597
23 201
142 321 836 854
127 882
48 581 739
42 56 254 507
132 221 291 346 371 749 857
121 144
7 143 156 426 859
88 592 717
90 127
113 507
82 123 696
20 44
27 61 526
248 269 296 407 539 574
44 190
377 506
6 12 14 201 278 408 429 721 955
37 200
96 152 231
204 544
10 139 627 799 824 977
124 341
81 189 234 332 620 629
69 217 271 277 448 599 916
259 766
917 932
3 39 856
63 286
23 67 737 902
18 482 631
68 173
62 250 853 870
81 756
12 46 224 655 921
22 29 52 53 117
13 141 286
15 52 105 149 458
50 270 712
36 143 146 499
100 546
25 340
169 211 459
3 103 231 253 410 593 930
261 421
2 165 311
79 169 459 874
347 769
33 257 300 349 535 705
5 36 259 534
22 84 774 983
11 49 61 286 319 394 566 709 796
55 147
6 166 245
54 84 88 99 117 861
558 999
25 466
12 160 925
39 72 792
81 95 189 241 872
224 434
18 144 170 181
15 30 35 91 136 148 600 967
28 133 218 323 490 716
14 70 145 212 419 583 732
83 592
159 664
16 510
27 58 247 314 398 753
226 268 329 467
87 108 192 733
85 793
67 211 543
41 124 242 697 780 837 910
836 992
13 205 249 357
22 117
12 35 195 370 672 730 833 851 928
5 43 263
93 418 477
1 145
244 354 509 576 734
546 816
88 959
4 28
180 998
92 117 190 803 892
103 236 938
545 574
9 140 210 460 825
51 152 310 397 558 607 840 875
3 59 96 231
802 892
830 931
5 268 721
12 359 675
184 351
116 264
105 365
54 135 140 370 871
227 916
17 430
7 74 198 235 314 415 418 516 752
31 179 619 987
187 285 313
95 609 773
85 144 162 823 896
410 864
68 100 519
35 207 233
1 20 186 278 313 344 608
40 104 596 638
782 905
127 286 456 487
11 149 623
95 877
244 295
118 120 647
397 745
12 822
20 45 229 837
80 972
7 33 66 154 855 858
59 130
13 21 25 114 232
15 40
16 259 612
7 58
436 927
20 401 518
4 49 64 323 969
102 640
97 105 168 272 300
11 122 389 475
6 156 171 307
266 642
2 45 71 92 262 297 590 611 844
7 24 58 154 502
123 696 921
21 340 571 870
14 28 102 145 225 689
158 333 692
18 63 378 590 618
11 13 61 122 205 398 811
58 74 89 288 682 778 970
98 589 848
52 388 438 493 792
201 536
42 102 183 497
6 55 549
467 933
274 558
28 434
67 353 795 902 965
358 529
46 63 312 724
10 68 246
88 807 866
22 894
67 79 126 874
77 94 495 528 547 966
32 68 100 934
22 48
59 267 688 872
20 722 879 946
36 160
6 33 70 114 593 706 789 834
323 576 696
281 400 609 1000
482 484
355 438 880
41 277 316
27 246 270 712
155 568
32 427
2 5 226 303 474 790
601 638
32 162 310 443
392 422
354 539
58 136 418
375 460 726
157 263
61 101 114 674
84 732 768 894
104 643
95 109 566 994
17 38 356
22 84 417
27 44 110
138 380
154 328
37 603
217 389
135 395 925
72 161 255 331
3 813
14 84 155 188 284
410 436 821
43 89 115
2 5 208 274 318
80 101 173 198 622
252 274 867
55 174
26 87 589 676 865
404 517
128 284 405 524
49 123 279
26 930
37 72 150 210 338
12 83 415
78 850
50 126
209 940
212 337
106 683
82 801 893
175 296 741 776
7 308 907
137 159 345 542
160 738
166 191 764
273 347
67 211 476 514 632
82 108 178 360
57 85 258
32 34 100 421 728
17 29
81 386 756
150 402
72 346 918
85 97 204 515
256 856
580 936
64 219 318 880
8 171 226
72 161
24 66 426 554 572
36 499 986
64 437 832 915
378 979
116 163 200 259 510
176 319
25 920
175 407
655 816
61 176
34 131 350 699 700
10 326
36 160 383
2 268 269 334 395 509 661 763
22 81 515 843
90 271 453 582 772
35 136 239
112 522 922
6 22 83 84 176 281 439 614 846
50 542 699 963
12 31 261 421 447 701
266 770
43 87
177 791
19 546 726
33 37 96 107 234 339 349
178 185
10 21 151 448 603 705 957
16 109 156
193 576
202 720
293 414
25 113 184 208 326 561
28 49 193 346
89 943
37 413 794
325 981
38 690 981
