66
50
18
62
14
55
22
14
18
66
68
50
51
37
38
13
20
10
11
104
57
73
61
30
19
17
82
61
28
25
25
64
60
41
27
18
24
22
54
59
15
11
93
16
14
87
68
58
45
8
71
56
35
35
35
15
5
49
47
38
13
11
21
49
26
18
20
12
10
72
40
22
9
75
51
28
19
17
20
8
15
17
16
14
9
17
14
8
85
47
44
33
17
18
13
20
13
21
17
15
11
12
45
54
38
95
13
99
17
6
3
28
20
26
12
62
48
21
19
93
19
18
81
11
15
20
7
8
24
26
15
96
40
17
39
53
25
36
14
16
61
31
22
12
44
12
94
26
73
45
28
19
22
18
18
10
29
18
24
11
96
85
73
46
44
36
21
17
14
31
50
54
21
15
66
63
31
30
60
25
15
38
15
6
29
13
8
94
58
19
9
36
52
19
19
18
13
50
31
104
48
23
24
17
93
94
58
19
15
21
12
44
31
40
34
37
40
20
19
24
17
11
11
10
5
93
12
15
21
22
38
17
13
39
25
32
19
18
20
11
57
13
41
36
33
16
17
16
18
64
41
25
23
12
20
21
9
70
63
48
24
24
47
23
10
13
45
25
25
17
15
26
27
57
30
22
18
10
35
8
15
10
11
44
25
14
25
10
28
8
28
22
21
14
14
11
12
17
14
5
43
6
9
37
15
31
14
16
17
42
16
16
7
14
14
16
16
21
11
91
30
30
25
13
10
38
17
9
16
9
39
47
17
21
24
18
24
21
61
10
11
9
56
46
31
31
22
20
112
35
20
19
14
13
11
57
47
39
29
12
30
16
11
22
13
10
25
48
17
17
4
30
7
117
67
30
21
29
21
18
39
29
20
17
22
15
17
26
17
8
5
56
37
33
14
22
19
16
13
28
14
33
24
17
21
32
33
15
23
17
18
49
21
29
18
13
19
21
28
23
7
6
22
14
32
20
17
44
27
14
53
20
68
26
20
16
15
31
17
4
7
26
20
18
7
14
28
16
23
7
24
15
41
10
29
27
23
14
13
10
34
13
36
21
18
15
16
25
24
13
19
15
13
33
25
17
33
23
20
17
14
16
18
12
47
44
36
40
12
19
21
8
11
12
15
14
27
15
21
23
18
9
8
19
20
38
24
28
22
13
18
35
8
11
10
7
62
20
20
20
9
64
23
38
26
11
15
14
35
9
12
31
23
18
22
15
16
17
17
14
16
19
9
6
9
33
19
17
17
14
20
10
19
16
70
12
17
13
9
62
9
15
56
20
27
18
17
27
14
17
12
15
46
22
16
13
11
30
19
18
15
14
18
22
21
18
8
10
10
24
12
14
23
26
21
11
22
24
18
13
11
38
11
25
13
30
12
14
16
21
15
28
24
8
19
14
7
13
23
28
13
36
33
27
11
40
31
13
6
30
15
23
14
8
17
16
29
12
6
30
16
10
17
13
28
26
17
19
19
11
11
10
17
23
36
16
9
30
27
23
15
15
17
11
6
18
21
19
17
17
27
18
15
7
10
21
8
17
15
10
48
36
33
26
31
14
13
25
14
14
19
24
11
20
30
27
18
12
11
15
18
10
26
21
20
11
11
18
13
13
14
20
10
13
8
18
10
18
49
38
21
19
11
16
11
8
6
27
13
13
19
12
11
6
24
19
13
15
35
11
22
9
20
8
20
17
15
18
15
19
15
26
42
4
10
4
20
12
8
6
5
23
19
20
6
46
18
20
19
12
30
14
16
6
21
14
9
15
42
11
5
8
14
15
21
8
17
13
18
33
14
16
16
17
12
17
34
20
14
14
13
19
20
16
30
12
15
15
21
8
18
15
15
8
8
14
7
17
18
9
8
12
41
12
18
15
7
13
33
15
16
18
10
12
21
10
20
23
10
9
13
18
30
8
44
15
14
15
25
35
27
21
19
17
11
39
18
12
19
9
20
16
7
21
11
10
18
20
9
12
13
6
19
28
21
9
13
21
20
9
15
7
5
6
7
17
16
18
19
24
14
13
23
15
17
17
22
7
18
17
12
9
17
17
11
15
12
17
8
10
24
11
48
19
11
18
31
26
11
26
6
4
13
20
27
12
11
17
25
24
22
15
15
16
27
11
39
23
39
21
24
23
10
12
30
15
6
17
12
8
16
10
15
12
17
20
15
12
15
29
19
15
11
18
18
18
20
16
11
13
13
15
23
7
20
22
11
21
13
20
11
20
16
24
22
17
13
14
15
14
7
17
11
21
11
13
16
10
11
16
