39
23
28
13
18
20
16
67
40
31
15
27
26
34
21
83
65
24
24
27
3
31
9
78
68
39
36
15
24
18
31
9
15
21
7
27
22
17
29
48
15
16
10
9
5
45
24
10
57
26
39
27
27
23
20
17
7
13
45
16
18
13
37
21
17
14
75
69
66
26
21
20
13
15
13
15
121
24
11
10
48
37
28
16
19
16
8
13
41
23
9
12
11
35
10
61
49
16
33
18
96
17
10
6
46
58
18
22
14
24
20
11
70
59
56
53
40
30
20
50
19
7
9
15
23
25
48
15
14
67
67
66
49
42
40
21
56
25
18
12
16
27
14
54
35
51
37
27
11
31
20
9
11
97
55
22
15
11
14
12
15
85
15
13
43
38
42
22
25
58
32
32
20
38
19
15
18
27
16
13
9
12
42
31
25
9
19
12
14
12
17
27
10
13
14
67
52
26
20
11
9
30
42
9
10
28
36
20
53
47
51
37
40
22
20
64
17
28
13
31
19
19
10
9
8
11
13
12
37
17
5
72
33
22
12
18
23
10
21
26
34
25
17
19
27
8
8
43
33
20
72
38
21
21
38
19
25
19
13
10
37
33
35
20
17
9
12
39
13
9
56
53
10
38
15
43
10
45
22
16
8
74
18
11
24
29
18
6
11
9
78
66
12
30
19
16
11
11
13
14
13
21
100
26
15
7
41
15
9
10
22
22
14
29
26
18
38
33
25
35
10
39
42
22
12
59
42
25
19
33
14
33
24
18
23
20
17
15
46
10
13
38
43
30
14
25
34
26
16
49
44
29
17
16
18
17
10
10
73
22
13
19
12
16
16
67
44
9
11
21
18
35
38
23
64
13
5
18
12
73
20
11
8
10
16
86
59
45
39
24
18
28
21
23
18
42
31
27
30
29
25
20
15
11
15
29
20
20
8
46
23
17
35
11
10
21
95
18
9
7
5
12
18
38
14
34
39
25
22
23
7
23
27
18
32
25
19
7
15
40
24
8
52
36
24
8
56
22
19
22
16
31
20
22
32
52
23
21
20
20
15
11
18
19
16
57
30
19
19
18
40
58
24
13
53
36
38
22
11
13
25
19
8
16
23
13
16
16
9
28
9
21
21
14
12
20
20
31
24
9
16
9
52
44
13
18
14
24
14
23
20
10
18
6
20
19
9
18
20
14
11
17
18
16
27
20
100
35
34
27
19
16
18
12
16
17
20
9
32
23
19
24
17
20
17
28
15
19
27
14
19
69
28
27
17
18
33
62
15
16
16
9
11
46
47
7
51
28
12
17
15
12
20
27
14
12
51
24
17
18
12
35
21
28
19
11
23
19
36
16
19
27
16
21
29
73
12
14
9
58
33
14
15
16
15
16
53
17
17
31
12
11
32
15
11
16
17
36
28
14
17
13
10
34
23
23
19
15
16
21
15
30
8
11
9
18
15
13
10
19
10
15
17
14
17
20
18
16
5
41
9
15
12
12
5
8
15
13
12
16
5
51
23
15
7
35
40
8
63
19
16
19
15
21
15
21
21
10
8
12
11
35
29
16
23
31
26
31
19
16
9
22
15
8
12
25
15
15
21
16
13
16
9
15
22
8
9
12
27
14
22
9
13
30
12
16
30
32
16
34
13
15
11
10
21
14
16
8
16
17
12
51
18
17
22
17
12
11
8
21
12
11
19
27
9
23
8
11
12
11
16
27
16
14
62
20
14
30
17
37
32
12
29
13
37
13
4
32
25
25
13
20
27
28
14
25
7
31
13
20
18
15
13
11
14
13
10
27
17
25
22
19
12
13
25
22
24
16
12
14
14
14
9
31
30
12
12
23
12
15
10
15
7
14
15
8
19
23
15
19
16
13
7
23
17
10
14
8
11
19
14
13
12
21
19
23
14
10
17
10
18
16
16
15
14
14
18
21
14
23
22
17
16
13
22
16
15
19
20
19
14
28
15
15
24
12
29
12
12
12
9
25
12
16
39
23
13
14
13
17
7
18
20
18
20
13
10
16
18
10
5
9
18
7
10
17
13
12
11
14
12
17
12
19
21
23
11
8
27
11
7
23
16
19
16
15
14
15
14
9
8
19
13
13
9
13
10
20
7
7
17
19
14
13
17
19
10
5
20
14
9
10
7
7
21
23
16
11
8
26
17
11
14
19
15
8
15
19
15
10
8
31
14
11
9
19
10
15
19
19
18
17
8
18
15
20
12
16
6
11
13
13
17
22
11
8
18
26
12
16
11
14
25
9
10
7
19
19
10
13
