86
61
49
19
15
15
86
60
58
33
26
17
22
13
23
82
21
21
23
9
65
18
8
57
26
13
96
80
63
46
38
16
55
38
17
15
74
44
16
68
22
19
17
81
60
31
70
36
21
19
74
73
67
57
48
39
35
35
15
61
14
73
87
36
51
36
37
22
7
69
26
27
19
24
20
16
21
13
82
31
38
17
86
70
21
24
27
16
74
57
68
54
18
20
28
18
84
26
16
12
82
40
15
8
15
4
17
4
65
24
49
4
50
10
21
14
86
16
7
15
17
98
29
11
41
10
14
16
16
10
90
48
26
43
40
21
35
18
16
10
41
29
16
12
12
93
35
32
15
17
15
40
27
21
80
57
46
33
40
29
17
13
16
40
31
25
36
28
13
17
17
22
21
40
39
38
22
15
92
17
14
10
12
27
26
30
22
15
9
42
46
22
9
14
29
26
19
15
100
102
19
21
15
14
85
13
8
90
63
26
12
34
10
32
22
9
28
30
25
20
12
87
63
42
28
20
16
47
13
13
82
55
25
18
56
11
21
51
44
19
34
20
17
50
14
21
17
15
15
73
55
28
22
13
15
50
57
28
25
15
7
37
28
20
25
30
39
14
20
21
19
12
13
19
7
24
18
11
14
86
74
31
37
48
52
38
30
21
22
48
9
52
20
8
11
16
5
40
45
16
30
10
4
15
12
22
29
16
17
33
40
17
8
13
11
33
39
15
23
76
19
13
12
26
7
26
18
37
22
22
14
31
18
13
10
27
19
15
15
20
26
17
5
28
15
14
9
20
18
28
10
25
46
73
15
59
35
19
49
34
16
13
18
14
9
17
40
15
60
11
20
11
7
15
12
59
24
93
41
15
31
22
19
6
17
24
17
14
12
22
12
61
9
56
7
20
13
9
10
51
30
12
16
19
31
9
31
21
22
17
28
31
18
19
24
17
21
9
15
10
13
56
12
90
39
36
31
23
18
11
21
42
17
15
16
26
10
12
10
12
24
25
22
19
24
10
25
13
19
33
8
23
11
62
12
39
6
39
18
18
16
16
20
16
12
8
76
78
26
31
23
17
20
15
42
40
34
11
12
13
12
10
52
22
8
11
10
9
8
25
37
29
11
11
40
25
34
17
37
32
19
14
22
16
27
21
16
50
56
31
22
24
12
13
12
17
10
27
50
33
25
15
7
13
11
31
18
51
17
14
19
18
18
14
40
37
33
31
53
20
15
13
14
21
35
22
97
16
9
20
23
12
21
19
33
8
27
7
12
35
26
39
13
15
7
23
16
7
28
13
11
16
9
64
12
21
7
18
10
19
18
13
23
27
20
44
37
23
15
14
37
15
41
10
9
33
14
8
35
10
15
16
26
15
14
19
40
28
10
69
40
39
34
24
18
9
6
10
6
23
6
7
52
16
17
19
7
24
19
15
17
46
14
19
36
20
18
48
20
21
21
12
15
26
12
13
30
17
11
27
15
16
44
16
32
28
19
22
36
26
21
42
18
21
19
16
20
19
20
19
10
65
37
56
24
18
27
13
19
15
26
16
11
14
10
34
21
25
7
8
13
12
10
25
14
12
10
12
11
34
20
17
15
10
38
19
45
12
20
15
13
22
20
13
15
15
16
27
10
44
21
17
16
29
22
15
11
17
61
23
13
8
16
21
23
21
15
14
17
42
25
14
31
10
11
32
21
21
12
20
20
9
21
45
19
18
12
22
28
13
25
20
15
13
33
9
8
14
7
31
13
22
12
13
17
15
16
26
19
16
16
21
16
14
12
13
12
22
19
16
12
8
14
3
9
23
11
12
17
14
27
15
25
18
13
5
10
20
24
12
13
7
8
13
12
18
28
33
25
12
16
13
9
15
31
15
17
15
15
16
15
11
11
18
12
21
15
17
18
16
33
11
16
24
16
22
23
12
12
10
14
4
8
10
26
17
15
8
6
5
21
9
26
20
9
10
17
18
22
14
16
26
7
17
10
11
18
17
10
15
11
11
13
14
8
14
15
10
21
17
16
10
7
8
5
13
18
11
10
16
18
14
12
23
16
6
20
15
13
26
17
8
20
12
9
14
15
12
19
25
17
13
16
30
12
19
26
11
17
14
39
18
8
7
10
9
13
13
14
12
12
10
12
11
18
16
18
14
16
20
25
13
8
8
17
15
17
13
15
6
12
10
23
16
19
13
15
15
15
8
16
8
19
19
11
16
21
18
16
19
12
17
19
18
18
19
11
9
15
18
10
4
8
15
14
11
8
5
7
16
