47
21
71
36
115
41
32
13
97
70
29
34
19
17
33
41
32
38
17
23
99
65
64
46
46
33
24
17
12
23
6
69
22
19
15
16
37
21
13
71
58
36
22
18
44
29
37
9
15
85
10
10
107
16
8
12
99
67
58
59
46
27
21
16
20
18
61
23
19
64
63
61
21
19
10
7
63
59
17
13
30
20
20
20
53
32
37
35
28
67
58
23
35
11
18
76
37
105
61
69
37
19
26
12
17
15
9
7
86
25
19
16
16
50
34
26
19
11
11
14
107
21
84
13
22
18
24
22
15
95
81
57
45
31
21
20
14
19
24
12
17
5
66
32
36
22
25
27
10
14
21
12
23
43
19
39
63
13
96
86
58
44
31
28
18
21
37
13
19
11
60
30
28
20
13
54
13
12
95
34
27
28
26
19
20
46
20
11
12
9
10
21
51
36
22
69
20
14
9
37
15
17
30
23
25
18
11
19
12
23
12
13
57
17
17
35
34
47
20
12
7
46
26
12
48
56
34
26
16
21
23
17
46
34
22
24
19
17
18
23
29
12
13
35
15
14
14
16
54
31
19
27
19
16
18
13
10
13
7
11
15
68
46
4
17
5
28
35
35
21
14
22
9
18
12
15
16
13
72
42
41
17
16
11
36
9
41
20
21
12
32
29
28
33
29
14
21
24
13
22
17
36
39
32
10
16
22
19
14
8
9
57
11
64
40
27
39
6
37
7
14
16
30
20
45
28
22
15
16
11
85
48
43
35
14
14
20
19
71
35
25
35
15
17
8
21
20
13
14
18
11
12
71
41
28
21
15
23
13
10
7
33
15
13
25
13
21
16
23
92
27
19
15
16
11
11
32
28
14
23
13
18
24
16
8
60
28
27
13
20
22
17
20
13
17
11
106
20
10
9
71
22
21
17
13
34
41
19
17
8
57
46
27
12
25
29
15
44
33
19
26
16
10
31
20
7
10
21
9
5
14
10
15
8
56
25
30
15
10
28
11
12
30
15
21
21
23
35
17
12
58
33
19
33
23
19
19
15
13
38
32
58
13
15
18
16
19
34
31
29
6
12
10
26
12
22
21
30
19
8
55
38
30
27
17
53
26
64
15
27
20
12
14
11
55
33
28
18
13
21
10
14
36
16
12
9
50
33
20
25
31
7
33
15
17
16
12
37
33
21
13
11
26
14
9
21
22
33
16
14
17
23
15
10
16
45
34
18
19
20
56
32
9
20
35
15
17
23
17
24
19
18
38
33
28
9
67
28
29
31
22
13
9
26
23
7
10
8
35
18
22
9
14
21
35
23
33
11
17
10
52
56
32
19
16
13
11
5
16
48
31
22
32
31
22
14
34
23
19
12
23
9
36
16
18
34
14
11
19
22
4
55
19
16
22
8
12
13
24
15
10
52
60
29
19
15
15
19
24
9
38
8
14
16
6
36
17
9
18
31
26
19
13
13
16
6
18
5
28
8
23
17
17
24
15
31
12
12
8
15
14
7
37
18
15
14
41
37
15
9
14
13
23
17
18
18
15
18
20
10
14
66
18
24
11
25
19
16
15
10
16
17
25
31
11
10
6
11
35
12
23
18
19
51
27
9
13
10
23
10
20
7
6
24
26
6
18
30
27
19
8
18
18
15
21
4
12
18
10
13
14
17
9
15
9
16
12
15
20
10
17
22
36
23
17
12
21
25
62
28
17
30
14
27
19
18
34
18
8
6
13
12
15
15
21
13
17
11
31
34
16
40
38
20
27
16
13
16
14
12
26
12
16
23
40
24
22
12
9
14
14
23
18
28
23
11
4
20
14
7
13
18
14
25
34
20
16
15
15
5
20
17
11
13
19
10
13
17
20
19
26
10
10
18
16
12
21
15
5
22
15
17
36
20
10
40
14
15
27
25
14
15
18
8
16
24
12
14
11
6
19
12
13
11
23
16
13
19
15
12
19
52
17
16
23
11
21
8
12
10
21
12
10
19
14
4
12
25
8
9
13
18
27
12
10
12
23
5
14
11
13
16
17
14
5
17
11
15
21
14
11
17
14
23
9
15
15
29
10
24
26
8
16
17
11
10
24
23
16
21
15
19
16
14
14
11
14
8
9
12
13
8
11
11
25
18
19
18
12
17
8
15
15
19
12
17
10
13
11
16
17
13
15
9
22
19
19
17
18
16
22
21
24
25
13
17
13
11
14
18
10
16
11
20
13
8
7
15
11
11
17
7
18
13
16
18
4
5
12
11
10
17
11
8
7
9
15
21
12
14
