8 37 92 216 335 560
28 64 112 166 401 601 806 930
1 34 188
8 42 349
25 387 621
47 138 171 185 714 748 806
44 116 205 326 522 643
11 13 48
137 254 429
155 353 389 783
103 724
49 317
67 117 165 175 300 365 995
94 440
4 209 329 973
195 241 462 469 518
68 70 269 282 698 699
67 117
11 62 758
8 31 80 139 221 628 690
21 298
8 334 365
63 179 290
5 109 265 371 437
2 49 110 135 215 389 422 656
193 508 660 868
81 571
196 369
98 315
50 79 132 272 312 470 507 588 593
34 188
72 355
39 46 270 324 642 700 885 912
25 77 87 175 387 740
45 75
7 44 164 196 230 418
343 484
11 217 962
25 146 283
91 557 989
11 200 376 845
138 269
49 79 457 512
43 181 281 589
58 592
5 168
21 53 118 136 216 725 883
140 379
494 553
31 53 74 80 167 261 288 596 876
47 149 991
4 393 486 597
101 191 276 581 898
15 196
108 402 666 813
1 5 85 168 215 224 437
240 785
9 35 229 454 796 882 955
21 205 307 937 963
14 51
8 14 53 485
148 209 786
5 44 541
26 89 210 260 428 525 902
108 249 615
191 566
16 44 228 427 439 795 807
76 106 265
38 268 994
107 377
69 339
12 49 164 241 370 511 515 712 796 831
78 84 489 676
22 825
22 123 132 136 156 269 385 615 638 897
23 66 351 947
180 257 367 504 506 994
138 424 860
11 13 88
1 34 77 148 293 520
31 152 288
263 267 380
6 245 469
36 205 768
22 50 136 187 190 191 698 710 804 814
33 108 201 249 481
37 718 909
191 496 519 531
54 93 372 376 829
701 998
28 54 112 162 285 517 657
21 47 168 179 572
52 104 109 151 798 854 950
585 842 952
121 139
68 144 210 641
609 736 768 987
468 877
24 161 905
9 35 85 102 289
30 59 71 77 189 264 613 781 880 915
7 312 671
91 728
53 62 81 152 221 300 445 494
114 275 670
14 141 410 567 734 737 954
54 87 146 387
60 65 125 142 151 174 224 601 826
63 305 576
7 56 595
11 270
131 136
7 10 18 379 436 847 888 935
510 541 939
37 39 113 190 673 723 735
6 211 222 876
164 226 450 633 903
21 80 197 287 307 352 390 861
566 771 929 959
33 74 113 195 213 235 251 390 637 949
24 43 161 539
26 100 209 289 297 329 353 552 681 726
103 150
37 443
363 368
29 40 48 129 156 279 603
6 300 726 858
433 627 709
6 33 41 143 498 749
414 722
127 824
27 39 106 214 277 283 478 910
72 526
66 169 316 392 410 425 911
12 19 75 120 238 425 720 886
17 135 961
28 132 135 171 239 308 408 652 761 887
186 355 759 924
2 68 78 83 233 251 518 554 969
36 91 248
64 75 120 173 475 922
224 315
116 398 556
116 128 618 663 754
19 23 64 943
18 383
20 21 852
12 236 248 442 545 936 980
169 313
47 332 402 430
34 114 138 204 328 440 441 730 936
171 500 581
64 120 720
47 197 298 306
11 82 116 244 538
294 399 713
13 181 604 705
173 669
32 41 76
10 55 84 114 140 340 383 384
9 104
47 133 179 204 363
21 47 146 163 197 460 611 651
111 239 383 935
31 434
325 473 574
233 373
95 395
122 301 372 461 626 946 993
189 302
10 13 70 82 128 217 278 301
6 13 26 178 222 319 353 866 964
33 360 377 510
10 508
7 9 76 397 416
20 153
10 119 225 445 474 977
6 17 174 392 488 656
9 87 290 463 593
35 121 198 445 890 998
22 63 67 68 81 131 490 911
56 178 328 678 751
36 61 101 259 645 660 751 823
2 58 110
46 57
91 220 610 727 890
28 40 136 166 604 607 624 707 806
115 196
45 64 75 691
12 114 198 242 470 496 766
166 210 359 378
17 160 245
243 351
538 568 938
11 618
125 826
112 130 291 561
638 686 882
2 23 142 248 336 519 596 819
22 68 123 359 408
289 380
54 177 337 810
487 684
842 964
82 128 948
69 512 783
83 150 322
40 166 171 210 664
2 8 58 67
27 39
267 296
98 414 476 722
118 133 204 216 292 651 738 963
179 287 413 562 778 794
12 276 500 899
41 167 183 305 377 815
50 262 465 884
10 702
60 151
182 228 342 443 672 869
229 529 636 654 857
4 38 80 288 345 628 889
13 446 777
100 555
13 48 82 646 839 908
147 339 563 564
79 511
96 370 477 493
107 140 829
49 96 256 317 790 975
53 81 334 376 434 690 904
28 39 45 50 132 138 374 464
311 326
2 346
643 744
10 376 680
137 250 402 915
22 187 453 607
17 52 104 109 119 388 586 608 769 903
36 347 409 536 596 713
497 521 530 631 949
36 212 236 771 896
26 329 353 661
6 118 172
121 233 460 795
17 809
317 577
29 48 253
4 8 32 67 74 81 169 192 208 730
33 41 215 304 342 411 705 891
100 677 681 983
9 102 272 764
4 15 16 44 69 105 243 314 524
7 102
13 28 220 312 431 964 986
33 63 227 310 356 677 876
14 77 172 189 669
23 181 333
409 442
287 651
3 153 199 451 581
2 139 194 373 914 938
94 399 796 940
4 393 888
173 303
4 29 263 475 787 877 900 956
90 412 573
22 68 282
71 616
4 14 24 38 53 181 211 249 567
174 250
43 121
297 417
94 959
7 26 35 52 105 855
7 35 52 101 385 450 689 715
15 44 48 253 263 296 415 560 726
27 207 277 325 406 507 556 910
22 100 126 454 686 835 849
149 196 230 314 347 979
5 193 375
1 108
533 589
15 49 105 115 1000
580 619 640 966
276 871
7 41
20 43 108 121 250 435 540 967
3 71 172 622 722 932
325 361 467 473 574 683 706 830
2 8 38 117 257 262 286 393 553 978
16 105 159 242
9 23 26 49 79 97 431 540 577
104 220 312 343 540
63 462
1 33 74 81 165 311 361 760 767 812
9 25 164 203 448 715
5 114 490
3 59 836
53 192
176 215
49 72 196 256 579 841 858 928
100 426
55 914
2 9 60 349
80 169 321 391 730 951
14 16 88 96 524 605 609
1 144 756 824
83 113 150 184 251 474 664 770 776
4 32 74 566
19 45
20 29 296 358 620
42 43 237 249 381 437 485
46 92 118 163 179 205 266 292 821 894
69 223 496 542 547 577 870
69 97 169 432 489
39 42 126 152 197 228 310 687 851 852
3 77 744
147 231
350 842
92 184 225 234 413
82 217
100 636 857
12 276 328 336 442 500 670 771 870
47 56
256 330 790
388 478
457 525
56 73 574 865
14 473 613 789
106 225 971
99 115 817
124 177 182 461 658 659
85 563
63 235 368
12 36 50 63 114 276 409 699 750 870
7 41 44 90 106 412 487
83 518 770 774
9 92 104 490 499 639 850 929 936
89 539
3 77
453 843
55 691
821 962
9 528
63 107 292 352 847
59 405
85 176 207 319 572 573 894
3 30 535 913
5 43 145 862
5 222 238 319 981
295 525 621 782
39 101 755
20 244 330 407 719
1 34
48 201
248 458
4 542
8 32 185 221 587
5 73
429 575 739
11 89 93 116 278
20 46
8 94 101 165 336 542 597 901
716 887
609 655 989
230 512 711
72 202
35 203 323 483
12 173 302 694
148 188 634
277 324
23 40 129 142 589 749
1 34 77 88 217 342 349 495 756
15 230 240 951
34 49
29 267 644
167 375
579 584 830 873
3 10 12 165 236 258
20 244 246 347 381 605
162 304
131 659
12 991
254 430
273 297 550 557 679
394 700 735
112 194 225 252 420 484 485 986
27 37 274 443
43 862
554 724
76 104 109 143 229 371 971
261 288
24 77 161 952
8 15 27 62 154 262 818 956 978
65 451
354 404
184 213 515 545 570
61 73 477 550 576
78 373
93 95 935
50 594
30 39 59 125 140 199 433 565 741 762
11 57 270 300 342 482 509 522 693
26 70 131 133 201 486 534 965
161 341
13 70 234 446 474 514
16 39 115 214 459 630
265 397
126 529
23 90 142
38 313
93 128 829
41 52 164 377 532 572 675 685 808
69 147 330 907
297 875
170 295 428 649 668 782 902
195 854
126 403 555
33 107 183 398 891
11 33 57 70 82 128 167 200 693 917
7 97
112 131 136 503 953
8 201 254 332 528 583 601 720 764
81 494
12 36 397 449 463 906
390 768
4 32 67 74 185 695
143 284 293 369 823
1 24 109 148 164 345 633
96 928 975
14 20
240 337 396
4 38 62 170 218 365 799 994
19 35 66 67 74 404 456 575 583
287 647
221 653 772 908 999
162 186
46 298
14 59 141 271 302 303 721 734
19 120
122 892
127 175 258
31 81 91 193 218 468 527
137 237 254
15 293
88 161 281 444 639 655 839 895 966
434 797
21 335 850 872
181 386 482 548
59 172 189 257 606
4 133
326 582
164 366 452 595 945
46 163 204 562
35 52
401 791 943 981
387 960
38 192 297 333 417 491
29 89 118 213 413 802 861
16 44 206 347 379 438 503 696
795 919
240 785 864
415 476 733 743 786
33 63 102 119 371 377 426 677
6 222
34 61 65
70 582
11 87 127 175 523
149 173 252
25 127 523 735
58 740 826
51 141 156 302 734
27 182 356
759 775
27 55 83 84 103 207 453
27 667
102 103 150 322 518 546
281 736
43 91 399 931
27 219 955
33 41 44 183 242 243 290 760 997
62 130
206 351
366 420
40 111 154 278 358 501 629
76 252 282 452 712
69 79 111 507 840 841 907
29 244 364 644
11 482 845
111 375 917
19 64 120
106 551 715 998
24 316 350 879
30 202 294
15 51 178 193 606 939 983
83 361
1 148
1 49 148 284 293 369 711 970
168 215 235 329 614 982
107 305 815
10 202 548
122 137
549 996
59 172
13 201 813
83 299 322 469 514 698 709 776
85 168 176 234 357
642 784
38 60 70 98 242 281 311 451 587 844
122 301 892
428 925
227 591 929 950
24 59 288 327
127 170
60 98
1 34 50 171 273 314 489 495 810 827
10 254 258 332 429
21 133 149
3 30 325 585 985
7 54 95 186 193 304
25 87 391
27 37 214 228 274 324 362 687 941 955
112 124 177 291 331
4 42 55 88 130 233 262 365 797
116 311 817
26 56 89 593 661
36 411
323 653
31 42 262
66 120 243
46 537
668 747
487 675
37 348 630 869
1 520
83 320 510
56 439 778 830
59 66 232 237 382
3 6 18 120 163 178 266 559 590
5 160 217 309 502
3 30 86 113 125 214 346 832 853 949
87 110
114 623 871
89 127 185 232 534 973
49 256 511 836
405 681 686
162 201 883
127 146 175 216 356 394 632
36 670
9 35 483 816 855
90 298 625
134 900
163 738
54 55 123 162 255 258 337 564 828
15 24 117 130 268 585 803
2 58 133 160 265 480 484 608 706
1 4
117 695
15 16 20 140 152 230 383 495 971 976
6 112 471 728 926
33 46 90 118 163 287 352 368 675
32 62 704 877
51 303 479 646
45 792
99 552 679
161 338 897
599 984
159 354
16 125
128 386
182 818
11 69 79 93
60 627 732 745
10 193 498 977
447 485
187 291
2 961
157 354 957
22 849
124 615
160 260 373
23 129 241 268 448 533 592 816 916
105 115 230 838
105 115 351 506 757
22 27 54 177 186 269 339 440 564 594
26 84
3 14 51 141 149 613 954
26 57 973
123 561 571 603 617
212 519
55 109 702
98 650
220 463 578
40 194 424 524 605
25 87 146
32 42 180 465
15 24 161 338 879
159 676 927
607 804
37 912
72 79 155 203 418 477 502 614
8 42 45
65 568 895
23 167 317
32 42 90 218 306
559 622
157 805
2 487 809
16 1000
374 400 481 860
280 409 515 623
86 173 237 481 933
121 274 284 673 784 956 984 991
23 41 98 154 188 349 476 509 703 895
99 652 801 958
6 68 94 100 126 139
24 106 327 541 602
78 395
58 160 176
2 17 662 958
134 176 678
26 89
22 50 68 144 194 252 378 571 607
45 382 650 834 953
48 134 289 296 728
11 32 145 403 529 654 882
93 509
126 229
353 438
137 933
10 18 156
37 283
43 145 248 819
145 923
38 221
70 116 144 326 602 699 893 918
22 61 467 544 599
19 901
158 339 657 660
2 934 938
26 89 341 438 965
60 309 315
250 357
54 147 450 626 645 658 742
157 329 344
12 31 268 294 331 384 411 458
28 144 638
36 72
210 640
113 453 536
22 131 213 421 532 748 750
19 92 213 573
52 76 225 578
31 112 144 207 208 504 567 654 848
5 96
7 9 80 226 388 431 484 540
17 515
22 34 40 282 291 503 624
3 19 51 55 84 199 200 892 988
4 80 117 185 268 692
156 424 835
306 390 647
66 141 382
27 111
3 141
70 200 582 844 868 966
128 181 216 446 551 828 838 868 992
29 122 253 263
18 95 157 544 990
43 244 309 407
115 242 314 320 427 757
37 39 214 423
9 198 447
202 629 840 871
89 534
1 25 38 64 283 326 523 780 824
57 90 181 538 703 886
232 332 357
66 84 410 912 914
89 295 650
71 101 500 657 896
63 152 569 815
91 99
143 285 337 563 920
17 881
159 354 676
69 199 424
19 75 316 338 688 791 834 921 952
177 285 396
13 52 192 404 446 950
260 308 422
145 754
5 17 60 85
242 295 320 747 782
21 219 687 909
102 113 198 450 470 480 501 548 610 945
18 19 86 95 247 280 379
5 82
139 467
56 108 185
138 291 763
7 15 68 115 343 543
26 233 294 493 661
499 794 808
12 31 32 53 884
85 86 589 600
90 133 179 205 685 802 937
96 97 215
16 61 105 541 543
1 75 401
1 73 91 188 293 707 827
155 674
48 122
34 40 284 846
54 158 498 505
19 45 382
436 919
23 25 167 667
13 35 70 78 106 200 226 386 727
25 295 649
55 69 97 257 303 470
66 192 438
9 35 109 203 418 727 752 764 766
32 55 78
48 209 380 644
136 144 408
5 85 130 153 168 176 566 584 804 982
27 39 154 277
12 101 396 777
104 323 793
385 986
8 37 61 190 261 300 348 555 602 889
72 226 318 344 355 395 448 999
551 562 593 872
122 811 867 893 927
16 22 171
3 172 189 558 836 880 988
10 18 290 383 436 462 522 586 637 702
15 65 224 315 627
138 210 292
421 851
134 431 733
20 134 289 415 454 475
57 84 280 318 559 792 913 953
930 943
4 53 67 218
21 90 91 145 204 599
57 499
103 184 207 536 833
119 209 366
7 528 586
56 746 873
120 129 184 188 369 934
40 154 362 968 969
279 289
253 263 370 674 974
7 104
117 587
30 37 308 348 852
517 897
46 808
170 732 960 965
72 157 344 355 395 775
1 34 284 756 985
23 142 667
72 157 367 856 957
176 246
13 64 66
31 334
339 718 926
16 73 266 524 729
265 449 701
1 972
3 77 86
25 99 146 269 291 523 875
45 186 425 475 492 743
19 66 238 259 280 396 492 601 645 993
62 135 146 192 478 598
101 255
159 355
1 184 827
304 372
80 825
39 779
46 47 156 166 390 421 641 878
25 394 611
47 216 352 368
76 366 388
64 238
15 44 47 197 199 307 439 668 719 817
19 21 226 272 578 701
2 488
37 219 414 443 850 909
165 553
84 340
8 42 73 165 235 285 334 514 709 970
2 271
6 20 85 245
13 281 777
10 18 37 71 75 211 243 471
30 54 94 186 266 547 689 823 926
372 461 527 807
37 182 274 394 779 788 885
184 299
73 778 873
30 101 336 840
186 527
1 34 148
30 199 781
6 12 336
163 213 413 532 534 537 725
24 879
22 28 142 617 641
14 51 405
31 122 137 237
177 455
13 57 88 93 432 448 646 680
12 71 223 363 531 596 626 864
56 99 331 333 345 366 449
259 864
94 212
1 5 153
23 375
32 313 758 803 948
76 385 418 478
129 416
29 38 125 591 692 714 762 799
29 65 753
27 39 115 283 310
24 327
94 223
849 875
3 30 271
18 95 178 316 508 544
6 20 222 364
367 614 856 927
14 19 47 249 513 933 996
760 838
83 103 406 536 663 774
7 25 630
65 190
88 386 582 604 867 918
17 598
11 13 278 604 812
143 240 285
2 76 154 187 228 236
5 153
32 38 74 169 257 313 567 820 972
49 69 88 97 155 330 389 457 570 907
32 53 81 261 694
8 57 412 465 591 904
255 331
179 335 611
97 119 945
47 872
281 333 557 801
4 309 334 619
29 263
157 159 194 344 526 805 924
69 219 356 362 423 723
111 224
79 507
173 189 275
3 634
2 260
12 251 843
19 52 563
373 648 688
123 144 218 603
58 132 135 147 231 378 662
44 183
53 72 158 159 231 250 344 526 924
22 406 469 570 798 846
229 403 529 577
51 737
71 789
73 822
2 634
2 100 156 187 194 617 773
60 151 180 476 495 520 635
219 274
752 855
25 175
20 244
111 129 241
246 247 364
580 878
380 974
174 222
4 45 130 321 387
103 267 277 310 673 769 776 898
78 648
73 277 286 419 464 731
61 247
6 22 132 136 140 878
20 158 247 381
6 68 174 561
109 119 129 182 323 588 708 866 999
28 50 156 235 290 555 580 863
71 86 149 302 360 516
12 62 294
23 25 139 717 821
204 292 363 739 963
10 18 223
11 70 113 195 278 312 697
33 53 126 403
23 52 65 76 113 360 708 903
3 616 822
3 618 721
88 251
31 165 769 774
17 58 159 234 697
5 206 351 437
8 32 38 286 486 628 995
90 352
3 24 149 338 479
4 466
550 898
123 138 210 374 591 609
26 341
61 731
45 64 280
48 134
1 14 275
295 341 539
29 74 92 209 444
26 79 96 501
50 187
43 91
146 270 447 744
18 471 983
16 17 270 346 422 482 592 717 961
10 18 178 245 384 888 919
120 374
111 129 142 434
121 648 754
103 304 742
81 825
17 111 260 632 859
29 42 309 874
17 488
5 34 148
299 497
82 680
3 71 141 172 479
150 570 724
108 137 170 301 428 575 995
11 217 693 992
140 548
32 690
56 211
16 51 105 188 799
67 152
9 35 967
12 41 231 466 989
400 547 846
7 15 125 206 243 358 732 746 757 931
28 857
4 8 180 430 978
194 359 652
172 266 273 325 419 731 746
197 421
25 175 322 554
464 996
3 86
5 94
3 99 552
29 42 177 226 253 259 797
92 292 997
147 337 455 505
4 31 185 221 261 321 393 741
179 287 546 684
471 569
25 182 219
286 692
5 140 168 678 787
196 206 314
324 818
15 124 359
1 31 44 105 612 976
8 38 119 711
62 74 192 208 365 597 848 884
123 124 131 252 265 378 763 863
28 124 131 313 324 362 400 472 503 773
71 141 459 535
92 532
157 367 775 957
2 58 665
17 139 308 665
45 64 75 714
65 238
21 92 197 499 546 920
230 439
36 56 191 212 273 419 550 579 819 899
104 452
114 155 276 695 906
103 942
29 521 663 762 833 942
432 460 502 831
28 58 317 460 512
12 36 133 204 239 412 441 537 639 739
145 590 984
386 703 992
73 751
10 127
400 594
642 672
4 486 504
20 381
15 16 124 233 320 543 605 624 723
6 13 211 705 880
46 163 684
679 958
12 501
332 430
102 603
130 208 491
252 798
2 110 598 809
20 435
5 177
427 939
54 142 180 208 820
14 33 48 61 134 452
40 112
234 251 361 372 697 843 990
87 175
3 21 236 363 513 514 560 572 685
42 53 62 74 130 306 504 848
42 286
52 92 671 816
95 155 436 544
30 63 183 261
21 47 118 335 546 625
33 107 305
218 264 745 894
27 214 256 356 511 598 784
6 8 14
109 203
1 65
30 51 59
170 902
94 114 490 542 940 985
113 299 521 683 770 811 833
6 620 780
126 454
255 940
56 61
143 411
11 655
106 166 198 203 343 371 610 752
41 426 569 891 982
24 327 585
108 232 249 338
27 279 370 468 841
7 198
43 145 205 590 802 861
78 96 233 340
28 708
23 531
190 283 310 362 885
34 86 913
54 883
38 63 180 328 858
155 370
15 61 473 574 584 707
28 50 110 123 139 166 346
85 195 435 530
62 255
41 141 149 227 264 318 516 535 928
31 466
3 98 151 397 480 595 622 672 761 979
46 306
15 105 506 543 606 696 947
29 753 807
132 517
219 274 526
83 406
60 315 874
98 151 224 433 666
234 635 637
9 30 59 271 483 565
18 55 78 258
96 389 472 755 783 905
55 84 119 340 483 688
228 700
21 28 46 837
665 881
5 17 79 97 117 256 293 422 942
148 284
13 918
103 631 649 683
60 925
40 171 229 374 710
58 107 110 135 307 551 569 656
253 743 896
137 195 207 378 497 530 568 631 635 854
19 45 343 834
7 15 16 76 225 371 528 653 793 1000
131 647 725
152 189 321
237 250
36 50 571 959
7 76 110 160 736 759
238 280
296 415 786
40 282
14 28 112 116 132 171 477 517 619
57 845
3 4 30 264 491 616
17 93 288 342 496 602 812 844
214 254 348
167 202 241 493 533 581 803 859
6 21 96 211 222 247
2 57 68 135 166 220 592 977
228 556 594 788
2 318 479 558 600 682 748 853 932
51 67 264 345 682 741
20 246
1 8 52 80 81 345 349 468 916
65 269 721 835
20 246 282
21 64 174 213 319 364 814 962
30 77 95 513 758 869 932
48 733
190 968
61 98
150 207
7 9 26 239 480
129 831 975
6 174 203 211 245 319 740 749
72 354
31 36 51 160 717 934
620 780
14 42 62 86
44 94 135 191 202 441 519 545 899 980
86 107 205 560 738
60 98 125 279 296 745
549 579
41 465 612
42 117
29 45 48 75 143 147 158 162 455 886
9 10 106 140
6 245 257 814
12 35 102 191 307 358 713
130 221
40 67 123 124 710 860
170 391
316 392
20 77 93 246 247 364 380 407
273 584 729
73 464 549 822
14 271 350 405 682
2 49 110 341 790
43 145 467 862 923
40 138 202 272 773
35 761
47 133 216
19 64 79 763 930
91 121 508
10 11 95 176 193 384
99 516 600
6 39 190 195 299 718 863
3 77 173 275 360 781 789 910
21 46 90 537 562 568
35 101 440
127 146 322
407 837
59 669
26 810
8 18 92 531 765 970
100 414
89 388
8 321
20 34 381 502 793
49 110 135
212 223 248 255 294 328
621 747
43 73 236 419 458 549 623 906 923 946
16 115 134 267 279 459 865 900
9 27 198 445
75 425
30 65 553 559 587 600
18 82 608 704 706 967 968
10 458 980
150 208 234 361
29 48 84 134 410
14 303 580 969
3 14 51 71 149 199 271 558 565
153 435 874
16 951
41 183
110 260 595
21 118 231 240 285
14 30 71 516 565 694 742
161 327
24 358 420 588
25 87
37 39 154 275 318 360 558 689 755
102 126 586 787 941
78 489
6 16 27 606
1 223
40 212 664
9 239
474 521
23 24 389
225 232 237 385 449 456 588
279 416
5 24 168 509 538 696 832 911
23 44 375 917
4 18 67 178 331
10 18 80 150 169 180 494 612 889
27 28 39 187 530 779
31 152 180 262 466 921
28 750
25 80 765 944
8 40 50 124 136 268 659
54 158 270 461 492 987
367 805 837
9 158 162 578
26 106 153 215
74 78 597
333 417
46 266
153 832
54 108 137 301 575 666
223 236 442
455 658
35 143 828
158 239 259 463 492 505 608 785 993
51 84 86 99 497 893
16 320 348 359 423 865 947 976
118 625
11 88
93 122 232 278 357 456 539 716 915 954
58 72 224
2 35 125 674
32 165
65 151 451
13 57 116 767
2 5 6 17 85 128 162 174 432
147 564 920
178 384
36 70 114 712 772
99 801
55 340 556 583
1 369
23 97 111 142 416 533
258 335 493
169 227 944
42 218 491 901
2 53 62 308 972
57 867
32 227 286
31 208 227 404 792 921 981 988
55 66 231 382 401 498 791 922
4 227 820
1 78 753 839 948
36 154 200 212 399 765 941
12 36 545 547
298 368 573 856
24 851 904
5 56 61 147 273
7 9 272 323
220 447 633 800
2 17 58 75 83 139 144 160 561 859
259 946
108 232 357 456 481 813
10 11 13 82 88 116 181
7 52 104 226 272 671 704 800
554 990
38 87 346 391 505 662 788 960
15 44 347 427 506
97 330 457 576 632 866 905
17 23 167 241 719 853 881
931 979
26 107 290 997
164 170 441 472 525 925
420 772
16 206
22 43 121 590 599 890 937
60 100 206 229 423 527 800 847
18 113 811
19 45 75 583 691 922
48 267
33 305
49 155 231 472 576
52 102 109 916
297 417 552 557
59 220 488 535 737
11 13 128 264 444 513 908
25 34 520
82 93 200 376 444 629 716
56 729
50 640 944
275 459
13 41 87 183 235 462 766
209 974
18 95 151
24 311 350 392 510 767 794 987
19 22 66 201 402 429 636
107 398
57 119 217 522 643 887
10 18 33 41 63 235 379 398 426 433
24 68 132 143 350 408
