4 71 82 103 260 277 486 737
4 244
242 998
328 728
363 692
622 896
449 919
100 330 501 535
141 151 507
16 33 150 152 362 392 437 439 642
32 49 72 78 145 185 231 709 855
3 36 69 487 722 800 977
89 564 723
29 191 307 517 591
433 659 835 891
3 10 17 178 203 447 478 516 631
8 73 200 265
5 9 12 76 114 242 429 512
47 63 201 222 390 594 595 698 926 964
33 57 167 403 498 509 610 981
1 23 49 57
17 625 953
1 682
11 362
9 26 125 262 380 427 612
112 483 752 852
16 30 102 251 443
500 529 830
259 306 311 535 942 981
78 145 623 643 764 805
6 22 94 346
45 665
6 11 55 272 284 409 612 683
47 172
58 70 532 912
26 39
121 166 287 892
80 414 548 690 963
21 133 576
86 175 302
13 42 377
2 297 593
179 701
10 358
27 48 77
64 111 190 852
31 714
237 466 583 601
23 31 282 374
51 99
2 53 88 118 260 328 831 858 976
22 600
80 119 217 737
67 77 146 241 291 365 637 812 904
66 290
73 142 268
16 51
5 90 320 355 367
81 197 640 849
341 493
342 843
2 36 69 93 180
3 6 66 257 380
182 192
110 130 293
349 846
102 113 181 183 359 803 953
331 356 631 858
12 39 242 628 759 949
22 63 165 295 439 584
164 284 371 510 518
45 990
26 75 214
14 41 50 58 162 311 462 611
8 11 602 869
35 194 455
5 136 604 759 902
74 361 438
29 34 62 77 174 285 291 603 805
351 451
1 68 182 193 216 503
2 60 109 273 766 780 987
734 894
4 13 19 140 182 225 283
105 109 171 496
26 75 202 213 241 792
13 114 138 175 447
146 213
10 22 101 276 405 446 450
4 220 468 790
15 34 213 218
6 84 89 431 695 788
59 681
82 554
11 81 287 529
7 9 22 27 31 38 133 173 323
3 17 18 36 60 389 885
136 731
9 334 480
9 34 86 229 281 409 595 655 873
94 165 205 247 773
295 380 427 442 492 704
55 199 640
80 556 800 867
106 448
110 837 872
38 375 897
29 934
133 344 857 924 942
20 65 226 320 512 826
58 194 218 238 292 377 542 882
65 74 177 265
77 83 236 288 504 811
92 299 324 336 537 617
10 107 114 269 457 513 679 762
2 88 634 777
68 105 109 269 351 504
53 238 318 325 421 751 862
81 388 511 733 795
143 221
7 42 76 211 333 407 542 991
38 183 214 472
23 55 185 300 399 402 695 862 907 999
196 303 917
9 17 38 327 385 648 901
4 40 43 202 264 666
14 33 53 128 529 632 907 959
17 22 66 267 333 439 486 736 758
1 28 133 371 644
8 59 552
42 508 916 978
12 13 96 141 884
422 447
5 44 64 202 204 317 666
54 59 86 139 210 302 307 913
77 813
61 351 411 503
26 27 365 728
63 123 383 469 621 633
19 56 65 84 87 91 167 387 560
25 28 64 150 247 296 384 670 977
92 850
4 285 847
8 59 582 660 789 814
25 96 954
2 27 101 107 130 308 521
37 549 571 661
102 153 255 824
139 458 510 909
70 137 141 245 452 980
6 41 598
272 435
18 834 952
29 78 407 507 761 952
19 244
133 686
143 221 500 674
19 691 746
9 31 213 314 357
62 75
1 703
193 451 491
23 118 221 252 366
23 49
32 477 509 640 711 732
296 550
74 95 130 352 856 879
3 93 373
39 92 804 860
217 274 380
58 253 311 971
537 968
6 9 61 90 191 527 829
8 54 66 200 226 227 512
52 71 103 641
88 130 187 327 384 976 992
38 107 276 487 533 945
120 721 751
20 200 256
40 499 500 823 840
5 36 145 362 519
55 78 88 147 442 553 680 776
14 16 22 574
112 483
10 179
175 235 307 335 974
187 229 386 561 760 859 992
60 107 147 596 656
8 54 119 133 349 481 518 618 686
53 85 172 245 274 443 614 911 934
87 240
474 687
5 7 335
86 139 148 210 743 895
23 56
30 269 890
4 194 292 410 759
12 65
212 420
129 364 675 763
21 30 49
9 72 166 296 448 466 817
108 955
173 748
14 563
10 230 270 373 902 945
81 84 167 310 553
392 394 581
46 47 51 304 316 808 931
45 55 171 379 522 805
15 271 341 575 703
18 23 95 511 627 793 810
410 604 677
37 51 315 354 540 757
33 478 538
84 110 252 363 718
49 65 122 287 540
52 149 225 292 431 604 708 746 910
14 50 453 542
6 31 49 169 176 282 300
3 90 107 224 447 775 784 808 949
17 307 736 783
328 348 361 693 760 887 990
52 96 169 516 541 605 619
157 438 607 642
224 506
209 339 613
110 135 361 1000
199 557 597 654 671
228 278
16 32 66 89 102 178 190 321 343 824
348 887
7 15 79
102 128 170 190 255 415 467 723 725
14 61 189 771
33 70 99 362 545
288 417 826
211 624
115 446
464 603
51 99 121
21 68 158 269 506 628 676 922
12 13 434
24 34 64 72 92 136
33 114 150 439
9 76
38 456 700 897 939 957
312 946
39 123 207 664
35 37 50 117 571
44 100
32 432
27 146 509 539 543 561 953 964
89 306 321 662 747
46 92 173 193
34 62 67 97
20 355
53 274 463 794
22 44 270 522 722 882
158 403 524 568 849
18 181 648
227 332
21 592
1 7 15 42 79 208 479 626 694
122 126 791
47 94 187 673
23 87 100 174 258 559 619 914 920
56 80 172 223 300 620 807 972
5 235 262 523
47 121 329 418 764 931
29 548 712
1 42 131 182 706 966
41 70 137 253 646 692 727 906
198 987
4 71 244 283 461 641 820
43 46 289 691 702
8 37 63 125 339 361 388 595 721 927
2 384
5 35 82 121 354 900
68 318 398 825
444 456 779 995
60 387 621 853
244 285
19 184
9 76 159 654
56 100 116 330 434 914
14 26 50
18 44 172 259 364 943
136 189 667
2 20 24 27 50 149 185 189 235 301
28 223 366 649
51 99 301
481 502 608 828
100 252 426
322 380 684 750 809 939 979
179 324
20 65
12 55 123 180 490
10 35 40 62 179 335 940
101 203 656
68 171 215
3 185
125 184 188 459 492
238 410 450 815 918
24 174 296 378 835 921 930 996
74 140 151 323 468 591 668 703 966 978
19 268 854
8 37 82 117 814
59 116 132 243 332 440 520 566 597 908
25 309 372
157 400 841
20 242
10 208 233 279 478 977
156 176 369
56 93 101 165 378 397 487 646 729 891
18 129 160 191 475 625
15 24 897
616 701
19 88 98 187 386
4 43 46 184 220
91 144
9 142 143 408 567
46 83
15 33 67 80 163 216 457 812
47 201 662
92 240 334 456
36 677
28 207 247 375 710 717 856 871
7 117 225 419 514 564
29 520
20 40 47 112 121 166 265 390 440 799
87 243
23 196 239 254
25 121 393 401
48 74 77 182
21 33 164 394 544 592
6 30 75 84 167 289 765 948
4 79 702
60 80 140 147 600
239 282 903
105 115 563 614 649
17 21 30 220 557 730 801
37 117 132 405 652 679 737
15 315 525
6 55 104 156 232
5 66 290 367
2 46 138
1 35 37 56 342 511 618
63 71 82 97 103 304 329 699
53 68 280 338 451 491 568 748
44 177 232 246 256 481 766 837
230 372
69 107 316 405 941
133 247 484 973
148 282
25 58 137 230 485
232 582
108 127 276
154 322 450 584
164 753
14 117 131 208 293 906
91 633
205 254 284 326
496 925
28 754 959
67 90 289 806
70 253 462 484 697 796
2 35 92 98 135 187 212 417 634
172 206 947
73 146
100 259 266 844
1 12 112 205 339 385 412 441 894
17 27 33 38 307 385 508 581 598 651
296 559 996
358 720 795
232 247 353 372 386 615 719
22 118 151 154 278 423 836
10 19 54 59 89 324 564 866
73 233 430 584 798 872
16 41 124 611 697 842 971
14 245 253 524 745
18 33 36 138 948
61 68 104 246 248 338 715 779
11 104 106 159 222 475
107 722
8 559 770
368 874
3 762
41 117 277 972
98 310 623
8 97
3 457
49 196 260 370 689 905
25 243 664 954
6 39 104 416
7 234 419 459 494 495 707 768
79 122 168 279 473 613
2 4 98 187 206 859
70 129 772 877
30 164 636 767
243 532 541
2 7 79 128 211 328 694 777 877
1 127 170 883
309 956
251 569
21 33 43 79 392 545 610
52 135
22 317 861 913
28 207 932
93 145 400 765 778
5 102 135 138 197 418 525 558
155 480 985
294 303
136 285 321 910
17 38 90 113 374 375 744 970
124 130 232 697
40 81 84 145 180 471 497 657 680 711
7 234
44 160 262 350 385 444 791
157 181 229 232 327 488
6 71 905
228 322
5 142
15 86 419 459 547 599
24 116 218 775
87 100
36 93 101 279
24 56 100 124 141 264 412 648 891 928
93 382 425
35 48 60 134 212 489 504
9 143
35 68 215 411 491 751 755
249 294 299 575 753 859
405 532
24 56 116 433 670 928
13 31 107 127 188 253 300 417 625
36 86 340 395 562 576 796
3 85 577 762
127 217 309 312 669 956
9 11 57 76
42 248 624
56 174 401
27 212
8 86 119 227 814 909
81 237 281 590
11 30 101 156 530 558 581 639 842 979
19 52 194 533 758 869 938
136 189 905
7 29 35 42 118 397 424 480
17 270 598
72 181 197 553 738
89 658 687
45 160 246 376 665
10 16 199 205 425 477 556
134 168 295 452 473 706 707 943
82 455
13 14 52 104 211 222 526 610 635 1000
14 41 50 58 68 89 355 574 606 965
5 20 476 769
13 21 108 111 344 445 545 727 984
80 198 548
21 304 305 962
23 97 144 191 309 572 653 686 832 999
166 276 552 711 782 998
48 75 513
154 278 754
34 911
3 201 701
26 797
952 969
5 29
18 57 555 844 951
1 111 192 208 250 390 494
311 606
11 580
10 36 63 154 316 478 487 575 926
183 384
6 222 287
14 36 51 85 159 790 838
117 504 920
127 153 669
64 99 296 378 685 931
43 95 138 399 563 822
42 58 238 278 388 499
54 68 141 178 475 823
40 993
607 740
119 552 879
120 192 421 535 638 739
9 20 80 143
14 50
74 79 192 248 967
38 39 93 102 255 420 955
274 458 499
13 207 490 565 624
221 602 620 949
48 154
27 34 48 97 291 981
194 292
9 408 475
85 834
24 186 725
28 236 344 377
69 652 729 867
83 95 128 152 220 251 357
61 83 137 154 472
1 29
54 789
17 160 175 229 472
21 33 544
139 175 352 461 620
434 748 904
6 35 95 103 118 546 744
60 621
11 31 96 289 634
11 164 242 263 267 284 536
766 985
297 311 534
19 298 555 708
8 332
120 171 936
581 948
30 230 818
126 200 214 567 720
8 54 59 264 941
79 117 303
104 185 907
83 139 336 829
12 180 926
6 231 237 572
13 119 227 749 912
36 93 172 191 270 304 345 457 675
236 576 924
11 156
275 295 586
110 157
280 579
141 144 749
19 24 103 123 149 188 508 783 802 960
27 402 608
19 325 506
52 148 189
32 448
49 100 659
58 245 655
5 12 13 44 114 163 533
82 86 132 212 511 609 733 884 929
85 249
5 16 26 48 75 454 693
17 44 345 445 616 651
5 142 206 257
1 77 177 371 871
8 19 32 81 214 342 422 591
93 122 966
68 540 568 706
193 305 335 357 396 465 563 592 819 962
3 10 69 373 556
440 636
115 129 397 742
123 141 490
34 64 67 87 97
23 381
114 116 186 787
155 266 400 527 780 989
305 470 528 643 983
58 134 192 208 430 660 796 801 803 870
159 345
65 101 146 241 467 523
110 157 228 734
80 147
43 45 83 138 158 454 561
22 94 112 188 346
19 71 209 283 292 854
152 391 566 684 799 822
4 79 141 163 350 464 565
16 195
8 488 740
31 258
65 66 145 265 301 308 927
24 99 174 560
190 195
126 159 784
17 18
72 108
115 339
24 56 560 835
334 888 960 985
267 359 403
99 119 231 239 514 802 982
28 104 116 236 366 484 624
44 345
98 488 580 582
7 74 111 122 131
142 177 226 268 281
25 70 233 372 541 785
50 304 460
58 71 162 233
184 347 396
26 34 493
4 298 461 476 833 932
171 682
2 130 386
64 161 212 286 899
32 84 199 263 310 432 466 572 828
21 83 362 958
7 419 613 660
471 474
198 894
48 717
83 579
78 409
19 73 177 226 271 290 593 940
47 892
10 16 196 365 369 674
181 348
52 54 59 149 923
164 437 592 628 636
49 219 230 266 280 743
16 89 128 251 363 824
3 270 279 370 521
21 78 255 455 786
174 886 923
38 50 79 126 273 456 505 616 834 984
221 546
59 60 518
11 32 65 106 497 534 610 860
161 267 551 750
218 535 601
149 313 398 857
76 234 315 367 461 496 548 630 936 978
275 412 918 986
26 45 138 140 158 691
69 127 308 376 389 503 533 577
92 111 158
132 170 314 566 786 865
49 303 663 838
106 788
37 40 507 644
32 78 156 639 705 830
112 412 446 492 588
391 865
60 80 147 273 336
8 54 59 76 221 623
112 204 295 645 863
20 940
15 48 495 898
100 195 786 903
6 11 188 231 287 381 536 821
17 18 160 440 961
115 418
59 169 196 291 375 553 845
54 119
4 71 225 476
22 53 61 173 664 798
25 92 95 316 915 922
4 204
25 33 81
152 314 933
16 474 822
16 128 153 179 299 306 321 391
6 32
62 213 868 944
44 214 625
188 201
510 570 771
53 261 779 831
379 415 467
149 732
11 709 760
7 29 41 234 250 407 795
42 371
175 422 458 620
398 480 611 708 787 864 994
43 83 95 454
43 152 244 476
51 228 427
139 842
21 33 224 437 767 819
87 401 449 470 921
27 39 406 813
14 41 297 413 587
455 679
84 92
23 254 346 663 689 917
51 121
445 460
63 308 404
332 607
22 36 112 201 483 586
114 464 915 997
97 441 744
696 713
38 113 214 379 413
62 161 944
88 147
13 28 672
26 229 328 582
28 377 615 668
317 513 589 804
71 189
132 549 870
331 580 590
26 27 34 158 193 212 742
47 219 356 358 562
24 87 159 239 266
74 98 241 286 406
101 549 768 806
108 237 255 569 618 716 836 889 971
415 723
302 587 611 895
4 415 565 642 781 788 930 947
20 28 52 262 345 388 482 740
4 10 109 555
188 205 236 384 568 614 630 889
131 517 878
160 165 174 183 452
14 61 280 318 925
19 340 515 702 972
25 96 605 794
15 111 216 967
45 693 838
55 63 125 204
3 10 14 77 127 130 298 577 938 946
46 72 558 756
91 883
40 62 416 513 570 724
133 211 223 366 644 672 973
293 297 462
31 51 197 300 935
70 707
12 34 530
63 880
9 43 348 376 406 561 901
31 294
4 82 136 205 283 540
49 969
2 20 67 98 347 406 441 637 713 782
45 337
16 102 152 170 193 314 393 687
70 245
6 657
12 13 123 180 603 976
41 79 124 655 761
211 615
24 515
218 402 423 850 919
43 78 106 231 369 537 846
132 526
146 289 341 589 792
25 818
3 199 774
45 186 248 293 443 635
623 875
35 37 94 118 260 979
18 113 596
2 13 547
18 675
1 7 294
203 373 389
76 500 583
19 225 394 667 758 776 902 988
3 22 69 93 179 453 514 774
7 66 142 271 471
18 179 312 554
55 821
228 423 594
22 54 326 588
5 20 66
28 91 237 448 855
115 264 436 868
148 155 960
70 162
99 219 409
168 473 573 950
4 731 746 790 910 938
30 124 151 275 479
176 629
2 488
4 78 116 122 421 525
102 153 308 309
12 75 77
7 27 39 67 426 465 539 696
84 381 650 678
14 274 523 785
137 181 317 359 803
196 399 605
265 368
147 198 932
113 118
464 521 866 986
31 163 282 370
261 868 994
460 886
73 171 205 215
11 55 78 529
414 734
39 134 508 653 884
50 86 124 139 210 302 909
53 258 300
347 893
198 651
8 54 119 227
24 186 330 401 433 474 875 930
1 193 383 462 497 715 968
2 57 81 222
225 285
29 70
169 239 935
12 69 318 449 956
8 17 129 235 379 395 543
123 144 319 861
17 364
1 131 178 323 479 547 739 881
45 120 162 233 246 402 950
34 898
1 96 111 280 509 538 916
115 238 308 426 586 588 741 770 863
26 46 138 168 531 871
16 170 306 393 864
122 397
84 176 199 281 585
2 98 187 342 652 688
224 396
21 30
74 162 229 816 878
90 783
98 519
9 228 330 370 501 698 767 995
12 123 163 588
44 939
559 730
233 845
22 94 575
105 110 155 157 936
1 16
391 726
123 861
6 13 383
14 58 306 485
16 428
25 96 176 354 428 619 818 954
31 32 57 78 104 156 399 654 732
53 325 411 778
51 446 567 780 878
5 271 608 672
15 131 358
38 85
64 146
15 333 494 671
6 150 176 310 851 961 964
25 250 389 551 605 848 944
20 65 73 268 343 645 998
45 246 348 781
52 114 120 186 811
22 36 203 275 360
10 453
3 51 55 121 202 392 503 874
1 134 140 507 613 694
108 312
141 144 257 329 350 383 947 980
255 908
30 419 545
71 103 209 524 807
2 88
10 45 186 279
52 125 257 404 543 820 888 988
91 189 337 602 974
62 97 286
28 615
269 857 970
3 69 276 363 389
56 288 712
44 183
3 111 167 876
5 159 226 599 809
115 274 923
12 108 217 220 309
76 234 409
72 432 583 657 875
531 532 606 735 975
220 951
16 24 46 240 349 407 680
97 161 241 426 728 860 904
463 516 784 867
105 160 292 585
35 47 85 99
161 350
53 57 120 202 244 396 501 550 573
9 408 546 880
333 671
26 40 95 213 441 813 974
356 562
68 276 351 398 994
37 733
3 41 261 297 787
96 243
31 222 237 370 390 482 520 705
10 71 340
23 258
24 27 87 378 573 670 730
28 570
15 35 132 165 331 486 526 826 869 881
4 37 63 106 176 435 558 848
29 52 78 163 194 273
73 178 658
16 42 47 126 143 210 219 381 789 817
125 262 299 412 752 753
47 97 286 638 817
27 40 337 365 521 589 797
45 175 210 302
27 67 202 465 539 551 710 717 750
35 117 260
20 35 72 90 96 331 444
18 36 126 214 598 970
6 57 284 287 352 489 656 678 849
195 288 415
9 221 600
74 250 411
46 59 627
1 7 121 738 967
69 757
61 778
37 73 178 301 367 368 525 922 992
37 82 277 417 424 562 843
32 776
82 118 424 571
3 148 151 201 299 363 781
14 137 544 609
72 200 505 850
42 60 159 191 235
11 32 128 129
13 209 329 604
12 13 76 158 319 341 357 451 755 797
356 661
23 41 137 196 485 663
9 16 105 161 527 841 989
144 163 224 249 633
240 812
2 192
20 66 216 271
495 591
25 37 80 96 131 414 622 912 963
105 272 557 590 889
144 617
5 66 177
85 169
23 31 39 258 282 334 399 436
53 579 584
4 6 71 149 252 718
31 48 75 161 267 335 337 341 420 993
5 40 48 83 184 420 493 715
236 619
60 307 669 991
109 280
87 586
94 408 692 749
60 64 273 414 505 810
11 185 369 477 763 773
15 40 44 106 142 641
95 454
59 552
30 207 436 811 833 959
374 599
12 114 180 429
2 38 135 249 413 497 836 895
29 34 208 240 313 318 323 397 916
10 36 69 203 382
206 515 847
15 29 140 209 216 538 601
3 54 101 332
334 841
24 82 486 919 996
9 83 92 95 184 770 958 983
17 18 113 129 172 720 809 1000
53 56 109 171 186 193 215 398 470 515
19 807
30 166 396
31 131 234 256 303 714 928 975
2 234 250 347 699
28 57 207 366 570 630 755 771 937 980
21 30 506 676 839
2 106 162 677
14 137 162 606 991
7 256 538
29 437 583
154 209 283 360 395 404 442 594 942
72 250 294 482 727
57 830
37 97 132 294 417 858 900
31 42 182 217 231 373 626 649
217 852 927
155 537 643 888 989
81 578
1 140
52 142 149 512 893
9 22 63 115 423 442 741 851
34 48 136 257 410
122 140 192 226 468 602
134 151
65 265
103 110 252 569 571 718 866
492 918
75 709 827
152 153 428 832
58 70 124
247 344 371 502 856 873
29 182 208
344 937
14 277 342
56 261 330 434
75 202 806
112 815
25 32 85 794 934
3 125 177 188 395 704 754 896
382 774
2 39 75 83 135 816
7 115 124 151 542 556 785 877 965
184 951
376 943
153 170 306 393 564 865 908
11 482 597
3 346 941
319 469 603
387 621 802
122 256
1 6 11 84 185 352 404 585 764
52 55 57 66 69 431 489 536 626
93 800
15 28 30 113 200 578
1 18 42 113 151 168 191 430
45 617 627
20 65 198 315 320 585 658
8 227 549 609 681
26 913
22 238 673
223 349 481 484 518 924
13 326 632 673
43 46
11 263 493 534
63 272 387 411 414 505 853 963
88 133 187 232 576
139 422
72 650 659
60 198
23 260 491
197 695
130 386
245 997
33 42 134 140 216 950
226 550
61 742 873
33 69 729
50 233 297 524 574 745 965
5 195 230 273 321
42 517
8 11 295 468 851 862
24 116 354 554 870
173 331 514
299 612 646 815
148 400 528
45 74 164 302 360 427 587
4 135
50 845
155 165 346 405 450 704 735 982
15 459
43 148 162 210 343 527 528 541
4 555
21 359 596 647 710 844
165 595
30 167 223 236 843
87 150 172 186 413 502 522
3 10 179
240 312
184 401 580 601 726
120 171
3 101
219 685
8 340
34 39 108 127 146 156 416
77 176 267
11 142 231 310 432 530 629 840
190 391 566
741 793 986
28 39 377 719
2 61 336 353
131 258 498
272 387 466
326 590 793 882
150 164 839 961
20 177 268 271 301 320 343 367 438
109 338 421 614
38 44 57 374
18 134 139 251 298 819
110 157 607
47 166
7 50 190 696
23 25 243
21 43 134 305 394
15 111 973
1 8 698
246 665
52 71 350 543 674 820
89 120 128 747
27 235 286 365 896
3 94 203 382 472
15 223 668
18 39 48 317 444 724 736 804
89 251
55 145 199 352 578 597 772
30 33 269 699 890 921
64 416
56 116 378 761 775
357 829
13 53 143
39 215 241 277 465 876
29 111 154 168 390 517 520 618 688
1 170 197 433 494 547 772
496 798
12 180
90 129 181 647 678 901
7 70 73 107 157 286 313 406 650
38 125 278 395 684 735 880 990
4 57 180 502
1 7 15 183 192
41 109 173 325 915
31 49
8 15 119 178 225 290 355 567
40 62 67 637 666
313 469 700 799 825
85 173 261 266 315 402 413
4 91 104 372 725 988
6 57 106 167 197 653
89 128 195 574 724
101 304 324
96 200 301 438 832 874
43 272 617
123 145 263 557
90 167 885
26 125 126 270 278 285 293 713 769
26 34 40 67 118 498
51 166 445 757
18 38 183 249 364
61 105 109 119 325 421 501 831
29 626
5 268 368 993
46 148 528 827
10 107 324 382 425 712 955
16 50 230 393 791 837
126 183 249 359 430 449 726 801 957
5 73 126 616 847
98 293 343
10 156
49 169 242 254 368 608 935
77 136 168 425 839
12 13 21 75 329 383 429 452
13 91 114 144
6 11 145 237 263 284 777
15 54 239 303 714
5 20 25 73 77 148
11 763
47 91 219
26 64 403 420 467 531
8 681 879
30 150 716 756
35 288 356 526 631
223 353 635
39 551 886
79 216 323 333 479
169 999
5 20 65 178 290 593
12 17 25 49 91 163 169 319 560
32 106 629
190 314 550 638 747 864
1 2 13 38 203 327 739 914
72 84 435 530 705
1 23 903 917
26 40 316 756 876
12 19 35 103 206 257 298
19 81 110 113 147 290 376 933
61 105 173 338 443 721
21 150 224 353 392 544 962
32 185 222 281 536 578 738
50 58 124 151 256 743
62 351
43 46 67 95 98 138 319
4 19 209 854 883 983
17 109 116 218 322 410 573
88 170 215 577 863
90 846
1 5 20 67 227 320 355 407 593 769
61 68 146 215 546 682
23 49 254 689 929
12 91 137 490 587 823
41 485
17 44 100 259 379 385 495 969
51 219 291 685
262 326 499 982
22 204 235 349 752 945
28 34 39 264 291 416 429 662
161 305 531 572 589
248 925
10 195 337 933
129 275 360 374 523 700 957
206 899 920
827 968
29 42 74 122 182 473 975
264 436
55 281
3 147 622 690
86 210 422 458 483 599
327 885
82 135 263 283 667
86 358
103 117 298 340 404 731
40 498
7 17 90 688 768
288 554 833
47 51 121
600 683
28 211 353 719 828
37 108 277 929
305 937
36 354 453 460 516
81 369 381 477 489 639 848
7 168
6 160 683 765
18 204 388
63 94 165 322 339 418 594
2 14 361 519 745
6 32 207 946
47 99 166
10 36 46 153 155 252 463 609 645 808
88 254 816
60 80 690 810 984 987
16 152
24 48 958
2 112 149 400 569 872
13 46 62 132 565 622
44 113
435 534
4 25 189 206
279 463
289 403
41 821
201 275 360
94 204 259 418 612
21 716 890
103 194 519 893
32 43 46 99 158 220 228 336 995
54 175 213
88 130 135
120 248 338 825 892
18 85 191 259 266 364
7 27 34 48 218 470 647 676 899
1 15 881
59 155 394 431 510 773
66 108 127 217
76 143 144 313 579
41 58 174
9 17 375 596 840
48 53 61 62 64 67 120 261 911
12 469
64 105 853
2 181 782
14 41 45 62 253 887 906
104 471 522 539 855
33 150 153 224 632
76 143 408
229 347
94 102 190 428 997
27 37 118 424 661 792 898 900
