27 119 184 819
15 73 104 530
21 326
173 398
88 153 273 342 639
1 279 419 711 790
27 69 173 189 830 997
31 40 46 312 663 724
138 525 597 757
12 57 167 192 223
75 166 241 275 842
259 760 938
28 30 84 150 214 559 843
72 132 680 778
20 45 339 377 653 966
65 90 98 189 768
275 574 842
549 963
176 436
48 275 448 480 599 627 786
7 175 296 407 574 606
19 893
73 92
2 71
3 16 48 103 243 256 416 739
56 117
1 71 133 317 465 917
2 208
13 995
29 30 91 163 264 504 596 810 822 878
121 416 593 631
81 89 95 189
193 332 386 541 566 756
73 156 230 624 629 791 920
3 856 889
18 86 149 205 804 969
22 106
318 883 982
109 339 643
3 150 253 595 681 784
180 260 977
10 74 379 539
71 152 573 602
96 161 257 681 907
122 173 198 298 389 518 656 740 946
156 729
483 592
59 401 629 906
45 285 374 929
231 292 297 378 611 985
7 18 96 432 704 733
10 21 128 180 351
8 53 91
10 21 23 94 187 320 392 444 610 616
150 802 990
30 75 144 151 434 776
1 563
9 72 79 82 446 459 700
17 38 93 478 798
4 323 476
27 42 63 145 433 777
24 41 77 190 380 501 528 690 878 939
13 119 247 753
1 63 79 228 305 393 879 955
31 59 239 421 447
81 95 102 170 293 334 352 468 640
138 311 404
17 38 94 258 394 604 824
588 823
68 340
45 156 172 182 492
208 213 677
11 149 286 398 516
26 289 396
8 35 73
71 208 226 268 847
55 126 159 232 542 857
274 354 452 727 807 992
166 606
15 16 105 251
94 167 913
16 154 361 439 862
3 39 96 141 351 463 485 593 645 834
26 252 293 758
428 967
19 371 993
91 156 591 803 921
29 200 658
43 87 367 781
257 474 923 982
199 347
51 98 118 432 442 648 971 997
40 53 473 556
143 814
58 581
58 74 88 104 314 675 855 926
178 185 196
22 56 84 117 605 999
22 106 117
127 628 648
297 316 366 814
50 537 562
92 95 112 297 335 480 603 713 872
25 64
9 17 46 120 265 312 755 888
7 24 353
550 627
66 143 269 595 720 728 735
59 77 130 376 547 718 883
17 38 48 430 811
22 138 141 188 350 382 583 846 987
3 48 168 191 257 437 463 633
4 180 323 360 414 451 463 635 684 797
252 358
17 521 620 637 686
22 212 391 539 614
367 414 420 709
53 66 166 288 651
1 64 120 218 320 467 657
26 110 124 129 302 621
314 328 418 426
107 112
97 858
163 507 968
21 25 60 68 199 326 413 680
73 533
489 608
2 42 78 118 419 474 654 755 974
14 105 450 709 714
707 994
411 810
438 767
6 23 56 86 523 772
4 6 81 133 279 396 854 932
236 760
34 47 443
48 485 562 813
187 402
2 5 113 280 359 850
75 125 206 219 234 275 296 741
98 327 453 628
4 123 434
6 14 163 176 798
15 162 248 252 299 555 655 867
43 46 312 381 461 607 724 748 876
394 604
65 77 92 598 935 951
38 124 302 303
687 859
27 80 183 336 398 961
25 68 75 104 107 184 307 413 464
238 381
20 27 301 313
255 346 893 929
2 5 497
590 654
5 92 197 280 285 318 964 988
142 348 452 649 866
1 4 57 81 224 258 721 780 909
9 17 169 325
12 140
5 257 560
37 68 159 240 338 488 498 513 766
16 275 515 849
134 717 735 746
4 14 28 106 700
143 408 487
36 49 63 160 390 408 462
160 203
3 141 378 537 813
42 393
107 232 271 522 705 983
752 879 910 951
31 194 261 320 619 686 735
135 195
193 509 906
82 221 823 918
22 84 145 186 219 279 337 497 732 894
64 78 254 790 974
8 40 73
550 979
63 755
271 448 550 584 611 650 769
585 598
233 612
1 4 151 368 988
6 14 101 225 251 253 278 436 464 821
59 910 947
5 6 36 201 689 714 890
348 355
116 543 869
10 170 340
28 37 49 77 107 978
20 41 134 708 860
37 102 200 202 427
66 91 104 161 570 923 950
436 751
23 446
31 362
4 6 23 78 155 278 507 977
370 503
115 129 164 577 900
94 134 192 211 385 471 793 987
1 120 133 812
223 526
10 60 118 248
22 34 95 99 188 278 281 400 427 445
87 129 215 341 381 414 479 625 677
34 62 70 155 250 278 306 509 531
76 262 271 698
177 284 524
125 261 636
158 271 937
99 106 295 583 621
20 47 100 162 236 443 782 942
68 184 359
196 742
46 185 472 782
7 750
19 27 82 139 442 460 896 918
477 658 659
69 119 149 227 247
345 667
10 693 824
207 209 425 458 556 637 779
21 25 43 83 108 189 553 994
126 132 220 322
4 246
1 71 78 507 654
165 230 631
14 23 70 176 208 245 363 991
83 107 847
50 246 270 986
44 45 209 401
6 23 264 347
170 341
5 64 71
65 360 456 703 882
291 565 801
204 287
482 852
2 239 484
65 98
475 500 976
4 28 224 323 390 696
20 559
40 895
46 196 346
321 335
39 300 579
16 612
1 2 8 207 551 924
56 117 281 391
5 42 63 206 288 497 707
333 692
8 57 187 518 818 886 960
36 62 76 366 627
55 116 240 424 857 890 968
95 931
79 476 965
1 5 11 24 66 673 923 980
161 294 380 384 416 723 813
283 388 678 889
9 255
38 447
404 597 865
263 521
377 832
44 45 56 605 843
20 59 130 150 518
55 131 549 585
8 15 28 123 390 702
5 197 396
126 147 174 191 329 373 911
100 343 468
87 116 163 264 510 740 869 904
195 415
383 499
14 450
67 89 102 283 341 459
14 27 122 247 552 586 796
269 533 734
4 12 266 342 370 851 871 925
23 709
256 316 774
159 542 549
67 439 874
110 943
176 536
31 118 183 785
14 62 446 568 805 907 962
1 9
143 832
95 399 440 566
5 42 265 393
7 16 58 319
111 132 249 322 375 441 451 540
4 28 39 186 719
19 82 132 331 460 565
92 214 368
205 552
13 475 991
52 321 766 836 866 880
33 39 48 186 268
7 18 108 536 572 676
2 21 35 351 467 561 861
57 85 132 134 258 364 392 839 858
145 153 183 208 336 557 974
81 399 462 778 956
34 90 442
38 517 981
83 237
368 457
287 500 909
32 46 47 178 529
59 77 79 130 165 313 402 542 567
2 84 113 188 218 417 660
9 82 117 255 346 384
61 64 67 114 514 961 965
75 206 477 764
151 494 495 510 600
651 776
72 133 291
28 969
23 548 853
128 292 294 996
8 556
22 99 281 617
12 13 51 135 140
15 22 56 84 212 295 509 660 762
100 816
464 553
31 266
4 28 59 803 921
49 131 324 567
41 59 402 501 518 935
141 257
143 534
40 50 307
71 276 301 506 656
12 83 103 158 455
117 417
26 87 115 129
2 137 147 564 915
4 180
7 58 66 74 572
14 23 114 174 283 372 408 481 689
37 85 155 338 465 892
9 75 139
6 244
105 171
49 152 344
158 202 304 352 406 524 985
10 70 199 212 291 571
20 150 290 368 557 559 970
3 152
43 513 729 839
43 90 140 164 293 367 944
10 13 14 40 60 155 389 563 605 868
67 211 476
109 139 953
62 480 962
25 36
91 342 765
25 44 75 214 332
1 746
164 543 585 598 615
81 202 956
1 590 783
39 671
43 102 115 164 341 414 512 944
19 30 74 308 330 375 479
24 66 282
10 21 25 561 948
388 609 633 773
101 227
299 354 558 867 897
50 131 758
9 441 588
190 214
30 743
1 5 24 218 280 305 449 932
78 632
56 88 142 649 865
175 606 651
130 285 547 653
7 19
13 357 569
171 172
11 27 217 398 569
116 968
321 399 440
94 192 287 364 422 538
88 369 503 817
60 413 636
27 47 61 80 119 154 205 247 626 972
10 184 317 326 553
37 67 79 169 234 899 922
10 403 546
159 345 511
11 32 346 531 728 875 896
159 283 664 828 944
763 831
3 65 74 90 127 327 360 573 589 834
187 668 837 897
80 205
20 457
70 245 548
54 140 273 369
244 710
695 938
210 249 254
48 168 197 243
1 616 752 900
1 40 280 374 492 731
46 185 325 353 476 679
4 49 123 151 224 407 488
47 84 310 354 866
3 16 40 56 259 612 646 895 906 967
212 337 614 731
12 639 833
3 39 103 144 243 410 667 864
34 48 95 440 655 877
120 219
662 928
9 161 221 590 917
93 658
119 199 412 475 568 870 925
82 608
75 175 407 545 764
15 35 148 799
7 282 426 970
22 69 84 212 337
6 86
22 158 333 605
193 230 570
80 131 137 174 175 286 319 373 699
233 361 581
44 130 789 844 879
162 558 745 934
85 194 287 387 394 604 646 712
80 398 793 873
2 19 58 64 267 554 721
9 19 66 88 126 641
44 802 958
301 374
260 406
9 67 211 825 903
3 33 103 256 294 416 463 706 787 804
12 100 370 472 483 765 975
2 71 359 885
19 132 139 371 460 496 823
158 284
80 286
16 20 374 612
4 123 434 702
26 87 313 376
194 384 527
33 35 48 103 168 349 490 535 579
4 387 800
71 110 145 265 632 708
1 29 428
27 101 116 217 280
358 546
33 96 157 293 787
42 185 196
7 379 502
44 780
45 229 301 377 656 668
30 52 470 624 729
14 70 372 388 527 888 890 957
375 993
287 471
17 65
193 576 849 884
26 89 367 461 512 669
390 696
41 82 945
152 535
23 72 86 647
17 24 45 459 902
83 851 959
57 85 272 544
7 24
5 213 254 632
72 82 371 380 454
309 712
1 6 66 76 133 145 305 323 490 675
27 36 63 499 790
90 453 587 589 679 820 865
50 55
2 5 63
85 97 246 392 575
155 528 778
55 67 85 137 167 211 514 915
192 495 746 952
37 112 234 465 859
44 59 188 876
49 364 868
117 152 186 216 231 256
95 566
46 67 72 666
26 102 263 420 584 617
65 108 442 456 587 676 882
5 120 228
6 111 330 380 715
12 135 282 592 861 919
13 298 473 916
31 232 246 911
3 13 33 228 231 248 562 630 754
169 514
32 263
6 14 23 157 193 251 302 347 536 551
3 115 172 344 349 508 864 930 948
70 199 853 941
330 978
19 199 210 306 454 479 571 693 749
75 545 741 776
3 39 103 168 555
221 230 311 458
87 93 170 607
920 956
3 649
76 262 271 316 618
11 20 41 69 149 357 784
9 11 51 101 269 286 299 310
125 297 489 636 701
15 105 109
36 499 738
19 375 496 736
8 670
4 28 123
6 23 274 363 446 971
58 282
335 438
827 852
175 545
415 833 891
24 244 295 682 950
111 322 445 479 531 749
17 22 345 478 541 986
26 238
14 155
4 49 97 216 674
101 389
55 126
11 69 149 946
13 81 189 198 242 332 684 931
39 108 127 195 256 277 792
33 57 94 96 410
306 409 540 801 810 901
516 592 622 753 972
51 142 191 260 642 992
32 72 558 918
109 136 387 425 458 530 747 984
84 212 405 744
26 43 157 181 521
60 191 194 345 532 577 681 806 828
10 21 25 372 464 489 630
6 30 62 172 182 536 596
26 77 87 92 377 837
43 87 352 521 562 797 854 943
34 47 51 274
252 266 529
440 566 872
19 82
38 97 444 600
54 272 610
18 106 165
3 30 172 855
15 30 47 91 136 148 388 588 643
116 137 159 264 373 429 532 585 963
141 930
99 106 188 400 417 515
9 306 375
37 107 162 202 234 498 512 582
3 11 13 33 39 107 231 546
27 61 101 173 227 792
142 727 938
39 792
3 152 186 537 652 694 856
39 88 369
174 609
29 38 93 139 235 255 330 970 989
22 281 1000
231 412 719
46 185 724
42 156
15 40 53 172 418 535
85 422 471
77 457
70 176 670 680
5 268
102 110 904
17 93
1 112 202 465 522
59 769 983
10 68 340
143 203 216 400 457 738
7 46 154 288 328
353 385 514 795 899 987
4 141 180 284 491 829
30 52 53 105 109 182
228 393
139 445
77 92
32 57 85 134
31 57 91 421 496 576 710
84 154 775 845 894 942
1 197 218 336 449 668 754 885 958
2 17 356 428 430 564 619
17 93 669 869
9 308
47 51 52 274 468
149 298
79 169 385 409
16 435
96 544 560 667 889
13 173 357 563 819
28 259 528 708 892
16 57 233 265 317 320 435 575
37 124 138 214 525 756 883
33 48 96 113 253 300
29 176
11 76 112 283 319 698 720 774
23 278 548
3 9 72 132 540 937
311 519
97 192 258 320 494 538 826 858 912
14 79 169 318 594 899
36 127
24 277 418 502 603 650
10 21 25 149
21 33 39 60 152 186 593 864
63 644 973 982
90 127 456
5 153 208 215 226 285
493 533
333 996
24 595
121 704
34 37 89 112 554 863 881
13 38 205 469 748 981
65 79
103 508
16 674
13 29 38 623 659 976
7 22 24 287 379 418
3 365 941
131 174 270 791 857
44 88 135 190 415 574 837 844
34 47 269 539
68 262 263 321 355 880
7 855 926
116 163 510
330 409
79 874
125 362 685 686 916
63 254 662
17 356
121 315 378 873
7 24 55 154 341 581 610
161 445 715 722
18 144 165 239
37 552 620 922
2 42 61 170 218 228
136 638
568 608 907
4 28 151 422
55 107 116 147 264 329 424 771 840 908
34 65 98 108 325 587
46 196
17 29 37 517 597 757 811
49 191 240 505
66 439
13 110 122 124 145 526
13 114 673
731 845
9 14 19 203 308 384 496 726 888
2 5 64 78 90 145 448 623 691 973
35 55 504 643
204 952
19 41 331 844 893
38 365 425
81 189 623 931
180 220 996
8 138 171 311 404 613 779
20 34 121 187 242 802
534 623
28 70 96 809
109 136 362 365
161 249 896
675 794 795
18 58 74 144 439 772
248 300 397 403
94 223 303
25 60 68 122 340 351
33 37 277 816 995
32 266 838
22 56 188 417 644 759 808 1000
43 181 303 607
36 146 358 499 534 770
57 94 538
2 113
12 88 592 641
67 107 169 338 859
309 333 523 524 1000
269 838 936
237 292 508
76 979
37 569
70 250
5 57
1 25 226 251 299 429 594
366 705
3 116 163 169 698 711
9 43 89 250 289 420 431 584
65 98 108 142 321 355 438
117 146 471 683 732 768 818
53 156 207 589 957
10 134 233 236 273 419 560 610
127 294 344 720 766 847
16 67 160 201 203 372 391
61 119 198
10 68 266 657
64 830 914
94 348 954
615 740
61 114 262 316 516 961
470 551
754 812 980
108 127 143 573 882
8 15 18 32 47 206 415 504 688
1 32 100 194 655 877 936
18 121 482
45 92 286
34 36 162 354 389 443 539
131 159 424 549 712 722
93 478
10 25
327 820
613 841
24 66 154 572 581 750
229 557
73 171 691
8 50 147 371 511 908
94 97 134 538 575 781
79 902
83 135 231 335
31 125 571 973
15 35
26 115 618
14 250 853
28 96 151 223
281 759
16 35 40 52 207
253 300 421
12 37 54 68 88 119 273
4 33 79 222 444 608
21 64 219 914
383 412 694 852
18 144 315 484
7 16 91 272 394 862
18 95 260 452
43 157 158 177 292
62 199 891
16 41 166 175 236 324
116 163 264 510 543
99 117 281 400 744 759 762 768
41 45 54 135 342 501
21 25
62 86 245 436 489
138 525
3 48
3 12 69 383 408 413 483 871
20 123 132 139 220 237 242 401
104 136 222 244 387 407 411 473 703
19 210
5 42 133 208 226 393 507 644 835
45 966 990
8 104 953
32 100 252 519 745
192 495 542
13 18 121 144 315 319 484
26 215 640
519 841
18 55 131 191 232 350 841
749 903
108 628 927
3 211 270
40 136 747
6 131 201 225
15 799
190 324 456
101 149
101 235 578
50 240 246 527 564 650
34 43 580 687 999
328 338 506 784 860
33 168 294 410 694 827 998
12 184 697 851
11 14 80 86 114 243 568
11 101 185 336
11 43 110 303 586 943 976
178 185 742 905 942
16 361
55 126 191 309 329 350
29 38
451 761
20 44 77 547 557 780 960
75 106 166 574 606 683 845
12 83 273 453 733 940
69 198
111 221
9 11 155 331 822
5 25 42 78 340 809
141 526 723 834
111 151 220 249 384 409 520 913
325 941
1 268 873
186 652 706 856
17 29 796 965 981
19 371 565 626 726
8 15 72 73 104 109 156 172
177 295 304 455 520
45 69 101 162 242 997
27 122 179
34 51 100 248 252 395 642
61 247 298 690 940
576 831
18 44 515
53 74 78 105 113 148 207 219
1 2 213 268 647 850
77 653 929
55 137 699
6 751
31 125 179 362
44 59 209 374 402 523 744 775 898
125 261 728 848
29 32 34 38 334 716
57 63 392 494 602
51 529
226 835 850
52 105 111 473 570
263 617
24 31 159 710
210 715 825 989
103 349 487 508 579 633 919
39 47 58 89 124 128 170 396 435 922
8 12 26 54 106 170 195 367 369 920
47 178 310 395 472 679 716 786
1 964
4 49 490
36 146 383 817
6 23 176
198 366 611 984
203 216 690
179 296 447
49 390 582 824
213 226 602 641
404 613
89 170 293 607 635
79 211 385 902 930
75 111 437 454 460 666 887
16 361 743
767 954
57 85 134 258
12 130
7 44 102 241 263 314 469 625
7 58 66 588 947
28 49 72 123 204 224 702 969 977
64 197 218
41 165 315 447 601 685 701 718
134 167 502 717
166 275
114 227
11 18 227
6 153 491
42 50 329 424 431 437 664 678 791 963
11 13 37 61 122 205 389
1 6 31 100 125 947
11 13 27 49 61 147 151 198 552
31 90 362 685 826 848
13 69 80 245 578
41 59 431 505
60 561
28 49
236 312 323 361 488 695 862
118 308 736
382 634
72 80 210 255
48 167 238 272 410 560
102 202 461 661 684 934
10 18 25 42 71 103 165 239 359 467
467 497 777 933
179 421 430
128 158 237 304 337 343 405 406 829
183 318 327 379 486 573 582
213 317
386 773
41 187 209 267 276 290 313 990
17 38 93 356 422 428 430 500 811
262 737
76 448 480
76 599 737 786
166 206 296
200 202
20 187 276
6 62 259 831
15 40 108 334 487 591
21 148 184 217 319 351 413 586
97 204 272 600 604 909 945
210 395 397 863
161 718 815 892
27 788
89 513
32 100 427 513 732 881
386 415 483 919
21 137 270
39 40 45 48 150 190 376 412 559 860
355 452 799 807
466 763 948 950
56 84 99 337 515 846 894
531 540 550 565 726 887
35 40 52 53 193 691
11 13 114 578
277 297 599
50 126 246 350 815
9 111 249 255 666 913
2 885 955
44 484 492 556 601 638
52 53 105 183 624 993
36 90 216
41 92 138 401 404 519
7 43 45 229 303 376 502 595 800 951
6 37 42 64 250 809 812 962 998
312 472
33 348 671
17 29 129
106 196 663
118 958
34 111 132 146 178 216 322 349 846 903
4 123
16 82 93 291 331 380 569 945
215 839
138 311 517 637 872
10 177 545
26 125 142 157 352 669 767 880
7 99 391 449 583 614 843
24 288
70 586 674 916
86 115 164 616 794
33 39 168 300 555 593
99 660
36 136 146 383 475
2 20 41 85 290 664 835 910
127 648
18 165
10 326 553
58 74 100 355 816
62 70 225 251 491 927
299 838 989
112 164 260 343 461 520 692
136 725
44 45 229 267 290 377 688 898 935
60 67 82
57 97 394 422 495 717 912
78 113 153 318 486
20 130
107 200 234
2 5 34 64 228 486 647
70 594
432 820
90 98
1 118 145 419 486
89 124
243 739
160 434 921
20 833
31 179 703
29 87 163 926
276 290 313 528
16 74 135 209 230 241 426
160 814
87 129 157 215 381 625 635
511 771 955
16 88 805 928
10 571
5 9 32 42 161 220 306 317 558 761
63 75 137
50 200 329 741 840
30 35 52 222 411
42 153 563
221 291 346 395 770
9 271 309 825
301 801 901 960
54 83
66 288 469 554
80 217 789
934 999
97 364 485 544
47 51 269 881
137 350
2 15 53 173 182 207 601 957
11 205 423 511 626 699 753 886
30 40 615 711
81 189 689 773 994
7 74 270 282 494
35 171 470 614 638
3 482
11 38 41 59 167 209 267 324 901
147 194 470
25 217
95 399 462
26 102 420 781 904
61 69
23 26 110 157 293 924
7 33 121 418 482 579 682 704
13 22 27 78 190 196 307 506
42 71 183 219 279
77 214 285 414 590 722 783 939
31 179
22 56
3 58 168
143 146 160 229 503 672 975
2 120 359 785 788
221 978
254 279
441 454
18 144 292 631 949
62 363 630 805 870
133 265 721 933
2 5
6 51 69 114 247 526 832
405 692
474 917
22 112 498 522
31 261
12 97 128 444 455 603 611 891
34 397 468
66 115 154 235 241 266 315 354 580
6 35 53 86 225 272 967
167 544
9 19
54 106 382 672
4 22 56 64 583 683
146 408 534 817
68 295 466 884
23 481 730 927
46 178
17 29 35 493
78 86 245 363 596 821 870 966
26 621
12 135 140 195 342 591 665 672 861
110 308
14 50 118 283 373
8 234 338 423 522 620 657
19 54 84 88 706 959
71 118 120 181 213 280 419 752
256 537 719
598 615
35 73 169 182
15 81 332
18 144
37 200
65 98 733
11 27 99 259 868
29 61 181
29 38 386 462 541 548 609 707 900
113 634 818
339 506 783 815
26 43 102 110 181 238 797
8 104 171 222 504 597
3 33 141 344 349
128 177 333 405 524
6 148 222 646
21 25 54 60 516
525 757 779
2 101 113 449 933
25 102 115 120 129 396
48 168 294 555 804 972
142 348 713 807
51 334 397 403 505 580 661 867 897
131 174 232 240 437 771 828
331 822
126 249 345 986
727 836
81 756
12 65 78 83
48 253 365 410
67 353 397 459
31 60 535 745
9 36 133 146 166 203 409
12 83 975
11 84
34 47 51 100 248 875
20 26 41 45 324 376
43 89 124 130 302 339 368 677
47 274
55 147
7 24 58 62 103 235 392 399 426 750
316 378
24 31 54 162 485
8 73 136 148 307 365 730
158 177 284 343 406 455 985 998
4 28 49 224 493
705 979
73 91 148 182
17 29 93 356 477 848
290 501
8 13 15 30 97 105 200 725
128 177 520
21 25 52 60 85 105
12 19 111
1 206 296
19 58
227 386 541 609 877 887 912
23 50 423 527 532 678 700
115 381 854
4 28
63 120 305 619 964
182 230 305 629
18 239
30 76 207 360
24 108 127 314 432 589
288 358 403 458 530 697 761 770 924
39 152 787
36 738
24 74 235 572 661 775
18 121 165 253 940
56 417 634
8 416 723 774 937 984
11 61 80 433
206 296
115 181 193 238 617
50 309 373 431 505 567 806 915
179 421
782 905
244 295
62 429 594 714 871
18 121 949
6 821
23 122 198 357 789 995
87 304
53 533
54 88 140 195 273 532 806 908
147 194
325 356 478 659 798
76 262 297 298 366 433 748
92 190 339 803 849 898
36 133 150 267 401
103 671
155 201
113 197 451 785 914 988
76 119 587 599 645
28 74 235 282 328 347 433
130 886 949
302 326 758
14 382 523
12 164 289 577 616 884 959
334 734
6 86 123 498 696
14 86 201 363
21 26 129 153 466 640 645 737 808 983
277 378
15 30 517 613 895
3 33 243 688 840
162 310
92 150
12 140 369 370 665
80 81 95 114 119 618 777
1 2 5 19 602 788 932
63 113
114 286 796
8 15 670
8 570
32 529 875
77 209 939
67 173 353 874
142 277 603
36 160
11 223 652
31 382 905
20 372 423 481
13 991
65 90 98 327 360 453 582 642 676
30 91 109
3 23 279 400
36 160 203 402
223 364 826
2 32
38 251 261 477
28 29 62 224 278 347 695 751 760
406 491
14 201 225 450
11 201 357 673
112 687
503 662
385 795
379 554
10 21 124 577 876
276 285
72 139
27 122 239 578 622 819
17 46 110 289 500 584 736
54 83 765
24 50 126 188 232 270 543
109 128 237 284 343 405
55 174
332 830
12 54 135 140 370 665 697 925 928
2 10 25 60 69 122 335
197 268 336 980
289 466
15 30 35 52 61
33 96 739
53 764 842
8 21 68 411 693 747
15 222 725
29 93 427 546
241 276 328 435 547 682 829
30 32 51 52 104 274 310 358 716
96 257 344 412 827
76 233 244 509 576 763
58 99 469 794
4 53 183 245 254 387 425 800
20 229 242
225 429 971
192 204
128 180 260 284
7 178 220 441 742
86 250
89 124 157 164 181 217 289 622
98 487 772
21 39 68 184 734 769
104 601
240 388 564 567 911
22 54 83 195 639 808
46 89 167 204 575 663
32 40 91 242 836
17 29
41 44 59 267
291 322
4 5 6 215 238 490
600 952
175 407
16 233 259
10 561
8 40 52 109 148 307 493 530 551 730
32 112 258
7 35 104 156 236 241 411 492 591
8 15 35 52 73 743 953
98 237 292 304
2 30 171 352 878
5 153 265 474
14 23 450 481
8 35 488 596
129 512
403 936
27 420 762 946
46 438 713 954 992
261 701
5 87 154 204 793
56 314 391
32 51 395 443 580 863
99 117
9 82
85 94
