6.3e-05
6.3e-05
6.3e-05
6.3e-05
6.3e-05
6.3e-05
0.00017152941176470587
0.0003827297297297297
0.0007386451612903226
0.0011525764705882353
0.00175528125
0.00175528125
0.0026242462686567164
0.004540686390532544
0.004595804469273743
0.004984170212765957
0.0053089004975124384
0.003056989898989899
0.0030416281407035176
0.002809952606635071
0.0027331877934272304
0.0026620140845070423
0.002633807511737089
0.0024842464454976304
0.0024160947867298576
0.0003816333333333333
0.00036582758620689655
0.0003517586206896552
0.000343
0.000343
0.00030465384615384615
0.00029583999999999996
0.00028224
0.00022913636363636362
0.00016006666666666666
0.00012307692307692307
0.00012307692307692307
0.00011408333333333333
0.00010509090909090909
0.00010509090909090909
0.00010509090909090909
0.00010509090909090909
7.8125e-05
6.3e-05
6.3e-05
6.3e-05
5.4e-05
5.4e-05
5.4e-05
4.5e-05
0.0
0.0
0.0
0.0
0.0
0.0
0.0
0.0
0.0
0.0
0.0
0.0
0.0
0.0
0.0
0.0
0.0
0.0
0.0
0.0
0.0
0.0
0.0
0.0
0.0
0.0
0.0
0.0
0.0
0.0
0.0
0.0
0.0
0.0
0.0
0.0
0.0
0.0
0.0
0.0
0.0
0.0
0.0
0.0
0.0
0.0
0.0
0.0
0.0
0.0
0.0
