8.1e-05
8.1e-05
8.1e-05
8.1e-05
8.1e-05
8.1e-05
0.00016523529411764708
0.00021640909090909092
0.0003981315789473684
0.0009854939759036145
0.001968032258064516
0.001968032258064516
0.0019283951612903227
0.00546635294117647
0.0053251184834123225
0.005265004739336493
0.0052018518518518525
0.0030237901785714286
0.0029652901785714282
0.002868486486486487
0.0028264361233480174
0.002780803493449782
0.0027586206896551726
0.002568896551724138
0.002511304347826087
0.00033984615384615385
0.00033124
0.0002888
0.0002888
0.0002728421052631579
0.00023472222222222224
0.00021888235294117647
0.0001944
0.0001944
0.00016457142857142858
0.00015576923076923078
0.00015114285714285715
0.00015114285714285715
0.00012445454545454546
0.00012445454545454546
0.00012445454545454546
0.00011559999999999999
0.00011781818181818181
0.0001089
0.00011136363636363636
0.00010509090909090909
8.1e-05
8.1e-05
7.2e-05
7.2e-05
1.8e-05
1.8e-05
1.8e-05
1.8e-05
1.8e-05
1.8e-05
1.8e-05
1.8e-05
9e-06
9e-06
9e-06
9e-06
9e-06
9e-06
9e-06
9e-06
9e-06
0.0
0.0
0.0
0.0
0.0
0.0
0.0
0.0
0.0
0.0
0.0
0.0
0.0
0.0
0.0
0.0
0.0
0.0
0.0
0.0
0.0
0.0
0.0
0.0
0.0
0.0
0.0
0.0
0.0
0.0
0.0
0.0
0.0
0.0
