7.8125e-05
7.8125e-05
7.8125e-05
7.8125e-05
7.8125e-05
7.8125e-05
0.0001625625
0.0003046896551724138
0.0005202000000000001
0.0011766363636363636
0.0018975089285714287
0.0018975089285714287
0.0020529655172413794
0.004296810055865922
0.004189586956521739
0.0048965291005291
0.004805047120418848
0.003120020618556701
0.0030800051813471506
0.002849291457286432
0.0027646903553299493
0.0027432777777777776
0.0027158449999999997
0.0025395270935960595
0.0024832512315270936
0.00036582758620689655
0.00036053333333333333
0.00029784615384615386
0.00029784615384615386
0.00026004166666666667
0.0002178
0.00021125
0.00017794117647058823
0.00012445454545454546
0.0001089
0.00010240000000000001
9.344444444444444e-05
9.344444444444444e-05
8.45e-05
8.45e-05
8.45e-05
6.666666666666667e-05
5.4e-05
5.4e-05
5.4e-05
5.4e-05
5.4e-05
5.4e-05
5.4e-05
4.5e-05
1.8e-05
1.8e-05
1.8e-05
1.8e-05
1.8e-05
9e-06
9e-06
9e-06
9e-06
9e-06
0.0
0.0
0.0
0.0
0.0
0.0
0.0
0.0
0.0
0.0
0.0
0.0
0.0
0.0
0.0
0.0
0.0
0.0
0.0
0.0
0.0
0.0
0.0
0.0
0.0
0.0
0.0
0.0
0.0
0.0
0.0
0.0
0.0
0.0
0.0
0.0
0.0
0.0
0.0
0.0
0.0
