0.00012033333333333332
0.00012033333333333332
0.00012033333333333332
0.00012033333333333332
0.00012033333333333332
0.00012033333333333332
0.00023808695652173913
0.0003225806451612903
0.0005155652173913043
0.0010843373493975904
0.001896975806451613
0.001896975806451613
0.0019055555555555557
0.004732
0.004590449999999999
0.0048873582887700535
0.00551471282051282
0.0031615291005291004
0.0030560208333333333
0.002834175879396985
0.00279752
0.0027220904522613065
0.0026937800000000002
0.0025632800000000002
0.002509519417475728
0.0004415806451612903
0.00040128571428571427
0.0003846153846153846
0.00037696153846153847
0.00036864
0.0003450416666666667
0.0003215652173913044
0.00029952173913043483
0.00023472222222222224
0.00020166666666666664
0.0001944
0.0001944
0.0001944
0.0001715
0.00016006666666666666
0.00016006666666666666
0.00014464285714285713
0.00011781818181818181
0.00011781818181818181
0.0001089
0.00010240000000000001
0.00010240000000000001
0.00010240000000000001
0.00010240000000000001
8.711111111111112e-05
2.45e-05
1.8e-05
1.8e-05
1.8e-05
1.8e-05
1.8e-05
1.8e-05
1.8e-05
9e-06
9e-06
9e-06
9e-06
9e-06
9e-06
9e-06
9e-06
9e-06
9e-06
9e-06
9e-06
9e-06
9e-06
9e-06
9e-06
9e-06
9e-06
9e-06
0.0
0.0
0.0
0.0
0.0
0.0
0.0
0.0
0.0
0.0
0.0
0.0
0.0
0.0
0.0
0.0
0.0
0.0
0.0
0.0
0.0
0.0
0.0
0.0
