4.5e-05
4.5e-05
4.5e-05
4.5e-05
4.5e-05
4.5e-05
0.000117
0.00024003846153846154
0.0005666666666666666
0.0008837808219178083
0.0019501838235294116
0.0019501838235294116
0.002084056338028169
0.004955709359605911
0.004930805687203791
0.004888940092165899
0.004819113122171946
0.0030029194312796207
0.0029163551401869157
0.002822124401913876
0.0027915576923076926
0.002744649289099526
0.0027216
0.002595260663507109
0.0025557824074074072
0.00044253125
0.00042661290322580647
0.00038744827586206895
0.0003703703703703704
0.00034848148148148146
0.00032725925925925924
0.00030465384615384615
0.0002535
0.00020889473684210526
0.00017794117647058823
0.0001625625
0.0001625625
0.00014464285714285713
0.00013569230769230767
0.00013569230769230767
0.00012930769230769232
0.00012930769230769232
9.609999999999999e-05
9.609999999999999e-05
9e-05
9e-05
9e-05
8.1e-05
7.2e-05
6.3e-05
3.6e-05
3.6e-05
2.7e-05
2.7e-05
2.7e-05
2.7e-05
2.7e-05
2.7e-05
9e-06
9e-06
9e-06
0.0
0.0
0.0
0.0
0.0
0.0
0.0
0.0
0.0
0.0
0.0
0.0
0.0
0.0
0.0
0.0
0.0
0.0
0.0
0.0
0.0
0.0
0.0
0.0
0.0
0.0
0.0
0.0
0.0
0.0
0.0
0.0
0.0
0.0
0.0
0.0
0.0
0.0
0.0
0.0
