0.00012930769230769232
0.00012930769230769232
0.00012930769230769232
0.00012930769230769232
0.00012930769230769232
0.00012930769230769232
0.0002023157894736842
0.00028033333333333333
0.0006422241379310345
0.001149774193548387
0.001906015748031496
0.001906015748031496
0.001906015748031496
0.005761406593406594
0.006065927461139896
0.0058960459183673465
0.006174109452736319
0.0031313636363636366
0.0030835207373271886
0.0029131659192825113
0.002861301801801802
0.002774158371040724
0.002774158371040724
0.0026262901785714284
0.002579298642533937
0.00036938461538461534
0.00035344
0.0003450416666666667
0.0003450416666666667
0.0003226666666666667
0.0002592
0.00022926315789473684
0.00019338888888888889
0.0001755625
0.00013828571428571427
0.00012930769230769232
0.00012930769230769232
0.00012930769230769232
0.00012930769230769232
0.00012930769230769232
0.00010509090909090909
9.9e-05
8.1e-05
8.1e-05
7.2e-05
5.4e-05
5.4e-05
5.4e-05
5.4e-05
5.4e-05
1.8e-05
1.8e-05
1.8e-05
1.8e-05
1.8e-05
9e-06
9e-06
9e-06
9e-06
9e-06
9e-06
9e-06
9e-06
9e-06
9e-06
9e-06
9e-06
9e-06
9e-06
9e-06
9e-06
0.0
0.0
0.0
0.0
0.0
0.0
0.0
0.0
0.0
0.0
0.0
0.0
0.0
0.0
0.0
0.0
0.0
0.0
0.0
0.0
0.0
0.0
0.0
0.0
0.0
0.0
0.0
0.0
0.0
0.0
