9.9e-05
9.9e-05
9.9e-05
9.9e-05
9.9e-05
9.9e-05
0.000144
0.0003333333333333333
0.00061952
0.0011775316455696202
0.004437600000000001
0.004437600000000001
0.006062762589928057
0.00580608
0.005681818181818182
0.005629644808743169
0.005838408376963351
0.00285768
0.002789070351758794
0.00264992
0.0025747272727272724
0.00253472
0.0025221094527363183
0.0023805
0.0023441658291457287
0.0003134705882352941
0.0003134705882352941
0.000289
0.00027222222222222226
0.0002578947368421053
0.00023472222222222224
0.00020906666666666666
0.00016276923076923076
0.00014008333333333334
0.00011377777777777778
9.8e-05
8.928571428571429e-05
6.666666666666667e-05
5.1200000000000004e-05
5.1200000000000004e-05
5.1200000000000004e-05
5.1200000000000004e-05
5.1200000000000004e-05
5.1200000000000004e-05
4.5e-05
4.5e-05
4.5e-05
4.5e-05
3.6e-05
3.6e-05
0.0
0.0
0.0
0.0
0.0
0.0
0.0
0.0
0.0
0.0
0.0
0.0
0.0
0.0
0.0
0.0
0.0
0.0
0.0
0.0
0.0
0.0
0.0
0.0
0.0
0.0
0.0
0.0
0.0
0.0
0.0
0.0
0.0
0.0
0.0
0.0
0.0
0.0
0.0
0.0
0.0
0.0
0.0
0.0
0.0
0.0
0.0
0.0
0.0
0.0
0.0
