7.2e-05
7.2e-05
7.2e-05
7.2e-05
7.2e-05
7.2e-05
0.000117
0.00024066666666666664
0.0004826304347826087
0.0009924050632911393
0.0022567352941176466
0.0022567352941176466
0.0024208985507246377
0.005357580487804879
0.0052403932038834955
0.005094449074074074
0.0054952869955156945
0.0031602437810945277
0.0030736119402985074
0.002929063725490196
0.0028622243902439023
0.002818660194174757
0.002789145631067961
0.0026005761904761902
0.002569560185185185
0.00040220689655172414
0.0003862857142857143
0.0003715714285714286
0.00034848148148148146
0.00033265384615384613
0.0002489090909090909
0.00020672222222222224
0.0001844705882352941
0.00015625
0.00013207142857142858
0.00011408333333333333
9.9e-05
9.9e-05
7.2e-05
6.3e-05
6.3e-05
6.3e-05
6.3e-05
6.3e-05
6.3e-05
5.4e-05
5.4e-05
5.4e-05
5.4e-05
5.4e-05
3.6e-05
3.6e-05
3.6e-05
3.6e-05
2.7e-05
2.7e-05
2.7e-05
2.7e-05
1.8e-05
1.8e-05
9e-06
9e-06
0.0
0.0
0.0
0.0
0.0
0.0
0.0
0.0
0.0
0.0
0.0
0.0
0.0
0.0
0.0
0.0
0.0
0.0
0.0
0.0
0.0
0.0
0.0
0.0
0.0
0.0
0.0
0.0
0.0
0.0
0.0
0.0
0.0
0.0
0.0
0.0
0.0
0.0
0.0
