7.8125e-05
7.8125e-05
7.8125e-05
7.8125e-05
7.8125e-05
7.8125e-05
0.00013828571428571427
0.00029824137931034483
0.0005400208333333333
0.0008800512820512821
0.0016906124031007754
0.0016906124031007754
0.001760030303030303
0.006233520833333333
0.005888313725490196
0.005792391304347826
0.0058094626168224296
0.0032201666666666663
0.0031829770642201835
0.0029799816513761466
0.002904
0.0028180829493087557
0.002810880184331797
0.0026974835680751174
0.002633807511737089
0.0004192258064516129
0.00039032258064516126
0.0003022857142857143
0.0003022857142857143
0.0003022857142857143
0.00027788461538461533
0.00024456521739130437
0.00019845
0.00017152941176470587
0.00015625
0.00011408333333333333
0.00011408333333333333
0.00010509090909090909
9e-05
7.2e-05
7.2e-05
6.3e-05
1.8e-05
1.8e-05
1.8e-05
1.8e-05
1.8e-05
9e-06
9e-06
9e-06
0.0
0.0
0.0
0.0
0.0
0.0
0.0
0.0
0.0
0.0
0.0
0.0
0.0
0.0
0.0
0.0
0.0
0.0
0.0
0.0
0.0
0.0
0.0
0.0
0.0
0.0
0.0
0.0
0.0
0.0
0.0
0.0
0.0
0.0
0.0
0.0
0.0
0.0
0.0
0.0
0.0
0.0
0.0
0.0
0.0
0.0
0.0
0.0
0.0
0.0
0.0
