7.2e-05
7.2e-05
7.2e-05
7.2e-05
7.2e-05
7.2e-05
0.000126
0.00024615384615384614
0.00043911363636363636
0.0007733478260869565
0.0015808090909090909
0.0015808090909090909
0.0016143947368421052
0.00652827374301676
0.006303961956521739
0.0061553763440860216
0.005980440217391304
0.0033150054347826086
0.003186574468085106
0.0030484153846153843
0.002924269035532995
0.002871292929292929
0.0028644472361809043
0.002689923076923077
0.0026429761904761904
0.0006002307692307692
0.0006002307692307692
0.0005682432432432432
0.0005526756756756757
0.0005231842105263159
0.00046082857142857144
0.00042778125
0.00037453333333333335
0.00033124
0.0002653157894736842
0.00022611764705882353
0.00021025
0.0001944
0.0001857857142857143
0.0001857857142857143
0.00017857142857142857
0.00016992307692307692
0.0001444
0.0001444
0.00014545454545454546
0.00013827272727272728
0.000121
0.000121
0.00011377777777777778
0.00011377777777777778
3.6e-05
3.6e-05
2.7e-05
2.7e-05
2.7e-05
2.7e-05
1.8e-05
1.8e-05
1.8e-05
1.8e-05
1.8e-05
1.8e-05
9e-06
9e-06
9e-06
9e-06
9e-06
9e-06
0.0
0.0
0.0
0.0
0.0
0.0
0.0
0.0
0.0
0.0
0.0
0.0
0.0
0.0
0.0
0.0
0.0
0.0
0.0
0.0
0.0
0.0
0.0
0.0
0.0
0.0
0.0
0.0
0.0
0.0
0.0
0.0
0.0
