0.002335010752688172
0.002335010752688172
0.002335010752688172
0.002335010752688172
0.002335010752688172
0.002335010752688172
0.003993889705882353
0.008102396739130435
0.013637440677966102
0.010231527881040892
0.006485061302681992
0.006485061302681992
0.006420246153846154
0.0030653567251461987
0.0030334674556213017
0.0029988000000000003
0.002965294117647059
0.00024123076923076922
0.00024123076923076922
0.000136125
9.6e-05
9.6e-05
9.6e-05
4.8e-05
3.2e-05
0.0
0.0
0.0
0.0
0.0
0.0
0.0
0.0
0.0
0.0
0.0
0.0
0.0
0.0
0.0
0.0
0.0
0.0
0.0
0.0
0.0
0.0
0.0
0.0
0.0
0.0
0.0
0.0
0.0
0.0
0.0
0.0
0.0
0.0
0.0
0.0
0.0
0.0
0.0
0.0
0.0
0.0
0.0
0.0
0.0
0.0
0.0
0.0
0.0
0.0
0.0
0.0
0.0
0.0
0.0
0.0
0.0
0.0
0.0
0.0
0.0
0.0
0.0
0.0
0.0
0.0
0.0
0.0
0.0
0.0
0.0
0.0
0.0
0.0
0.0
0.0
