0.0019697204301075267
0.0019697204301075267
0.0019697204301075267
0.0019697204301075267
0.0019697204301075267
0.0019697204301075267
0.0032406428571428573
0.004495312883435583
0.011671705627705628
0.009720541353383459
0.0067552397003745315
0.0067552397003745315
0.006675
0.0033136179775280898
0.0032108764044943817
0.0031493093922651933
0.003115434065934066
0.0001764
0.0001764
0.0001521111111111111
0.0001521111111111111
0.00012014285714285714
0.000112
9.6e-05
8e-05
0.0
0.0
0.0
0.0
0.0
0.0
0.0
0.0
0.0
0.0
0.0
0.0
0.0
0.0
0.0
0.0
0.0
0.0
0.0
0.0
0.0
0.0
0.0
0.0
0.0
0.0
0.0
0.0
0.0
0.0
0.0
0.0
0.0
0.0
0.0
0.0
0.0
0.0
0.0
0.0
0.0
0.0
0.0
0.0
0.0
0.0
0.0
0.0
0.0
0.0
0.0
0.0
0.0
0.0
0.0
0.0
0.0
0.0
0.0
0.0
0.0
0.0
0.0
0.0
0.0
0.0
0.0
0.0
0.0
0.0
0.0
0.0
0.0
0.0
0.0
0.0
