0.0029049417475728156
0.0029049417475728156
0.0029049417475728156
0.0029049417475728156
0.0029049417475728156
0.0029049417475728156
0.0040612578125
0.007554186868686868
0.013992248062015504
0.00992802787456446
0.006715003717472119
0.006715003717472119
0.0066603
0.0033918478260869566
0.0033086593406593404
0.0032164033149171267
0.003197950819672131
0.0002025
0.0001681
0.000136125
0.000112
6.4e-05
4.8e-05
4.8e-05
1.6e-05
0.0
0.0
0.0
0.0
0.0
0.0
0.0
0.0
0.0
0.0
0.0
0.0
0.0
0.0
0.0
0.0
0.0
0.0
0.0
0.0
0.0
0.0
0.0
0.0
0.0
0.0
0.0
0.0
0.0
0.0
0.0
0.0
0.0
0.0
0.0
0.0
0.0
0.0
0.0
0.0
0.0
0.0
0.0
0.0
0.0
0.0
0.0
0.0
0.0
0.0
0.0
0.0
0.0
0.0
0.0
0.0
0.0
0.0
0.0
0.0
0.0
0.0
0.0
0.0
0.0
0.0
0.0
0.0
0.0
0.0
0.0
0.0
0.0
0.0
0.0
0.0
