0.0022252747252747254
0.0022252747252747254
0.0022252747252747254
0.0022252747252747254
0.0022252747252747254
0.0022252747252747254
0.003346116279069768
0.0046791219512195125
0.009530472727272726
0.01027817175572519
0.006621108433734939
0.006621108433734939
0.006538859437751004
0.0033020919540229883
0.003182450867052023
0.0030982558139534887
0.0030409470588235294
0.00023408333333333335
0.00021827272727272727
0.00012857142857142858
0.00012857142857142858
0.00011266666666666668
0.00011266666666666668
9.68e-05
8e-05
0.0
0.0
0.0
0.0
0.0
0.0
0.0
0.0
0.0
0.0
0.0
0.0
0.0
0.0
0.0
0.0
0.0
0.0
0.0
0.0
0.0
0.0
0.0
0.0
0.0
0.0
0.0
0.0
0.0
0.0
0.0
0.0
0.0
0.0
0.0
0.0
0.0
0.0
0.0
0.0
0.0
0.0
0.0
0.0
0.0
0.0
0.0
0.0
0.0
0.0
0.0
0.0
0.0
0.0
0.0
0.0
0.0
0.0
0.0
0.0
0.0
0.0
0.0
0.0
0.0
0.0
0.0
0.0
0.0
0.0
0.0
0.0
0.0
0.0
0.0
0.0
