0.002350135922330097
0.002350135922330097
0.002350135922330097
0.002350135922330097
0.002350135922330097
0.002350135922330097
0.00329315
0.005756886486486487
0.008268645161290321
0.01021288581314879
0.00655
0.00655
0.006470244274809161
0.0031996300578034684
0.0031641609195402296
0.003045885057471264
0.002997232558139535
0.00022727272727272727
0.00022727272727272727
0.000171125
0.00013728571428571427
8e-05
8e-05
6.4e-05
6.4e-05
1.6e-05
1.6e-05
0.0
0.0
0.0
0.0
0.0
0.0
0.0
0.0
0.0
0.0
0.0
0.0
0.0
0.0
0.0
0.0
0.0
0.0
0.0
0.0
0.0
0.0
0.0
0.0
0.0
0.0
0.0
0.0
0.0
0.0
0.0
0.0
0.0
0.0
0.0
0.0
0.0
0.0
0.0
0.0
0.0
0.0
0.0
0.0
0.0
0.0
0.0
0.0
0.0
0.0
0.0
0.0
0.0
0.0
0.0
0.0
0.0
0.0
0.0
0.0
0.0
0.0
0.0
0.0
0.0
0.0
0.0
0.0
0.0
0.0
0.0
0.0
0.0
0.0
