0.0022137604166666664
0.0022137604166666664
0.0022137604166666664
0.0022137604166666664
0.0022137604166666664
0.0022137604166666664
0.0031305245901639346
0.005802331395348837
0.013383475770925109
0.010467226765799257
0.006590759689922481
0.006590759689922481
0.006545189189189189
0.0032904602272727274
0.0031971657142857144
0.003139705202312139
0.0030687514124293786
0.0001805
0.00013728571428571427
0.0001058
0.0001058
9.025e-05
9.025e-05
9.025e-05
8.1e-05
4.8e-05
4.8e-05
3.2e-05
3.2e-05
3.2e-05
1.6e-05
0.0
0.0
0.0
0.0
0.0
0.0
0.0
0.0
0.0
0.0
0.0
0.0
0.0
0.0
0.0
0.0
0.0
0.0
0.0
0.0
0.0
0.0
0.0
0.0
0.0
0.0
0.0
0.0
0.0
0.0
0.0
0.0
0.0
0.0
0.0
0.0
0.0
0.0
0.0
0.0
0.0
0.0
0.0
0.0
0.0
0.0
0.0
0.0
0.0
0.0
0.0
0.0
0.0
0.0
0.0
0.0
0.0
0.0
0.0
0.0
0.0
0.0
0.0
0.0
0.0
0.0
0.0
0.0
0.0
0.0
