0.0020736
0.0020736
0.0020736
0.0020736
0.0020736
0.0020736
0.003225196850393701
0.00483269540229885
0.010991739130434781
0.01001095719844358
0.0065957037037037035
0.0065957037037037035
0.006581173553719008
0.003252258064516129
0.0030960263157894736
0.003060775641025641
0.003007852564102564
0.0003350769230769231
0.0002458181818181818
0.0002209
0.00020544444444444446
0.00017777777777777776
0.00017777777777777776
0.00012014285714285714
0.00012014285714285714
0.0
0.0
0.0
0.0
0.0
0.0
0.0
0.0
0.0
0.0
0.0
0.0
0.0
0.0
0.0
0.0
0.0
0.0
0.0
0.0
0.0
0.0
0.0
0.0
0.0
0.0
0.0
0.0
0.0
0.0
0.0
0.0
0.0
0.0
0.0
0.0
0.0
0.0
0.0
0.0
0.0
0.0
0.0
0.0
0.0
0.0
0.0
0.0
0.0
0.0
0.0
0.0
0.0
0.0
0.0
0.0
0.0
0.0
0.0
0.0
0.0
0.0
0.0
0.0
0.0
0.0
0.0
0.0
0.0
0.0
0.0
0.0
0.0
0.0
0.0
0.0
