0.0020101951219512197
0.0020101951219512197
0.0020101951219512197
0.0020101951219512197
0.0020101951219512197
0.0020101951219512197
0.0041795853658536586
0.006195512195121952
0.00963596261682243
0.009633565737051793
0.006602049586776859
0.006602049586776859
0.006579053278688524
0.003294225
0.003244598765432099
0.0031417562499999998
0.003080025
0.00023511111111111112
0.00023511111111111112
0.0001805
0.000153125
0.000153125
0.000153125
0.00011266666666666668
0.00011266666666666668
3.2e-05
1.6e-05
1.6e-05
1.6e-05
1.6e-05
1.6e-05
1.6e-05
1.6e-05
0.0
0.0
0.0
0.0
0.0
0.0
0.0
0.0
0.0
0.0
0.0
0.0
0.0
0.0
0.0
0.0
0.0
0.0
0.0
0.0
0.0
0.0
0.0
0.0
0.0
0.0
0.0
0.0
0.0
0.0
0.0
0.0
0.0
0.0
0.0
0.0
0.0
0.0
0.0
0.0
0.0
0.0
0.0
0.0
0.0
0.0
0.0
0.0
0.0
0.0
0.0
0.0
0.0
0.0
0.0
0.0
0.0
0.0
0.0
0.0
0.0
0.0
0.0
0.0
0.0
0.0
0.0
0.0
