0.0019261511627906977
0.0019261511627906977
0.0019261511627906977
0.0019261511627906977
0.0019261511627906977
0.0019261511627906977
0.002785704347826087
0.004337789473684211
0.008336520737327189
0.011044345864661655
0.007244817073170731
0.007244817073170731
0.007197161290322581
0.003683556213017751
0.0035801676300578032
0.0035167630057803467
0.003451867816091954
0.0003983684210526316
0.00034876470588235295
0.0002975625
0.00028166666666666666
0.00024123076923076922
0.0002008181818181818
0.0001681
0.000136125
8e-05
8e-05
8e-05
6.4e-05
6.4e-05
4.8e-05
3.2e-05
3.2e-05
1.6e-05
0.0
0.0
0.0
0.0
0.0
0.0
0.0
0.0
0.0
0.0
0.0
0.0
0.0
0.0
0.0
0.0
0.0
0.0
0.0
0.0
0.0
0.0
0.0
0.0
0.0
0.0
0.0
0.0
0.0
0.0
0.0
0.0
0.0
0.0
0.0
0.0
0.0
0.0
0.0
0.0
0.0
0.0
0.0
0.0
0.0
0.0
0.0
0.0
0.0
0.0
0.0
0.0
0.0
0.0
0.0
0.0
0.0
0.0
0.0
0.0
0.0
0.0
0.0
0.0
0.0
0.0
0.0
