0.001621041095890411
0.001621041095890411
0.001621041095890411
0.001621041095890411
0.001621041095890411
0.001621041095890411
0.0025465794392523365
0.0033820352112676057
0.01292150704225352
0.010263537190082645
0.006853924
0.006853924
0.006830730158730159
0.003495424581005587
0.0033467932960893855
0.003262044943820225
0.0032278876404494383
0.0003330625
0.00029039999999999996
0.00021675
0.00016
0.000144
0.000144
9.6e-05
8e-05
0.0
0.0
0.0
0.0
0.0
0.0
0.0
0.0
0.0
0.0
0.0
0.0
0.0
0.0
0.0
0.0
0.0
0.0
0.0
0.0
0.0
0.0
0.0
0.0
0.0
0.0
0.0
0.0
0.0
0.0
0.0
0.0
0.0
0.0
0.0
0.0
0.0
0.0
0.0
0.0
0.0
0.0
0.0
0.0
0.0
0.0
0.0
0.0
0.0
0.0
0.0
0.0
0.0
0.0
0.0
0.0
0.0
0.0
0.0
0.0
0.0
0.0
0.0
0.0
0.0
0.0
0.0
0.0
0.0
0.0
0.0
0.0
0.0
0.0
0.0
0.0
