0.018335524000000002
0.018335524000000002
0.018335524000000002
0.018335524000000002
0.018335524000000002
0.018335524000000002
0.01891433910034602
0.015912160655737705
0.01139212857142857
0.007079563636363637
0.0036089185185185185
0.0036089185185185185
0.003547140740740741
0.0002777777777777778
0.00019557142857142858
0.00017066666666666665
0.00017066666666666665
5e-05
5e-05
2.5e-05
2.5e-05
2.5e-05
2.5e-05
2.5e-05
0.0
0.0
0.0
0.0
0.0
0.0
0.0
0.0
0.0
0.0
0.0
0.0
0.0
0.0
0.0
0.0
0.0
0.0
0.0
0.0
0.0
0.0
0.0
0.0
0.0
0.0
0.0
0.0
0.0
0.0
0.0
0.0
0.0
0.0
0.0
0.0
0.0
0.0
0.0
0.0
0.0
0.0
0.0
0.0
0.0
0.0
0.0
0.0
0.0
0.0
0.0
0.0
0.0
0.0
0.0
0.0
0.0
0.0
0.0
0.0
0.0
0.0
0.0
0.0
0.0
0.0
0.0
0.0
0.0
0.0
0.0
0.0
0.0
0.0
0.0
0.0
0.0
