0.013019111570247934
0.013019111570247934
0.013019111570247934
0.013019111570247934
0.013019111570247934
0.013019111570247934
0.018806533568904594
0.01535375737704918
0.01152984300341297
0.007461563559322034
0.0039027027027027025
0.0039027027027027025
0.003877721088435374
0.00039675
0.00031360000000000003
0.000256
0.00026010000000000003
5e-05
2.5e-05
0.0
0.0
0.0
0.0
0.0
0.0
0.0
0.0
0.0
0.0
0.0
0.0
0.0
0.0
0.0
0.0
0.0
0.0
0.0
0.0
0.0
0.0
0.0
0.0
0.0
0.0
0.0
0.0
0.0
0.0
0.0
0.0
0.0
0.0
0.0
0.0
0.0
0.0
0.0
0.0
0.0
0.0
0.0
0.0
0.0
0.0
0.0
0.0
0.0
0.0
0.0
0.0
0.0
0.0
0.0
0.0
0.0
0.0
0.0
0.0
0.0
0.0
0.0
0.0
0.0
0.0
0.0
0.0
0.0
0.0
0.0
0.0
0.0
0.0
0.0
0.0
0.0
0.0
0.0
0.0
0.0
0.0
