0.019499238805970147
0.019499238805970147
0.019499238805970147
0.019499238805970147
0.019499238805970147
0.019499238805970147
0.01837570568561873
0.015151022012578617
0.010806167832167831
0.006908642857142857
0.0033906136363636365
0.0033906136363636365
0.0033602727272727274
8.533333333333332e-05
8.533333333333332e-05
8.533333333333332e-05
8.533333333333332e-05
2.5e-05
0.0
0.0
0.0
0.0
0.0
0.0
0.0
0.0
0.0
0.0
0.0
0.0
0.0
0.0
0.0
0.0
0.0
0.0
0.0
0.0
0.0
0.0
0.0
0.0
0.0
0.0
0.0
0.0
0.0
0.0
0.0
0.0
0.0
0.0
0.0
0.0
0.0
0.0
0.0
0.0
0.0
0.0
0.0
0.0
0.0
0.0
0.0
0.0
0.0
0.0
0.0
0.0
0.0
0.0
0.0
0.0
0.0
0.0
0.0
0.0
0.0
0.0
0.0
0.0
0.0
0.0
0.0
0.0
0.0
0.0
0.0
0.0
0.0
0.0
0.0
0.0
0.0
0.0
0.0
0.0
0.0
0.0
0.0
