8 39 75 109 214 295 853
53 67
178 224
141 192 206 293 640 670 739 820
40 83 109 593 762 862 955
20 376
55 192
401 509
18 56 240 423 919
21 52 447 568 588 597
23 474
27 220 239 257
22 101 256 424 464
18 22 26 143 251 410 586 743 807
30 168 310 468 781
512 705 895
4 55 173 429 836
45 67
3 6 29 110 165 198 297
18 101 143 158 217 308 752 825
56 81 125 146 844 892
71 175 273 396 587
50 91
557 639
163 219 251 278 434 461 842 858
26 27 103 336 541
772 926
2 12
22 59 222 342 367 558 605 617 651 717
12 14 148 705 807 850
1 25 93 211 281 304 438 785 921
20 127
112 571 978
15 19 153 154 184 393 728 831 988
16 59 331 582
167 750
129 165 558
61 132 145 214 343
738 885
90 799 872
2 44 76 156 226 694 901 913
79 187
45 89 314 372 926
10 16 497
4 41 48 148
312 351 464 598
38 86
20 77 897
32 63 68 116 260 375
15 55 81 174 187 261 393 636 770 910
66 171
3 22 119 228 564 698 881
10 27 38 86 88 173 366 402 523
119 248 894
11 16 75
16 58 482
8 16 17 34 138 409 830 862 884
31 243 294 357 518
256 985
5 68 197 454 516 527 556 998
72 255
38 86 817 888
4 47
163 373 761
19 38 259 330 625 810 841 872
7 240
9 74 176 559 638 691
15 505
202 206 711
5 42 68 86 175 260 540
22 50 162 617 706
18 56 892
863 937
231 242
45 109 212 314 347 612 699
172 719 906
18 317 690 774
60 94 139 297 664
14 16 137 152 530 618 689 791 996
57 140
6 58 98 185
22 223 238 327 342 397 439
187 393
91 173 387 520 583 702 830
315 352
130 442 521
21 61 132 173 214 402 605 896
508 829
42 66 516 732
124 414 596 902
31 63 116 186 219 260 518 958
2 159 203 398 500
67 271
14 417 797
6 160 977
795 866
77 82 158 208 282 966
18 410 461
14 57 186 396 414 984
81 350 565 586 825
545 589 675 925
11 381
139 544
44 46 183 622 682
25 52 60 64 101 144 161 247 280 349
189 370
4 23
9 392
46 627 889
9 125 232 281
17 138 275 404 666 882
315 595 840
106 535
83 141 190 720 949
46 107 166 318 355 418 567 606 951
59 223 238 488 644 880
196 403 898 990
63 253 879
114 153 348 974
7 32 43 239 852
158 174 205
2 12 111
319 737 857
31 260
1 8 91 144 211 363 746
38 62 97 112 117 183 235 561 845 967
15 286
21 30 88 221 273 323 366 377 387
31 35 61 460 536
1 52 821
126 218 441 453 494
383 394
152 288 532 769 845
151 452
225 393
13 16 152 499
5 6 98 125 160 196 310 687 861
350 366 867
501 715
215 225 641 936
24 100 133 254 549
14 73 197 754 802 956
228 238 397 457 582 741
263 868
191 237 254 531 690 876
182 222
23 289 356 395 404 614 858 951
178 734 989
127 557 674
30 468
17 28 122 318 470
31 49 71 79 82 215
11 40 46 318 593 660 681 862
2 460 589
2 9 39 44 137 148 549 913
248 395 632 712
19 115 335 739
55 114 142 426 665 809 829
390 489 831
660 763 823 834
183 317 533
270 365 458 822 838 871
4 954
12 88 246 247 305 321 561
295 860
100 308
61 214 275
45 89
171 401 606 828
152 511
1 430 492
61 824
16 54
25 281
5 319 472 917
5 528 540 570 931
263 284 302
137 425 787
63 71 116 396 427 536 792 815
113 451 577
35 65 304 576 596 699
186 241 303 401
92 99 118 241 645 657 866
151 630 806
42 68 759 766 917
149 191 299
9 26 73 216 229 281 631 710 794
182 204 662 880
4 25
94 782
101 112 351 444 598 602
274 754
141 752
42 66 95 277
496 939
4 135 543 581
23 29 614 789
85 126 232 276 293 295 346
154 446 700
552 809
51 200 358 448 450 478 488 906
115 476 992
22 594 741
136 543 580 788 902
38 623 674
8 13 16 17 46 69 152 338
120 252 358
77 506
127 307 362 852 997
14 57 73 140 800 981
179 846 962
92 160 308 828
108 123 128 203 314 320 490
57 460
3 9 15 56 70 134 631 648 883
132 133 458 634
82 692
13 17
470 563 784
23 905
22 576
165 406 970
255 269 429
15 69 122 209 282 481 514 534 553 770
59 439 515
49 174 208 225 491
15 20 41 116 145 376 683 874 896
28 739
5 27 38 42 95 171 220 279 606
455 689
70 197 985
120 700 749 843
336 391
65 365 657
249 295 340 475 875
78 164 171 284
4 66 95 102 106 300 334 401 510 974
75 98 142 178 344 421 498 513 832
132 402
74 152 249 492 511 771 829 833
1 33 50 89 128 177 746
205 369 452 505
2 12 48
33 50 89 177
35 118 480 521 645 903
19 173 210 329 634 700
55 272 514 534
490 639 693
444 602
12 24 44 97 117 226 262 317
65 179 384 708 745
169 221 285 350
170 455 542
33 108
179 264 546
16 75
44 195
112 167 204 477 869 992
18 72 374
119 191 199 222 331 443 469 905
14 517
64 280 572 941
169 327 362 548
63 96 116 879
466 492
182 629
42 506 609
43 311
131 370 462 695 904
51 514
9 350
35 65
258 316
131 262
812 819
235 413
2 355
41 54 290 378 445 669
72 130 362 397 566 614
64 99 107 155 183 231 487 783
18 26 217 640
59 105 265 315 331 475 875
28 810 970
84 151 226 503 533 758
2 76
22 500 592
56 71 78 110 164 298 757 816 856
28 115 529 676 973
2 13 27 330 523 718 730
51 55 64 142 151 234 286 421 773 921
68 196 724
26 176 615
143 324 399 524 631 702 801 863
100 539 838
7 30 37 88 90 143 325 436
380 745
104 445 846 994
250 284 616 728
61 145
62 353 560 598 698 857
597 613 710 768
251 278
14 57 193 341 502 654
180 554
64 161
373 379
24 76 748
435 465 472 526 609 976
366 449 604 725
25 60 87
21 34 231
145 336 343 402 431
11 133 254 377 574 729 814 828 973
59 228
8 18 32 239 328 345 559 571 671 795
83 137
36 130
14 74 245 332 755
57 182 651
167 464
383 394 948
181 265 982
17 164 284 723 749
82 514
59 191 203 222 299 309 327 354 457 881
3 6 175 286
612 794
189 262 496 864
50 92 275 635
658 961
270 980
113 248 267
68 164 652
77 105
37 84 428 919 961
131 407
116 294 995
26 69 77 151 156 158 208 249 553 684
82 263 415 491
86 733 888
50 305
405 434
21 242 600
422 553
389 399 479
5 134 325 527 535
28 128 232 400
7 125 245
67 527
124 185
101 413
2 76 860
31 135 536
323 449
2 177
9 152
59 327 515
384 713 885
30 497
14 95 246 296
36 150 181 289 360
25 530
35 241 264 277 408 435 444 465
48 83
32 39 46 419 583 753 779 876
36 181 517
33 50 123
45 50 105 306 482 790 930
5 115 150 157 454 526 771 873 959
44 68 76 102 155 156 636
12 120 441
153 301 630 740
44 66 337 513
65 199 724 948
205 311
100 270 308 978
61 145 494
6 29 287 557
28 110 293 340 579 868 912
140 981
21 64 768 774
288 338
27 656 730
12 44 45 58 155 183 212 305
230 365 546 550
356 650 684 996
37 54 217 324 361 485 937
21 85 161
3 33 35 45 53 85 123 814
20 41 248 543
209 526 638 793
43 283 362 672
25 785
49 127 261
28 42 504
105 121
6 53 100 128 133 195 270 574 910
134 375 390 863
69 122 178 209 426 498 786
25 781
32 153 246 549 595
60 785
12 119 287 592 686 790
49 264
6 185 234 280 756 977
56 74 176 324 607
18 84 146 187 238 607
105 121 960
7 37 284 368 680
79 196 291 394 468
6 227 339 351 360 517 604 812 911
90 168
410 485
9 243 258 332 399 670 933
3 6 252
14 478
150 442
72 293 781 789 886
14 200 276 571
25 94 389 399 556 569 721
285 698
157 171
180 356 969
255 565
33 50 85 89 90 207 346 790 893
117 337
72 940
10 190 613
244 664
87 165 530
627 784
24 850
8 16 40
832 975
106 509
87 115 189
7 146 201 375
55 114
21 194 727
25 386 893
42 237 516 766
10 54 342
10 11 567 681
423 473 755
227 668
37 126 190 313 334 364 593
70 206 245 390 831
32 41 196
447 688
49 131 262 462 731
4 7 41 287 451
85 218
7 72 81 141 143 274 687
7 70 99 112 221 436 456 487 738
31 57 63 96 140 450
52 62 82 146 280 450 588 859 941
8 47 54 385 800
38 86 731
1 279 525
12 24 30 148 155 188 449 647 748 891
22 100 191 299 354 439 495 564 603
34 107
1 663
1 67 89 93 222 338 400 663
250 306 459 475 578
70 453 610
578 584
220 257
45 58 64
62 112
29 98
3 53 608 819 900
230 499
109 895
25 67 271
69 178 806
44 551 774
43 287
95 917
58 271 717
13 28 52 53 107 164 685 999
7 18 56 81 239 453 736 801 877 983
5 76 117 506
4 378
12 15 24 122
23 124 440 547
48 358
15 151 369 481 502 541
283 489
319 508 771 908
17 19 129 160 344 432
13 16 138 945
159 679
1 93 114 957
382 684
22 23 76 566 789
249 511 833
57 391
18 19 26 315 368 392 658
58 67 88 89 300 307 484 643
27 369 541 878
27 130 181 198 199 289 403 517 668 687
23 24 47 798
11 39 54 109 142 430 915
52 64 572 678
44 159 170 250 359 554
181 227
7 32
4 159 170 180 969
2 523 608 840
504 673 780
251 483 568
42 325 435 848 885
19 164 333 389 810 843
58 154 482 616
345 707 855
18 32 33 70 176 240 313 399 711 835
17 319 385 404 479 784
181 227 360 521
55 115 209 291
13 30 90 188 310 448 493 970
47 290
40 119 203
110 250 579 924
149 331 592 761
163 291 405 440 475 716
71 96 135 175 219 253 580 581 923 972
23 440 471
53 89 172 276
5 133 734
95 848
587 879
93 248
60 187 213 764 782 832 920
2 24 117
2 27 62 65 167 220 373 391 424 444
79 178 272 837 974
22 228
40 194 621 666 950
22 548 603
39 50 119 484 696
244 400
49 77 174 272 286 369 547 805
563 760 940
12 59 149 585 603
11 15 49 209 261 659 761
110 155 203 354
150 442 518
575 736 802
81 738
113 118 119 147 267 328 451 486
5 53 212 305 314 320 409 431 441 742
130 227 289
100 133 270
41 51 103 200 296 512 577 651 895 947
11 13 16 17 38 46 660 853
16 23 231 247 568 946
20 290 982
5 65 303 871
58 89 108 118 388
4 13 20 23 124 186 333 667 677 954
87 618
40 54 523
532 800
1 93 665
206 367
69 225 502 525 692 737
120 227 232 344 396 578 769 860 953
11 101 167
2 12 44 161 229 561
123 276
4 20 41 47 258 639 715
31 71
149 204
407 765
80 157 562 869
21 52 107 161 588 620 859 909
31 71 243 357 467 788 963
54 83 167 201 906 984
187 192 301
36 347
19 148 758
4 20 33 41 212 361 374 922
28 75 88 194 300 323 696 836
49 55 79 114 212 301 388 636 747
233 256 424 598 894
228 309 354 617 642
69 143 169 261 659
144 188
96 202
63 157
3 6 118 461 866 986
590 740
111 604
96 116 136 304
10 207 929
28 110 129 552 633
38 80 86 102 219 391 750 993
5 268
11 17 40 190 621 938
1 144
32 170 359
48 51
51 193
96 581
2 317
17 54 67 294 381 627 963
158 234 393 805
28 71 136 304 518 580
51 488
8 46 75 207 381 474 528
48 154 168 201 417 585 600 724 884
12 183 218 538 726 868
77 301 735
9 56
2 503
17 876
382 455
14 193 341 797 884
48 51 104 358
8 15 16 40
467 923
21 34
97 104
184 297
7 9 12 26 44 84 283 398 950
68 95
482 851
672 995
1 58 67 196
82 225 887
53 179 307 671
8 83 137 681
35 50 65 303 309 408 745
60 94 213 216
14 51 105 417
24 156 168 355 538
34 64 68 208 226 466
34 85 544
26 84 96 176 260 375 389 610 680 714
236 519 916
115 232 301
154 757
62 145 625 661 927
24 595
7 134 343 384 628
420 911 922
26 473
11 16 66 168 180 198 870
856 961
115 411 927
54 60 153 186 421 762 786 976
23 135 173 175 288 357 472 580 626 972
10 16 46 75 84 318 385 479 870 955
22 182 515 564
155 183 246
48 116 193 923
31 496 695
413 554
160 169
19 126 749
179 600
249 288
392 428 801 892
65 230 550 846
100 838
27 34 52 64 168 416 497 799 998
17 27 113 147 262
88 285 300 326 353 362 367 604 624
98 548
86 129 235 345 419 718 726 804 890 942
135 244 432
163 278 427 522
14 341
29 69 114 273 282 649 918
51 62 112 167 573 780 869 907
22 371
149 204 331 979
81 84 240 461 507 752
30 90 111 151 156 560
66 68 311 472
13 61 145 343 402 437 853
263 412
11 17 120 129 141 207 266 434 753 925
328 944
87 159 170 213 359 382 455 969
15 44 49 55 301 304 659 975
11 13 75 254 419 882
44 106 229 325 504 931
12 25 60 64 507 893
5 43 68 98 171 268 540 542 900
129 244
28 584 707 756 804 854 912
6 29 252 548
146 233 600
23 679 791
60 170 213 252 386 486 599 650 751 764
180 356 382 542 679
111 133 214 269 326 390 822
105 352
370 864
1 143 206 852
39 138 433 443 945 955
86 462
111 366 803
730 991
210 326 387
8 16 127 343 357 377 418
5 122 195 277 408
19 302 335
52 131 189 262
136 147 396
14 61 296 874
4 9 160 233 423 476 755 807 871
77 153 428 452 481
37 217 367 787
47 117 417 450 470 478 545 589 676
72 440
135 865
449 956
29 43
45 58 85 108 123 886
120 412
148 751
131 407 496
22 149
8 65 146 264
213 530 779
5 48 51
140 201 296 610
58 851
14 805 987
188 703 932
8 23 87 207 216
273 323 652 727 803
42 117 223 226 561
15 33 128 179 230 264 380 645 903
8 949
12 24 97 117 551 751 901 947
31 63 958
11 528
101 602
1 93 300
10 731
338 376 709 833
37 146 216 217 971
372 928
12 398
24 49 206 622
122 142 215 272 641 932
109 381 870
3 23 72 124 127 490 563 565
45 106 114 172 285 286 429 550
36 78 115 126 130 931
3 890
25 60 87 386 878 920
36 111 172 849
153 348
53 108 128 431
250 826
302 579
18 575
85 87 108 851
3 6 19 29 62 351 424 750 943
377 470 779
2 76 148 155 228 229 321 355 467 997
3 31 202
14 52 161 231 477
1 82
79 552 758 899 999
13 17 54 81 98 138 233 586
2 776
258 316 557 767
37 43 883
11 91 137 211
50 130
68 268
4 8 47 90 310 891 922
52 310 568 827
102 556
82 208 369 759 845 887 967
802 877
42 68 157 635 673 704
8 11 418 669 882
106 527
522 716
379 674
74 933
30 242
299 1000
3 6 29 43 195 205 208 224 458 519
130 150
469 629
360 371
4 61 480
8 40 364 409 644
59 112 246 629 776 947
46 364
10 11 40 620 825
201 545
7 32 81 134 221 240 368 835
20 104 126 232 298 378 446 463 709 942
8 40 91 363
28 70 162
113 267 463 944
131 370
16 433
21 783
34 64 495 678 688
45 50 314 431 701
32 74 84 134 239 283 361 473 909 952
53 67 504
96 202 207 294 493 663 682
103 171 198 275 949 963
14 51 57 195 545
257 330
53 108 123
3 6 29 43 185 883 937
74 361
35 113 147 179 335 380 493 777 818 890
113 118
13 275
90 194 394 531 590 719 725 898 990
1 36 46 85 144 163 244 372 377 603
2 5 7 166 184 218 321 322 437 742
6 29 103
47 501
210 719
47 303 529
48 57 296 302 358 387 488
7 26 81 94 197 221 245 346 743 796
132 145
80 733
217 292 564 594 642 1000
305 347
59 204 469 515 582 592 594 741
23 753
28 259 292 581 769
19 126 139 220 459 811 930 959
229 337 694
49 88 300
82 192
34 210 269 849
9 98 778
12 49 73 148 332 395 933
200 456
135 279
364 593 889 915
183 317
32 61 108 132 145 742
11 46 83 478
52 58 72 124 217 485 714 820 861
41 78 105
102 325 526
3 252 290 501 786 965
15 79 178 525 656 692 759 936
395 777
133 195 747
83 104 126 165 335
66 116 506
186 587 596
8 22 25 499 847
40 97 113 118 267 395 834
36 38 128 212 276
60 79 175
89 128 177 346 406 635
34 590
824 987
41 47 338 508 532
251 291 339
218 988
15 55 122 151 205 348 418 668 723
2 97 226 398 549 682
7 228 230 241 716
28 120 139 244 298 821
160 793 976
255 474
92 550
47 495 722
168 199 278 403
7 952
42 66 162 401 875
56 221 368 861
234 638 806
92 980
372 434
10 109
139 964
5 66 510
50 127 693 764
19 25 87 189 213 216 279 446 939
9 26 170 791
7 184 278 292 329 412 427
114 142 209 388 408 547 667
33 91 266 363
420 570
13 17 138
121 306
75 78 140 213 216 281 383 531
119 236 487 713
10 13 17 46 326 993
43 646
15 278 491 928
102 535 611
173 285 323
95 201 268
10 33 39 54 142 242 336 567 695 915
4 307 500 677 839
93 94 438 569
16 35
21 31 136 958 966
70 135 995
22 203 299 644 732 782 894
76 156 533 562 914
78 259 459 626 685 811 902
2 12 22 24 44 58 113 274 690
125 274 436 686
131 189 407 448 512 939
19 25 110 347 569 839 886 920
3 322 340 543
19 637
10 13 17 39 73 266 583 615
763 834
21 25 87 94
43 185 236
32 56 143 410
184 400 437 494 728 811 826 899 942 953
5 102 998
340 411
104 259 322 376 501 804 842 907 962
71 139 175 294 333
27 35 162 257 491 662 827
36 102 130 150 420 570 612 932
41 994
9 74 81 283
24 316 337 551
31 71 170 219 243 304 333 754
132 874
31 41 96 219 266 587 708 722 889
121 125
1 18 32 197 428 691
92 138 270 509 574 822
80 476
30 90 199 394 555 794 948
26 56 125 350
37 71 74 141 189 206 239 736 844
62 112 256 312 373 456 573
292 544
163 291 427
21 132 511
61 602 987
15 421
129 164
127 633 826
253 577 818
200 589
232 297 298 329 701
96 253 792
36 229 360 533 551 595 693
121 265 306 315 415 837
4 20 41 261 447 605 770 896 962
10 13 17 52 118 296 537 762 938
73 84 210 269 285 410 576 652
153 261 541 729 878
30 90
298 425
59 203
25 216 599
62 77 80 649 907 977 993
15 79 632 737
55 877
7 26 73 84 141 233 411 552 559
12 24 117 156 355 503 513 901 914 935
162 465
537 945
62 256 312 661
36 150 439 521
702 803
361 575
2 15 49 55 176 215 364
20 27 405 498
197 392
365 509 624 727 978 988
302 432 459 584
119 182 223 397
72 154 250 292 463 558 723
18 134 233 389 392 485 524 743
218 302 321 476 653 841
238 662
29 92
3 6 19 115 297 432 646 930
33 67 177
260 333 467
93 172 773 865
28 31 135 136 353 414 815
38 86 180 542
204 241 277 500 657
288 720
78 120
35 230
20 619 824
191 367 415
63 186
182 223 342 881 954
73 313
53 58 346 573 706
39 40 75 385
251 299
9 125
52 280 411 760
63 96 253 619
136 536
146 240
5 70
21 740
33 53 67 123 167 330 571 992
7 74 313 607
134 143 237 259 265 713 760 778
4 199 283 376 378
5 42 95 106 176 268 277 435 516 873
65 138
20 41
106 157 540 556 766
63 175 792
30 188 383 403 647 703
54 443
236 313 487
9 70 97 149 856
80 235 483 573
121 840
20 31 409
11 16 123 537
46 147 480 944 950
3 224 352
32 245 615 648 658 697 778
107 235 247
48 984
33 94
165 174 267 345 406 546 816 964
6 12 28 120 132 165 446 912 968
57 291 405 522 601 714 994
11 46 275 924
30 705
43 98 146 772
1 23 124 144 566
13 128
12 97
483 688
34 161 163 588 591 897 909
20 381
1 6 38
8 11 109 166 207 433 479 499 904
51 122 174 234 837
10 56 453
62 312 351 653
26 74 796
54 140 675
14 339 873
69 158 174 187 192 215 918 989
78 131 298 441 462 685 765
8 39 129 437 538
31 63 116 136 219 243 357 626 972
71 154 259
37 162 691
60 87 94 178
137 318 334 787
21 64 77 91 286 481 507 597 936 983
61 153 209 224 282 430 505 704 839 953
8 39 91 334 904
99 795
33 45 177
17 39 40 126 404 443
11 40 433
61 101 349 653 985
23 281 386
497 891
70 141
55 85 114 158 192 422 857
39 528
49 422
416 590 783 941 946
27 38 391 888
34 56 316 379 524 655 919
93 520
2 22 258 309
35 303
5 535
414 910
39 266 502
7 274 324 368 721
404 929
6 29 103 198 287 646 654
19 100 110 111 126 830 964
271 320
3 9 10 83 137 138 190 197 419 575
110 184 269 425 616 625
23 124 202 255 563 842
72 142 224 234 237 374 471 534 633
19 28 78 284 292 664
316 767
22 223 371
97 226 538 585 776 844 850
628 916
15 187 388 586 735
32 54 88 172 194 520 560 643 689 849
122 225
27 86 104 108 159 322 539
6 185
406 855
111 172 429 560
17 46 99 166 236 384 708
73 640
28 335
107 280 416
27 36 99 181 236 699 763
39 91 92 254 363
3 6 103 110 188 703
14 59 89 149 371 397 579 582 643
136 293 701
3 29
1 211
21 188 447 597
118 267
37 105 265 332 352 823 997
93 144
35 92 99 133 139 384 747 814 914
273 576
21 107 591 827
13 166 190 254 266
24 35 157 380 408 454 546 566 606 813
60 599
665 775
327 979
34 161 768
17 124 210 387 520 956
77 388 966
88 224 430 466 656
177 320
88 111 123 194 326
16 21 416 591 710
4 18 20 40 529 897
6 43 103 328 756
78 94 322 386 599 843
253 276
442 911
243 619
1 438
5 162
390 697
180 359 957
9 90 117 148 200 321 744
47 78 400 670
59 119 204 354 371 457 469 594 686
671 696
11 75 493
45 212
36 150 227 289 339 813
10 38 57 140 193 385 512 675
147 777
10 166
108 127 490
35 237 374
225 415
30 555
34 67 107 620 683 722 798
18 332 934 952 960
92 144
4 242 613 709 967
21 29 34 52 471 474 859
9 26 37 423 473 680
349 780
36 127 174 258 623 655
18 272 711 796
23 255
79 151 215 426 704
34 231
19 79 295 463 505 898
24 188 196
165 189 263 297 344 370 407 765
29 160
33 121 306 934
159 486 929
30 539 634
20 47 104 214 378 605
152 208 973
508 720 867
20 105 265
4 20 69 177 445 677
26 65 179 624 835
20 27 817
47 104
65 409
45 53 149 157 222 320 457 717
290 495
14 48 51 57 200 341 981
27 220 336
21 69 525
308 574
15 19 79 131 184 329 345 630 864 899
6 10 17 75
24 293 295 329 340 544 558 578 959 965
1 93
1 144 211 438 773
111 725
99 650 854
18 37 274
398 694 935
6 42 43 83 103 185 510 611 926 943
19 129 184 406 412 522 821 957
80 477 503
35 128 303
1 13 50 238 678
182 223 342
29 73 141 559 596
191 1000
36 103 137 169 222 339 420 519 927
42 241 277 348 673 817 968 991
14 42 201 290 654 676 797
1 23 211
8 847
30 168 194 403 641 647 735 793 799 836
10 637 841
147 451 712
264 365
78 198 519 808
13 83 847
48 282
49 69 122 192 205 215 498 775 887
788 815
309 379 655 767
352 934
5 95 109 190 268 334 567 572 621 718
120 139 164 263 965 990
10 66 95 102 106 121
248 328 480 577 938
2 94 102 288 319 744 908
38 44 106 220 246 257 337 968 991
5 142 171 534
76 513
80 349 464
15 158
3 198 808 819 986
84 233 979
180 413
35 813
2 24
132 214
98 113 118 712 734 808 818
11 163 372 601 669 812
272 426
18 56 134
47 683
271 305 307 484 706
66 609
57 76 162 454 510 611 732 903
109 172 273 465 867
36 289
3 98 156
45 81 405 601
532 908
242 247 946
4 41 107 121 572 583
601 858 928
80 101 235 312 562
13 925
971 986
26 205 224 282 452
1 10 166 211 865
569 618
53 85 123 271 484
124 471
154 186 202 294 356 486 554
13 66 256 373 661 733
173 269 649
30 48
1 3 27 159 257 330 489 537
359 382
10 91
25 60
69 311
62 349
9 80 210 379 489 623 697
3 169
425 809 999
9 375
380 460 584
97 229 775 880 935
37 74 324
18 32 125 221 524 648
1 37 279 374 565 746
77 748
3 99 169 529 854 916
130 347 348 492 553 757
125 672
252 436 971
29 43 103 169 185 287
73 176 721
2 12 24 121 960
181 570
72 99 531 628 940
147 152 249 951
199 468 798
29 43 353 900
4 10 63 104 147 458 744 823 982
97 155 585 622
92 341 539 980
632 921 975 989
39 91 166 230 363
642 905
726 855
494 637 816 924
7 9 19 45 70 820
15 82 114 422 466 729 848 918
445 715
9 73 80 245 772
2 76 608 913
7 26 37 983 996
1 150 190 193 237 279 547
30 101 112 129 231 448 456 562 872
14 48 139 707
1 33 202
8 13 16 555 666 667 943
51 140 193
100 195 218
311 344 353 477
34 247 483 507 591
383 555
