31
5
14
16
8
14
1
4
1
4
4
5
4
13
3
4
4
1
2
16
11
6
18
5
23
1
26
2
14
15
7
1
12
11
17
20
1
26
4
4
16
8
14
5
12
4
16
13
3
12
13
11
12
4
3
1
13
12
6
23
30
10
7
11
17
8
12
8
3
1
7
18
1
1
4
5
3
2
3
10
1
3
4
1
12
26
23
9
12
15
4
22
31
23
8
7
5
14
28
22
10
8
14
16
32
8
11
12
4
2
9
10
19
3
2
7
5
19
6
2
32
3
12
18
1
2
27
12
2
20
29
30
22
1
7
7
4
4
2
13
1
3
1
31
30
1
19
5
6
20
3
24
3
2
5
5
8
3
21
14
11
8
25
2
2
4
10
15
14
21
8
9
9
3
7
1
12
3
17
21
20
6
5
2
14
7
3
15
29
4
6
3
13
9
22
15
1
14
15
13
13
7
6
6
3
1
4
3
3
9
31
12
23
30
3
23
1
2
7
26
1
6
6
3
3
5
20
6
5
17
11
2
1
3
10
28
18
6
1
1
17
11
7
2
1
5
11
19
24
2
25
14
7
4
18
10
26
27
2
7
3
29
2
17
32
4
19
8
9
22
12
3
9
1
4
12
8
25
31
11
23
3
1
2
9
3
14
24
20
16
25
2
2
7
2
13
2
2
6
9
3
2
17
7
12
32
12
22
6
15
9
10
1
12
32
27
5
4
24
12
5
2
9
1
8
9
6
19
2
26
6
1
7
4
2
26
5
24
20
2
13
6
30
2
2
12
20
3
10
1
10
32
9
6
5
21
7
13
21
20
1
1
4
4
17
9
6
1
3
29
6
25
10
18
1
16
4
16
27
17
4
21
15
28
4
23
9
3
1
1
26
1
3
15
19
7
6
5
1
2
8
30
15
4
25
2
29
17
4
1
2
2
21
7
3
11
13
4
4
20
3
3
1
10
2
3
25
1
9
3
12
2
4
25
8
1
2
31
6
18
2
20
4
10
16
2
11
13
9
13
19
3
1
8
21
10
6
22
2
17
1
29
2
10
8
3
7
15
6
4
18
8
1
18
32
10
10
13
4
19
3
12
11
12
1
21
28
13
1
27
3
3
4
2
16
29
15
3
4
6
16
3
5
8
3
8
11
24
22
8
24
13
5
3
6
8
20
7
14
9
20
25
4
1
3
8
8
4
16
23
18
24
5
3
8
7
4
5
22
8
3
21
7
2
13
17
18
14
5
17
5
2
3
21
15
8
27
2
1
9
5
10
18
6
18
18
4
11
23
20
12
11
10
22
1
9
19
2
2
7
7
6
4
2
5
1
7
11
13
11
11
6
4
6
5
7
11
10
23
17
25
10
6
9
30
8
1
5
8
1
8
20
11
18
1
2
6
23
7
11
4
5
27
17
2
7
4
28
6
3
1
3
2
22
12
3
2
3
27
1
3
6
9
6
17
14
15
1
9
21
13
9
10
13
27
3
17
1
3
4
10
6
31
2
3
4
18
20
4
1
12
1
8
27
13
13
16
11
21
1
4
5
16
21
2
6
15
11
21
5
1
3
27
5
29
12
1
9
20
2
2
9
15
3
13
12
2
28
16
11
1
19
28
1
16
25
6
4
9
24
1
16
2
15
9
2
9
2
3
26
26
8
10
3
3
1
3
28
2
11
6
12
1
5
17
31
22
5
2
10
5
1
4
1
1
14
2
5
3
18
25
4
19
23
29
8
27
11
2
3
24
14
31
5
3
5
19
1
4
10
18
23
11
4
23
3
4
7
18
12
21
7
3
15
19
1
13
16
15
24
1
1
9
2
3
3
1
14
2
2
2
14
17
22
7
2
26
19
14
1
2
22
19
30
1
2
11
22
24
4
1
3
24
19
1
9
3
22
23
5
2
1
2
1
10
16
4
8
9
5
12
1
4
28
2
1
3
25
11
2
1
4
1
29
31
19
9
2
10
4
17
10
20
30
32
4
1
3
7
6
6
4
1
13
28
18
3
26
4
2
15
1
23
6
13
30
16
15
2
14
5
7
17
4
6
13
10
24
11
17
20
2
5
5
4
28
8
3
1
23
3
15
7
2
4
14
2
25
4
2
8
15
1
32
5
3
1
4
29
18
11
2
14
19
4
11
5
15
4
4
19
1
2
16
4
9
21
7
2
32
1
16
7
2
2
3
10
26
21
2
14
7
3
3
3
3
14
22
6
22
13
16
1
13
10
14
30
2
3
15
26
10
10
16
1
21
1
8
2
6
