483
7
7
10
11
7
42
6
7
6
130
5
5
7
6
49
9
8
9
9
124
7
9
5
5
5
8
5
7
62
5
11
8
5
12
8
8
6
7
5
5
8
5
5
6
26
12
6
11
12
18
6
6
6
5
5
5
6
7
5
5
6
5
5
7
7
5
6
5
6
14
7
5
5
6
8
5
5
5
5
5
5
9
6
5
15
6
5
5
8
6
10
5
10
10
5
5
7
6
5
5
7
7
9
14
5
5
7
14
5
5
13
6
5
6
6
5
7
5
7
5
8
19
8
5
6
11
5
31
7
7
7
6
5
8
5
5
6
9
5
5
6
5
9
8
13
6
20
8
5
8
5
5
9
9
6
5
7
5
5
5
7
6
6
9
5
5
8
5
6
6
7
5
6
7
7
7
5
7
7
9
5
7
8
10
7
6
6
8
13
5
5
5
5
5
5
7
5
5
5
6
5
5
5
5
5
6
6
6
7
6
5
6
6
5
8
8
8
5
7
5
6
5
5
8
5
6
5
5
7
5
5
5
7
5
5
5
6
5
5
5
