22
17
9
5
10
6
4
5
5
10
6
17
5
6
4
25
5
34
16
4
4
5
5
5
4
99
5
5
7
6
5
7
5
4
6
6
8
6
5
49
4
5
4
5
9
6
4
54
6
5
6
4
4
5
5
4
5
4
4
5
25
5
4
4
6
6
7
6
4
5
5
5
6
30
4
5
4
6
4
6
4
4
5
11
4
4
4
5
5
28
4
4
9
6
4
12
5
4
6
5
4
5
4
4
4
4
4
6
4
5
5
4
5
4
5
5
4
5
4
4
5
8
6
4
5
5
16
5
5
4
4
4
13
5
4
9
5
9
4
6
4
4
5
4
5
4
4
4
5
4
5
4
5
4
6
4
4
5
4
4
5
8
4
5
6
4
5
4
5
6
4
4
4
4
5
4
5
6
5
7
6
15
4
5
4
4
6
5
4
4
4
6
4
4
5
6
5
5
4
4
5
4
4
5
5
5
5
4
4
7
4
5
4
6
5
4
5
4
13
4
4
4
6
5
4
4
5
5
5
4
5
5
4
4
5
6
4
4
5
6
4
4
6
4
4
5
4
5
4
5
4
4
4
4
5
4
4
4
4
4
4
4
5
4
4
4
4
