4
10
5
6
4
5
4
4
4
5
4
5
4
4
4
10
5
4
4
5
4
4
5
16
4
4
9
21
4
4
4
21
4
4
6
5
4
6
5
15
7
5
4
5
4
5
5
8
6
4
4
4
5
4
5
5
5
4
5
4
4
4
5
5
6
7
4
5
4
5
6
4
4
5
7
4
4
10
4
5
5
4
13
4
5
4
5
4
5
4
5
4
4
5
4
4
5
6
6
5
4
6
13
4
11
5
5
6
4
7
6
5
4
4
5
4
4
19
5
5
5
4
4
4
4
4
4
4
4
4
5
5
11
4
5
10
5
5
4
4
4
4
5
5
4
5
4
4
4
4
5
4
4
4
5
5
4
5
5
4
5
4
4
5
5
5
5
5
4
4
5
4
6
5
4
4
4
4
4
5
4
4
5
4
4
5
4
5
4
4
4
4
5
5
5
4
4
6
4
4
5
4
5
5
4
4
4
5
9
4
4
4
4
4
5
4
4
4
4
5
4
5
4
4
4
4
4
4
5
4
4
4
4
5
4
5
5
4
4
5
5
4
4
5
4
4
5
5
4
5
5
4
5
5
5
5
5
5
4
4
4
4
4
