32
4
4
5
4
4
4
5
4
4
6
4
5
4
14
4
5
4
20
4
5
21
4
5
5
4
4
4
4
4
5
4
23
4
4
4
4
5
4
9
4
5
4
5
4
4
4
5
5
11
5
4
5
4
5
14
4
5
4
5
5
5
5
5
5
4
4
5
5
7
6
4
4
5
4
4
6
5
8
7
5
13
5
4
5
5
11
5
4
4
4
4
5
4
7
4
5
5
4
4
4
5
5
4
4
5
4
4
4
5
12
4
4
11
5
5
4
4
4
7
6
4
4
4
5
5
5
4
4
9
4
4
4
7
5
5
5
5
4
4
4
4
6
5
4
5
5
4
4
7
4
4
4
7
5
4
5
4
4
5
5
5
4
4
4
4
4
4
4
4
4
5
6
6
13
5
4
5
5
4
6
4
4
4
4
4
5
5
4
5
4
4
5
4
4
5
4
5
4
4
5
5
4
5
7
5
4
4
5
5
4
5
4
5
4
4
4
5
4
4
4
4
4
5
4
6
5
4
4
4
7
4
4
4
4
4
5
5
4
4
4
4
5
4
5
5
5
4
5
5
4
4
4
5
5
4
4
5
4
4
