76
14
6
10
5
8
5
9
5
7
130
6
5
5
5
9
5
9
9
34
6
9
6
5
8
6
7
111
7
6
5
52
5
6
7
89
19
5
7
25
5
9
9
7
7
6
5
5
6
8
5
5
5
5
7
43
5
7
11
7
5
5
5
5
5
8
9
5
11
5
8
14
8
7
8
11
5
7
5
12
17
9
6
9
9
5
8
5
6
5
5
5
6
9
5
5
8
5
5
24
36
9
7
5
5
9
5
29
6
6
5
8
6
5
6
13
5
5
6
6
5
8
9
5
5
7
7
5
6
5
9
7
6
8
7
5
5
6
8
5
5
5
6
5
9
7
5
6
5
8
5
18
26
5
15
5
9
5
5
6
6
7
8
6
5
7
8
5
5
9
6
6
5
14
9
6
11
8
8
5
7
8
5
5
6
7
8
8
6
5
6
6
11
6
8
6
5
5
7
5
8
8
15
5
5
6
9
6
8
7
44
5
8
6
7
7
5
7
7
6
6
6
9
7
21
6
7
5
5
6
6
5
5
7
6
8
7
5
6
6
7
5
6
5
6
5
6
5
9
6
5
5
12
7
8
7
6
6
5
7
5
8
6
7
6
6
5
6
6
5
8
6
6
6
7
6
5
5
5
5
5
5
7
5
5
6
5
7
5
