172
42
7
6
7
5
7
5
9
8
5
44
6
11
7
9
8
7
6
7
5
64
5
6
7
7
9
7
5
38
13
10
5
5
8
6
8
7
6
7
12
6
5
8
8
9
5
7
5
10
7
8
7
5
5
10
8
8
8
7
11
7
7
25
5
5
10
5
5
8
92
5
5
5
7
13
9
6
6
6
7
5
11
6
5
8
7
8
6
7
5
5
9
5
5
5
7
7
5
7
9
7
8
8
9
9
6
5
22
7
5
8
8
7
9
9
6
5
5
7
6
20
6
5
7
8
10
7
11
7
9
8
9
5
8
8
5
6
6
8
7
6
6
8
6
5
9
6
29
9
5
28
5
7
9
7
5
7
5
6
9
6
6
5
12
7
5
6
5
5
8
8
5
5
8
7
6
10
5
7
5
38
6
6
5
7
5
10
6
9
5
9
7
6
5
5
5
11
5
5
5
6
9
8
6
9
5
5
5
8
9
5
5
6
5
5
9
5
5
7
5
5
5
9
5
6
5
5
7
6
7
5
5
7
6
5
5
12
6
5
5
5
5
6
7
6
6
6
9
5
5
7
8
6
6
5
8
5
8
5
5
5
6
7
5
5
6
7
5
7
5
5
5
5
5
5
6
8
7
5
5
8
5
5
7
7
6
6
5
6
8
5
5
6
5
5
6
6
6
5
