8
59
5
7
6
12
6
5
20
6
5
8
21
6
23
6
8
6
15
6
7
6
8
7
5
5
13
8
7
5
7
7
7
9
12
6
5
6
6
5
5
10
9
58
15
7
15
11
6
5
8
7
17
6
5
7
32
8
7
5
7
6
29
5
8
9
29
6
5
5
7
8
6
6
7
8
22
6
5
6
6
5
6
5
5
6
8
5
5
5
7
5
7
7
5
6
7
6
5
5
6
6
7
6
8
5
7
7
5
11
5
5
7
13
7
6
8
7
9
6
16
5
6
6
8
5
8
5
6
5
8
7
13
5
18
8
7
7
8
7
6
5
5
7
6
6
5
8
7
7
8
7
7
5
6
5
7
6
7
5
5
7
5
6
6
6
6
8
5
7
5
10
5
8
7
6
6
6
6
6
5
8
6
7
7
8
8
5
6
7
5
9
5
6
5
7
10
6
5
11
8
7
5
7
5
6
5
6
5
5
6
8
8
7
5
5
5
7
5
6
6
5
8
5
5
9
5
7
9
6
7
5
7
6
5
6
5
5
6
5
6
5
5
6
8
5
5
5
5
8
6
5
5
8
6
6
5
7
8
6
5
6
8
6
5
10
6
7
5
7
5
6
6
5
8
5
7
5
7
6
7
7
15
5
5
5
7
7
5
5
7
7
8
5
5
5
5
6
6
6
5
5
7
5
5
5
