8
82
9
7
6
12
6
5
20
7
5
8
155
39
6
8
6
39
9
7
7
6
8
7
5
5
13
5
8
7
7
5
6
10
48
7
5
7
6
5
5
10
6
21
9
15
7
11
5
8
5
7
48
8
7
5
7
6
5
8
9
6
5
5
7
8
6
6
18
8
7
37
6
5
6
5
6
9
6
5
5
6
14
8
5
5
5
5
7
6
7
5
7
5
7
5
54
6
11
7
6
10
9
7
5
8
5
5
7
13
7
9
8
7
5
5
6
6
6
9
5
5
5
8
42
5
7
10
7
7
6
5
5
7
6
5
8
7
7
7
8
8
5
5
7
6
7
5
6
10
6
6
6
5
7
5
14
20
5
8
7
6
6
6
5
10
6
9
6
9
5
10
8
8
5
6
7
5
9
5
5
9
7
5
6
28
9
7
5
7
6
5
5
13
6
5
9
8
9
8
6
7
5
5
5
7
5
6
6
5
5
5
9
5
7
9
6
7
5
9
7
6
5
5
5
6
5
5
6
10
5
5
5
5
8
5
5
8
6
6
5
7
9
6
8
5
6
8
6
5
10
6
7
5
7
5
6
5
8
6
7
5
9
7
6
7
15
5
5
5
7
7
5
5
7
7
8
5
5
5
5
6
6
6
5
9
5
7
5
5
