7
25
7
5
6
7
9
85
10
9
40
5
10
150
7
91
5
57
8
10
8
6
10
5
5
7
5
15
5
5
5
53
5
9
5
5
6
5
8
101
6
7
8
8
5
5
8
5
19
6
6
7
33
8
9
12
5
12
5
9
8
7
6
5
8
6
5
10
10
7
9
6
5
5
71
5
7
5
9
9
6
7
6
5
5
11
6
5
6
5
7
8
6
9
7
6
9
6
8
7
7
7
8
5
12
5
16
6
6
5
9
5
8
6
10
56
5
5
8
12
13
5
6
7
6
7
6
7
5
5
6
5
6
5
6
9
5
6
9
7
5
5
5
7
6
6
8
5
5
5
6
11
6
9
5
9
8
5
5
7
7
7
5
9
6
5
7
8
9
5
9
8
6
5
6
6
5
5
6
5
5
6
6
5
7
5
6
5
9
7
7
5
5
6
7
5
9
7
10
5
5
5
5
6
8
6
5
8
5
8
6
10
6
8
5
5
7
5
11
5
6
5
6
5
5
7
6
5
6
5
5
10
5
6
5
5
7
5
8
5
6
6
7
5
6
5
6
8
5
6
5
6
6
5
5
5
5
5
6
5
5
