8
29
7
7
7
6
7
6
7
9
7
9
57
5
7
8
9
20
5
8
7
5
7
7
7
6
8
44
5
9
8
5
5
7
5
7
8
8
5
6
7
6
8
5
6
6
8
5
8
5
7
12
8
8
5
46
24
8
5
7
6
5
6
6
7
5
5
6
48
6
5
12
5
6
9
6
5
15
15
7
6
5
16
5
5
9
6
5
6
5
6
6
7
6
5
6
5
6
8
7
8
8
8
5
9
5
6
11
5
5
12
5
6
8
5
7
5
5
5
5
5
6
8
6
5
5
8
7
7
6
5
5
8
6
10
6
5
5
5
7
8
6
8
5
5
7
8
7
14
5
23
8
5
5
12
7
14
5
5
6
14
8
5
5
7
9
5
7
5
7
5
8
7
8
8
5
6
6
6
7
5
9
8
7
5
24
8
5
7
7
7
5
5
6
9
5
8
5
6
5
8
6
8
5
8
5
8
5
7
7
6
5
7
5
5
5
7
6
6
6
6
5
8
5
5
6
7
6
5
5
6
5
7
6
5
6
7
7
5
7
7
6
6
7
7
8
6
6
7
6
8
13
5
5
5
6
5
5
5
5
6
7
6
5
5
6
5
6
6
5
5
5
5
8
6
6
6
5
7
6
6
7
5
6
6
5
8
8
8
5
7
6
7
5
6
8
5
5
6
8
5
5
6
5
5
5
7
6
5
5
5
5
6
5
5
5
