4
88
148
47
5
74
4
32
6
4
5
25
5
5
4
4
4
5
73
4
12
5
5
4
7
4
6
5
8
6
5
17
51
5
4
4
4
7
7
11
4
4
6
46
5
6
4
22
12
4
5
4
5
4
5
6
4
7
8
6
7
4
23
7
5
17
5
4
4
4
5
4
4
4
4
4
4
4
6
4
4
20
5
5
5
19
4
4
7
5
23
27
4
5
4
6
4
4
4
6
5
4
5
13
5
10
6
4
11
7
4
5
5
7
5
4
10
4
4
4
4
10
7
4
4
11
11
6
4
4
6
4
4
4
6
4
17
27
5
5
5
6
4
6
4
7
5
6
7
6
5
5
5
6
8
4
4
5
7
19
5
4
4
7
5
8
4
8
5
6
6
5
15
11
4
5
4
5
4
4
4
6
5
4
4
4
6
5
5
4
4
4
5
4
4
5
4
7
7
4
5
5
4
4
4
4
4
4
5
5
6
4
4
4
6
4
5
4
4
4
4
4
5
7
4
4
5
4
4
5
5
7
5
5
5
5
4
4
4
4
4
4
4
4
4
4
4
6
5
4
4
4
5
4
4
4
4
4
4
