7
9
7
8
7
7
6
6
9
7
6
9
7
6
14
5
8
5
8
8
5
10
9
7
6
5
8
14
5
8
5
9
5
6
5
5
6
9
7
5
7
5
62
8
5
6
6
63
5
8
30
6
7
7
34
11
8
6
8
5
8
7
49
7
7
10
5
5
6
5
31
8
8
8
5
5
5
7
5
6
6
7
8
5
5
5
5
7
7
7
5
11
7
7
5
5
5
5
9
7
7
6
8
24
5
5
5
6
5
6
7
8
5
5
8
8
9
5
5
6
6
7
16
6
5
8
5
6
5
6
25
5
6
5
5
7
5
5
5
5
5
20
6
5
5
6
6
5
8
6
5
7
5
5
6
6
5
18
8
5
5
7
7
7
5
6
5
5
6
7
6
5
6
8
7
5
5
6
8
5
7
5
7
5
5
9
6
5
8
6
5
5
14
18
8
8
5
6
13
6
8
6
5
6
6
6
5
14
6
11
8
5
7
8
8
8
6
5
5
7
8
8
15
5
5
13
8
5
5
6
8
6
7
7
7
5
5
6
5
5
6
6
7
13
6
6
16
7
5
5
5
5
11
6
5
7
8
5
6
5
6
8
6
7
6
6
5
5
5
6
5
6
5
6
5
5
7
8
7
5
5
6
7
5
7
7
6
5
7
8
5
6
6
6
6
6
7
5
6
5
6
5
8
5
8
5
7
5
5
5
5
7
6
