108
7
9
20
5
7
5
7
9
9
8
8
22
11
5
36
5
6
5
6
9
57
8
5
9
5
6
46
62
6
9
9
5
5
5
5
8
8
7
9
48
5
9
12
5
5
31
31
7
19
7
6
6
6
54
12
8
5
6
15
8
8
8
21
22
7
6
5
7
8
5
6
7
20
6
9
6
7
24
5
7
6
6
5
7
5
14
6
7
5
7
7
9
5
7
9
5
8
5
5
6
9
7
6
6
10
5
7
6
5
7
6
5
8
7
8
5
6
8
5
7
8
12
5
5
5
7
10
34
5
6
5
9
7
8
7
6
7
5
7
5
10
5
6
8
6
5
9
5
7
8
8
6
5
9
5
8
5
7
6
6
9
7
7
8
6
5
8
8
16
5
7
5
7
5
5
5
9
5
7
5
7
6
6
5
7
9
8
7
7
9
6
5
9
8
5
6
5
5
7
5
5
5
5
5
7
5
6
5
7
6
8
6
5
9
8
6
19
6
5
6
8
5
5
5
6
6
5
5
9
8
8
6
6
7
7
5
6
5
5
5
8
8
5
6
9
5
5
5
5
5
8
5
5
6
6
8
6
5
5
6
7
5
5
5
6
5
7
5
9
5
5
6
7
8
5
6
7
7
6
6
9
6
5
5
9
8
5
5
5
7
7
5
7
5
5
5
5
8
8
6
5
5
5
