38
167
19
77
83
7
4
11
7
25
4
11
30
6
38
75
7
5
5
6
31
4
31
4
4
20
4
4
5
5
4
4
5
6
4
5
4
34
4
4
4
4
4
4
6
5
6
5
5
55
5
4
4
4
17
5
4
5
6
4
28
5
4
5
7
6
6
7
4
5
5
4
5
5
18
4
7
5
4
5
6
5
12
4
5
4
5
4
4
5
6
6
6
4
5
4
11
5
8
6
11
4
4
7
35
4
8
4
4
5
9
7
4
4
5
4
5
4
4
6
4
5
7
5
7
4
6
5
5
5
5
5
5
4
4
6
8
4
7
4
5
4
21
4
4
4
5
4
5
4
5
4
5
5
5
5
4
4
4
5
6
8
4
5
8
5
4
6
4
4
5
6
4
4
7
7
4
6
4
5
4
5
6
7
4
5
4
4
11
4
4
4
5
5
5
4
4
4
7
4
11
4
5
7
4
5
4
5
4
4
5
7
5
4
4
7
4
7
6
4
4
6
4
4
4
7
4
4
4
5
4
5
8
4
4
4
4
