7
40
6
6
7
5
20
13
7
5
5
5
8
8
5
13
7
50
7
9
8
6
6
7
8
5
6
7
7
7
5
26
5
5
8
6
12
5
7
27
6
7
9
6
5
7
8
5
7
5
8
7
8
7
5
5
10
8
8
8
7
8
7
7
6
5
8
5
8
8
10
5
5
6
5
7
5
12
7
6
5
6
6
7
5
6
5
8
7
8
6
7
5
5
5
5
5
7
19
7
5
7
8
6
8
7
5
7
14
7
5
8
8
7
9
6
5
5
5
6
5
7
6
6
15
5
6
38
7
8
9
7
11
7
8
7
5
8
8
5
6
6
8
7
6
14
6
6
8
6
5
5
9
6
5
7
6
5
5
6
5
6
6
7
5
6
5
5
8
8
9
8
5
5
8
7
6
5
7
5
6
6
16
6
9
6
6
5
7
5
6
6
9
5
7
6
5
5
5
5
5
7
8
8
6
6
8
5
6
5
5
8
5
17
5
7
6
5
5
5
7
5
5
7
5
5
5
5
5
6
5
5
5
6
7
7
6
6
10
7
5
5
7
6
6
5
5
5
5
6
5
5
5
15
6
7
8
5
6
6
5
5
5
7
6
8
6
5
8
6
7
5
8
5
5
5
5
6
6
7
5
5
6
7
7
5
7
5
5
5
5
5
6
8
5
5
8
5
7
5
7
7
7
6
6
5
5
6
8
5
8
5
6
5
5
6
6
6
5
