7
7
8
7
7
6
6
9
6
6
7
6
5
5
8
6
5
6
5
9
13
7
5
5
5
5
7
5
6
6
5
7
5
7
5
6
6
5
8
19
7
6
7
5
20
6
7
7
7
5
5
6
5
14
8
6
9
8
5
5
5
7
5
5
6
35
6
7
5
5
7
5
5
7
7
7
7
5
5
5
5
5
5
7
6
7
6
5
7
5
7
9
7
6
5
5
5
5
5
8
7
6
5
5
6
6
7
6
5
8
5
6
6
5
25
5
6
5
5
7
10
7
5
6
5
6
5
5
5
16
6
5
5
6
5
6
6
5
7
5
5
6
8
13
6
5
5
5
7
7
7
7
6
7
5
5
5
7
6
5
6
6
7
5
5
6
8
5
7
5
7
5
5
6
5
7
6
5
5
5
6
5
6
6
6
7
6
6
6
5
6
6
6
5
11
6
11
5
6
6
6
18
5
7
6
5
7
5
5
7
5
10
6
5
5
6
7
7
7
7
7
5
6
5
5
14
7
6
6
7
7
6
5
7
5
5
5
5
11
7
5
6
6
5
7
5
6
5
6
6
7
6
6
5
6
5
5
6
5
6
5
5
7
5
7
5
6
5
6
7
5
7
6
7
6
8
5
7
5
8
6
6
6
6
5
7
5
6
5
6
5
5
5
7
5
5
5
7
5
7
6
