7
10
6
5
5
5
7
5
6
7
5
6
21
6
6
16
5
5
5
5
8
7
6
5
5
7
8
6
5
6
5
10
5
5
33
5
48
5
7
5
5
5
5
5
5
5
10
7
7
5
9
5
5
7
6
7
5
6
6
5
6
6
9
6
7
15
7
5
6
6
5
5
6
7
6
7
5
6
7
7
5
5
6
6
5
6
6
6
6
7
6
12
6
16
5
5
6
5
5
5
5
5
7
5
7
7
5
5
7
7
6
5
7
7
5
5
7
5
6
8
5
6
6
5
5
6
9
6
6
7
5
7
7
5
6
5
6
6
7
5
10
6
6
7
6
7
7
9
5
6
5
5
6
5
5
5
5
7
6
7
5
7
7
5
5
8
5
7
6
5
5
5
5
5
6
5
5
8
7
8
5
11
5
6
6
8
11
7
5
10
5
6
7
5
16
6
7
7
6
5
7
5
5
5
6
5
5
7
5
5
5
6
6
7
7
5
5
5
5
5
5
6
7
6
7
5
5
7
6
8
6
7
7
7
5
7
7
6
5
5
6
7
6
7
6
6
5
6
5
6
7
5
5
7
5
5
5
7
6
5
5
7
5
6
6
5
7
5
5
5
6
5
5
7
5
6
6
5
6
5
5
5
5
5
5
6
5
5
5
6
6
5
6
7
