25
5
7
7
5
5
7
5
5
5
18
6
6
5
5
6
7
6
7
5
5
12
8
7
5
7
7
7
5
5
5
6
6
5
5
7
15
7
15
6
5
5
7
33
5
6
5
7
6
9
7
5
6
7
5
6
6
17
9
23
6
5
5
6
11
7
7
5
5
7
7
6
5
5
6
6
7
6
5
7
6
5
6
8
6
5
5
9
6
5
5
8
7
7
7
8
7
6
5
5
7
6
6
7
5
8
7
7
7
7
5
5
6
5
5
7
6
7
5
6
5
6
7
5
6
6
6
7
5
5
10
5
7
6
6
6
15
6
6
7
5
6
6
9
6
6
9
5
5
6
6
7
5
7
7
5
5
6
5
7
6
5
11
7
7
5
5
5
8
6
5
6
6
5
5
6
7
7
5
7
5
5
6
5
6
6
6
5
5
8
5
7
5
9
6
5
7
7
6
6
5
6
7
5
7
5
5
6
8
5
11
5
6
6
6
5
5
6
5
5
7
5
5
6
5
5
5
6
6
5
7
5
6
5
6
5
5
5
6
6
6
7
5
6
6
5
5
6
6
7
5
7
6
7
7
15
5
5
5
5
5
5
7
5
7
5
5
5
7
7
7
6
5
5
5
6
6
6
5
5
5
