138
79
9
14
24
5
10
5
143
9
8
83
13
6
5
6
81
8
76
5
6
9
10
5
5
12
5
5
8
7
9
5
5
97
5
5
7
67
7
6
6
6
44
8
5
6
15
8
8
10
8
29
7
6
7
5
7
8
5
6
7
6
9
6
7
24
5
10
7
6
6
5
5
39
6
7
5
7
7
9
5
7
11
5
9
8
5
5
6
6
6
5
7
10
7
6
7
11
5
8
7
6
8
8
5
5
7
8
12
5
5
5
11
6
34
5
7
5
7
7
6
7
5
11
5
10
5
6
8
6
5
7
8
6
5
5
8
5
7
10
6
7
9
7
9
7
8
16
5
5
7
5
5
9
10
5
7
10
5
7
6
5
6
7
9
7
10
7
9
6
5
8
5
6
5
5
7
5
5
5
5
5
5
7
5
5
8
10
6
5
9
8
6
19
6
5
8
5
5
8
5
11
6
6
5
9
5
8
8
6
6
7
6
5
5
5
8
6
9
5
5
5
5
8
5
5
6
6
8
6
5
6
7
12
5
7
5
6
7
5
9
5
6
5
8
7
5
6
7
7
6
9
5
6
5
8
5
5
5
7
7
5
7
5
5
5
5
8
8
6
5
5
