7
7
5
7
6
5
6
6
5
7
7
6
7
5
5
6
6
7
5
17
7
5
5
6
5
9
5
5
5
6
7
7
5
5
5
7
6
8
6
5
6
5
6
14
6
5
8
6
7
5
10
15
5
7
5
5
40
7
5
7
6
6
6
8
6
6
5
6
6
9
7
5
5
5
7
7
6
9
7
5
5
7
7
5
8
22
5
7
5
9
5
5
7
7
5
6
5
21
7
8
6
7
8
7
7
8
5
7
5
7
6
5
13
12
6
6
6
5
5
6
5
15
5
5
7
5
5
7
6
7
6
6
7
7
6
6
7
7
7
5
5
6
5
6
5
5
13
6
7
8
6
5
6
5
5
8
5
5
6
5
6
7
6
7
5
11
6
5
5
7
8
5
7
5
5
7
7
5
5
6
5
12
5
6
5
9
6
5
9
5
7
6
7
5
7
7
5
5
6
6
5
7
8
5
5
7
7
5
6
11
7
5
6
6
6
5
7
7
5
6
6
6
5
5
7
5
7
7
5
5
5
6
5
5
6
5
6
7
7
6
5
6
5
5
7
7
6
5
5
5
5
7
5
5
6
5
6
6
5
6
5
6
5
7
7
5
6
5
5
5
6
5
6
5
5
6
5
6
5
5
5
5
5
5
5
