8
7
6
7
5
7
5
7
5
5
6
5
6
5
6
18
5
5
6
5
6
8
6
5
33
5
5
5
5
5
5
5
6
7
5
6
8
6
5
8
5
5
7
23
7
6
6
6
7
5
5
5
6
5
14
25
5
6
15
5
8
8
5
7
5
5
7
5
6
6
7
5
7
7
6
7
5
10
5
10
7
6
5
7
5
12
5
5
5
7
6
7
7
5
7
6
5
7
5
7
5
7
7
5
6
7
5
7
6
6
9
5
5
5
7
5
6
7
5
5
8
6
7
6
6
10
6
7
6
5
5
7
5
7
5
5
12
5
7
5
7
8
6
7
6
5
15
7
5
8
6
5
5
6
5
5
6
6
6
7
7
7
9
5
5
6
8
6
6
8
5
7
6
6
6
7
5
5
5
5
6
7
5
5
6
7
9
5
7
5
7
7
6
5
6
6
6
5
6
6
6
5
7
5
6
7
6
5
5
7
7
6
6
6
5
6
5
7
5
5
5
5
5
5
5
5
6
5
7
6
7
5
7
7
5
5
6
5
5
5
5
6
5
7
7
6
8
8
5
5
6
5
6
7
6
6
6
5
5
5
6
7
5
7
5
5
5
7
5
5
5
6
5
7
5
5
5
5
5
5
6
6
5
5
7
5
