8
19
11
58
8
6
6
8
12
16
5
5
5
33
13
5
29
27
7
68
15
20
8
112
117
7
9
6
8
5
7
5
42
9
109
6
5
6
7
11
9
5
7
9
9
5
9
7
7
5
5
5
5
5
5
7
11
5
5
5
6
5
7
6
6
6
6
9
7
7
7
5
16
5
5
8
5
6
6
7
9
6
6
5
8
12
10
6
5
5
5
9
8
7
7
5
5
24
6
8
7
6
7
5
6
8
7
7
6
6
5
5
7
10
7
6
6
9
5
6
6
5
5
7
6
5
7
7
14
6
5
5
7
5
13
7
5
15
8
7
5
15
5
9
5
8
5
5
10
5
7
7
5
7
7
6
7
7
10
9
6
8
6
6
5
8
8
6
7
5
5
5
5
9
7
6
6
5
6
9
6
5
6
6
5
6
6
6
6
8
7
5
10
6
6
7
5
8
8
9
8
6
15
5
5
5
5
7
14
5
6
7
6
8
9
7
5
5
6
6
6
5
5
6
5
5
6
5
7
5
8
6
8
9
7
9
5
5
6
5
6
6
5
5
5
5
8
5
6
7
5
6
9
5
8
5
5
6
5
5
5
5
5
5
5
5
6
5
5
7
5
6
8
6
6
5
5
6
6
5
5
5
5
5
