8
12
6
7
5
7
5
5
7
8
15
8
6
8
5
5
6
5
5
59
6
8
5
7
9
5
5
5
5
8
5
5
8
5
5
15
7
7
28
19
7
6
6
6
8
7
6
5
6
6
9
41
7
5
5
5
5
15
37
8
8
6
8
16
7
9
6
5
7
8
6
5
6
7
7
7
6
7
5
7
5
7
5
6
5
7
5
8
7
13
14
6
5
8
7
5
8
12
7
5
7
7
5
8
5
5
6
9
18
7
7
6
6
31
10
5
9
5
6
5
7
7
6
5
7
8
7
9
7
5
8
5
10
5
5
6
8
7
8
5
12
5
5
7
10
16
5
6
5
9
7
8
18
8
7
6
7
5
7
5
7
5
5
6
5
7
8
6
9
8
5
6
7
7
8
6
5
8
8
5
5
7
5
5
5
7
5
7
6
6
5
7
7
8
5
6
6
7
7
9
5
5
6
8
6
8
5
7
6
8
6
7
5
5
5
7
8
6
8
5
5
5
7
5
6
6
7
6
5
5
8
6
8
6
10
6
7
5
6
7
8
7
5
7
5
5
6
6
5
5
6
6
7
5
8
5
5
8
6
5
5
5
8
7
5
6
8
6
5
5
8
6
5
6
6
5
5
6
6
5
7
5
8
5
5
6
8
6
6
7
6
6
6
5
5
8
5
6
5
7
5
7
5
5
5
5
5
8
6
5
5
5
5
5
