4
33
15
5
7
88
4
26
4
6
6
4
5
6
5
5
4
4
4
4
5
5
6
4
5
4
8
5
7
4
20
6
5
4
5
17
5
6
4
4
6
4
5
25
7
7
6
4
4
6
15
29
5
6
4
14
5
4
4
5
4
5
6
6
4
23
6
7
4
5
12
5
4
4
5
4
4
4
4
4
4
4
6
5
4
4
5
4
5
8
4
5
5
19
18
4
5
4
5
6
4
4
4
6
5
5
4
4
5
5
5
4
10
6
4
16
6
12
11
7
4
5
5
16
5
5
4
4
4
4
6
5
4
10
31
4
4
6
6
11
6
4
4
4
5
6
6
6
4
4
4
4
4
8
5
4
6
4
5
6
4
7
5
6
6
6
5
5
5
6
4
4
5
5
5
14
4
4
5
5
6
4
7
6
6
5
10
6
4
5
4
5
4
4
6
5
5
4
4
4
6
5
6
5
4
4
8
4
5
4
4
10
5
4
4
5
5
4
5
6
4
5
4
4
11
4
4
4
5
5
5
6
4
6
5
4
4
6
4
4
4
6
5
4
4
4
4
5
4
4
5
5
6
4
4
5
4
4
5
5
5
5
7
5
5
5
4
4
4
4
4
4
4
4
4
4
4
6
5
4
4
5
4
4
4
4
4
4
