5
18
4
5
39
4
4
5
4
4
8
4
4
4
5
4
5
14
10
5
5
5
5
4
7
4
4
4
5
6
4
4
10
5
5
4
5
5
5
4
5
4
14
4
8
4
5
11
5
4
5
4
4
5
4
4
4
5
11
5
4
4
4
5
11
5
5
4
5
4
11
4
4
5
4
5
4
7
5
4
5
4
4
8
4
4
4
4
5
5
5
13
5
6
4
4
5
5
4
5
4
5
8
4
5
5
5
5
5
4
12
4
5
4
5
4
5
4
5
5
8
4
6
4
4
5
5
18
4
4
5
4
4
4
4
5
5
4
4
4
5
5
5
4
4
4
5
4
5
4
5
5
4
4
4
5
6
4
5
4
5
5
4
4
5
6
5
4
5
5
5
4
4
5
4
4
4
4
5
5
7
4
4
4
4
4
5
5
4
4
4
5
5
4
5
4
6
5
4
5
4
5
4
4
4
4
5
4
4
4
5
7
4
4
4
4
5
4
5
6
6
4
5
4
4
6
4
4
5
5
4
4
4
4
4
4
4
5
4
4
5
5
4
4
5
4
8
5
4
4
4
4
4
4
4
4
4
4
5
4
4
