7
7
6
5
9
7
5
8
6
18
5
105
7
7
5
8
8
7
16
8
6
6
9
8
16
9
5
5
7
29
5
9
7
5
5
7
5
33
5
11
5
5
5
8
7
6
24
7
8
8
50
5
5
8
7
5
6
12
6
7
29
5
8
63
12
5
5
5
8
7
6
8
6
5
10
22
7
9
6
5
5
5
33
5
7
5
9
6
35
6
7
7
6
7
8
6
7
5
5
6
5
7
6
7
5
5
42
8
5
7
6
7
6
6
8
6
7
7
8
5
7
5
6
6
5
5
11
5
8
7
6
10
5
5
8
12
5
5
6
6
7
6
7
6
7
5
5
5
6
5
6
6
5
6
5
6
8
5
5
6
7
5
5
5
7
6
6
8
5
5
5
6
6
11
5
8
5
6
5
7
6
7
7
5
6
5
7
5
5
8
8
6
5
6
6
5
5
6
5
7
5
5
5
6
6
5
7
5
6
6
5
7
5
5
6
7
5
7
5
5
7
5
5
6
6
5
8
5
8
6
6
7
5
5
7
5
11
5
8
6
6
5
7
5
7
6
5
8
6
5
5
9
5
5
5
7
5
7
8
6
5
6
6
7
5
6
5
6
8
5
5
6
5
6
6
8
5
5
5
5
6
5
5
