7
7
6
5
7
7
5
6
7
7
15
5
6
6
9
7
5
21
6
5
6
6
6
6
7
30
7
5
5
5
6
7
6
5
7
5
7
7
5
7
16
5
5
5
7
5
9
5
8
5
5
42
6
5
6
5
6
5
7
8
6
7
6
7
5
5
5
5
6
6
5
7
6
6
11
6
5
6
5
5
5
5
8
7
5
7
6
26
8
5
5
6
5
8
6
15
8
5
5
6
6
7
7
6
7
6
5
5
6
7
5
7
5
5
6
6
5
6
5
5
20
7
5
6
7
5
6
7
6
5
8
5
7
7
5
5
8
6
5
5
5
6
5
5
7
6
10
5
5
8
6
5
6
7
5
7
6
7
5
5
5
5
6
5
7
6
7
6
5
6
5
7
5
6
6
5
6
5
5
11
6
6
7
5
5
6
6
5
5
5
5
9
5
6
5
8
10
5
5
6
6
6
5
6
7
5
6
6
6
5
5
6
5
5
6
6
5
7
6
8
7
6
6
5
6
7
5
7
6
7
5
7
5
5
6
5
5
7
7
6
5
7
6
6
7
5
5
11
5
5
6
7
5
6
5
5
7
6
5
11
5
6
5
7
5
7
6
5
7
5
6
7
5
6
5
5
6
6
5
5
6
6
