8
7
54
40
4
7
4
4
4
4
9
4
25
4
5
44
6
4
5
5
4
4
4
4
4
6
5
23
5
7
6
4
4
11
4
4
41
45
4
4
4
6
5
7
5
4
9
4
6
9
6
4
6
5
13
4
4
4
22
5
5
4
45
6
4
5
5
4
4
5
6
14
5
4
5
4
6
4
5
6
43
4
4
6
5
5
5
5
8
6
4
6
4
6
4
5
5
6
7
4
6
5
4
4
6
5
4
5
5
4
4
5
5
4
4
5
7
10
6
4
4
4
5
4
4
16
4
6
5
22
5
4
6
4
5
4
6
5
4
4
5
5
6
5
4
6
4
6
4
6
4
5
6
7
5
4
5
5
20
4
4
7
16
5
5
5
4
4
7
4
5
4
6
5
6
4
4
5
5
5
4
4
4
4
6
4
4
5
6
4
5
6
4
10
4
4
4
4
5
4
5
6
5
4
4
4
6
4
5
4
4
5
6
4
6
5
4
8
4
5
4
5
7
4
4
5
6
4
5
4
4
5
4
4
5
4
4
4
4
4
6
6
4
4
5
4
4
5
5
4
5
6
4
5
4
4
5
4
4
5
5
6
5
6
4
4
4
5
4
4
