65
416
11
8
9
7
6
102
6
5
7
8
5
5
7
9
5
5
5
7
55
6
8
7
5
5
24
5
8
7
6
11
7
5
5
9
6
10
7
5
7
6
5
6
10
7
6
9
44
5
8
6
9
18
8
7
13
6
6
5
6
5
6
11
6
5
6
15
10
7
5
66
48
5
5
7
107
8
7
5
6
9
6
9
5
11
5
9
7
7
8
6
5
5
5
5
8
7
7
8
8
5
5
7
7
6
7
5
6
10
5
5
20
5
8
7
6
5
13
6
10
6
7
5
8
8
5
5
8
7
9
5
7
5
7
5
10
7
5
6
5
9
7
7
5
6
5
5
11
6
6
9
5
8
9
6
10
7
5
5
5
5
5
5
9
7
9
6
6
5
8
6
5
10
8
7
5
7
5
6
5
5
5
5
6
8
5
5
8
5
9
7
6
8
5
5
7
5
6
10
6
5
5
6
6
7
7
5
10
7
6
7
6
5
6
15
5
5
6
5
7
7
5
7
7
5
8
5
5
8
5
5
6
5
6
6
10
5
5
6
6
6
5
5
5
9
5
5
7
5
7
