113
15
9
5
7
49
88
8
258
5
45
6
28
5
6
5
10
8
6
7
10
6
5
7
5
6
5
5
5
10
6
6
7
5
6
5
6
7
9
5
5
9
6
6
5
7
7
8
6
7
6
42
5
26
6
5
7
9
7
5
8
6
53
9
7
5
5
6
29
6
5
16
7
5
5
5
8
8
6
7
9
22
7
28
8
6
15
19
9
9
5
5
7
5
8
7
9
6
6
8
5
9
7
5
9
6
6
6
5
5
6
6
5
9
5
6
6
7
5
7
5
8
5
10
8
5
5
8
6
7
5
12
8
6
5
7
8
6
5
6
5
13
7
8
5
7
6
6
7
5
7
5
5
5
6
5
5
13
7
7
5
8
5
6
9
6
5
8
5
5
7
6
34
5
19
9
5
6
9
6
5
6
5
7
5
6
5
5
6
9
5
5
8
5
6
5
5
7
6
9
5
6
8
5
6
9
5
5
5
6
7
8
7
5
5
7
10
8
6
7
6
5
5
5
5
5
5
7
5
7
5
5
7
8
6
7
6
6
5
5
5
8
5
5
5
5
7
5
7
5
7
6
6
5
7
7
7
5
5
5
5
