22
5
4
4
6
4
4
7
20
5
64
6
12
4
4
9
5
42
5
6
4
57
6
4
4
6
19
33
6
8
5
10
11
4
6
4
7
4
4
4
4
5
11
5
6
6
5
4
4
18
7
4
4
9
4
40
4
4
5
34
4
10
5
5
6
5
6
4
5
5
8
10
5
4
10
5
4
5
4
5
5
4
6
4
4
4
4
5
4
4
6
4
4
4
5
4
5
6
4
6
4
4
48
4
6
16
9
4
4
5
5
4
7
5
5
5
6
4
5
5
11
4
12
5
5
5
5
6
4
6
4
4
6
5
4
6
6
6
5
5
4
6
5
6
4
5
5
4
6
4
4
5
4
4
4
19
14
6
4
4
5
5
4
4
5
6
5
4
4
4
4
5
6
4
6
5
4
6
4
4
6
4
6
5
4
5
4
4
6
6
5
4
4
4
4
4
4
4
5
5
6
5
5
4
4
6
5
4
4
5
4
4
4
4
5
5
5
4
11
4
6
5
7
4
4
4
4
5
5
4
5
4
6
5
5
5
4
5
4
5
6
4
4
4
4
4
5
4
5
4
4
4
4
4
6
6
4
4
5
5
6
4
4
