12
6
5
5
4
5
5
12
5
6
4
4
5
12
5
4
4
11
5
5
5
4
5
5
5
17
6
4
5
4
5
17
5
5
4
5
4
5
22
4
4
5
10
5
5
5
5
26
5
4
6
6
4
4
4
4
5
4
5
5
4
5
6
17
4
5
5
4
5
5
13
4
6
5
4
4
4
4
6
5
5
4
4
4
4
4
5
5
4
9
5
5
4
5
5
5
4
6
5
4
4
6
4
5
4
6
5
7
4
4
4
4
4
5
4
4
5
5
4
4
10
5
4
5
4
4
5
8
6
4
4
10
5
8
5
4
4
4
4
5
4
4
4
5
4
4
5
4
5
4
5
4
5
4
5
4
4
4
5
4
4
4
5
4
5
4
4
4
8
4
5
4
5
4
8
4
5
4
5
4
7
5
4
5
4
4
5
4
4
4
4
5
5
4
5
4
4
4
4
4
4
4
5
5
5
4
4
4
4
5
5
5
7
4
5
4
4
4
5
4
4
4
4
4
5
5
4
4
4
4
4
5
5
5
4
5
5
5
5
4
4
5
4
4
5
4
4
4
5
4
5
4
4
4
4
4
5
4
5
4
4
4
5
4
4
4
4
4
