80
4
6
69
35
4
4
4
22
8
5
5
31
4
6
6
4
24
4
9
5
5
6
4
5
5
7
32
4
5
6
4
32
5
4
5
4
5
5
4
22
5
5
4
4
4
4
6
24
4
4
20
4
36
6
4
4
5
5
4
4
4
7
4
7
4
7
5
5
4
4
5
6
4
5
5
4
11
6
5
6
4
5
5
5
5
4
5
5
5
4
4
6
4
5
11
8
5
5
6
10
18
5
12
11
5
4
6
4
6
6
5
12
6
4
4
4
4
5
5
4
5
4
4
4
7
6
4
5
4
5
4
4
4
6
5
4
4
4
6
8
5
4
8
6
5
5
6
6
4
5
6
9
5
5
5
5
5
5
5
5
6
4
5
5
6
5
4
4
5
5
5
6
5
5
4
15
4
4
5
4
5
6
4
4
5
4
4
6
5
4
6
4
4
4
4
6
4
6
6
5
4
5
5
6
5
10
4
4
4
5
4
4
4
5
4
5
4
6
4
4
4
4
4
5
4
6
6
4
4
5
4
4
6
6
5
4
5
4
5
5
4
4
5
5
4
4
4
4
4
4
4
5
6
4
4
4
4
