21
4
5
5
4
5
10
4
5
25
7
4
4
6
16
4
5
4
8
4
4
11
5
4
25
5
5
5
4
4
13
5
38
5
4
6
8
8
4
7
5
4
4
22
4
5
4
4
5
4
6
5
5
5
5
4
5
5
4
4
4
14
6
4
4
5
4
5
6
5
4
4
14
4
4
5
4
6
5
4
4
4
4
4
4
17
5
5
5
4
7
4
4
8
7
4
4
5
7
4
5
4
4
5
5
4
5
7
4
4
9
4
4
5
6
4
4
5
4
4
4
5
4
4
4
4
5
5
4
5
5
4
5
4
4
5
4
4
4
4
5
5
4
5
5
5
4
4
5
5
5
4
4
8
5
5
4
5
4
5
4
4
4
4
4
4
5
4
6
5
4
5
4
5
4
4
4
4
4
6
5
5
5
5
5
5
5
4
4
4
5
5
4
5
5
4
4
5
4
4
4
4
4
4
5
5
5
5
5
4
4
7
5
5
5
4
5
4
4
4
4
4
4
4
5
4
5
4
4
4
4
4
4
4
4
4
4
4
5
4
5
4
4
4
4
