46
6
6
9
9
5
7
72
8
51
5
5
7
30
6
5
5
5
35
8
8
5
6
69
8
8
5
6
29
5
8
5
6
6
37
6
7
7
6
5
6
5
7
5
5
5
8
6
7
6
5
7
5
5
5
9
6
6
5
7
7
8
6
8
15
7
9
7
22
9
7
5
7
5
7
6
10
5
7
5
5
7
6
9
6
21
6
5
7
6
5
7
7
8
5
7
5
12
27
5
7
7
5
5
5
6
12
18
7
12
8
5
22
7
6
8
8
6
7
6
9
5
5
5
5
7
5
8
8
7
6
6
5
5
5
8
6
7
5
5
6
7
6
6
5
5
6
5
5
8
7
6
6
7
5
7
6
5
8
7
5
6
7
8
5
5
8
6
21
7
8
5
6
5
8
5
6
5
6
5
6
5
7
7
13
5
7
11
21
6
6
5
7
5
5
5
5
6
5
6
13
5
7
6
5
5
8
5
7
6
8
8
6
5
5
14
7
5
6
5
5
6
8
7
5
5
6
5
6
5
5
5
6
5
5
5
7
6
5
5
6
8
5
8
6
5
5
5
7
5
5
5
5
8
6
5
5
5
7
7
5
6
5
8
7
6
7
7
7
6
5
7
8
5
7
5
7
6
6
5
5
5
7
5
6
