73
5
7
5
45
6
9
5
7
6
12
7
45
12
5
6
22
5
5
14
6
5
17
79
5
9
8
5
6
21
9
5
5
6
5
13
5
10
5
6
5
9
6
9
8
14
8
6
7
8
6
5
57
6
6
8
6
6
7
5
7
5
27
8
5
7
5
7
16
47
6
6
6
8
13
6
6
7
6
11
5
5
7
5
6
7
9
9
56
36
5
9
6
16
8
58
6
6
6
6
5
5
8
7
8
5
31
5
6
7
7
6
7
7
7
8
5
7
10
8
7
6
5
6
6
5
6
5
5
5
5
7
5
25
5
5
7
7
8
13
6
6
7
7
6
7
7
5
5
6
6
5
8
5
8
6
9
7
7
5
8
5
5
9
12
5
6
5
8
8
9
9
7
5
9
5
5
7
5
9
8
5
5
11
5
9
5
20
5
6
5
21
5
9
8
8
10
5
7
6
9
7
5
8
7
8
5
6
8
6
6
10
5
8
9
6
5
7
5
7
5
11
5
6
5
6
7
7
5
5
5
8
8
5
9
5
18
8
5
7
5
6
5
8
7
6
5
7
9
5
5
9
6
5
5
5
6
5
7
5
5
8
6
5
6
5
8
8
5
5
7
8
7
5
8
5
5
5
6
6
7
7
5
6
7
5
5
7
6
6
5
5
5
