8
5
12
6
6
8
6
5
6
5
7
13
5
7
7
6
5
7
10
16
7
5
25
7
6
6
7
7
5
5
7
16
21
7
5
7
5
5
5
9
6
5
5
5
5
13
5
7
6
16
5
7
11
25
5
5
6
5
5
6
5
7
6
6
6
6
7
7
13
7
5
5
15
5
5
6
6
8
7
5
5
6
6
5
12
5
5
5
5
6
6
7
5
5
5
8
6
7
7
6
7
5
6
7
7
6
5
7
7
27
6
6
12
5
6
6
5
16
8
7
5
5
6
7
7
6
5
6
8
5
5
5
7
5
5
5
5
6
7
5
5
5
5
7
7
7
5
5
5
5
5
7
5
7
7
6
6
5
7
7
6
5
6
6
5
5
7
5
5
5
6
5
6
7
6
5
5
6
8
7
5
6
6
5
6
5
6
6
6
6
6
7
7
10
5
6
6
5
6
5
5
5
7
7
6
5
6
7
5
7
5
7
7
5
6
5
6
6
5
6
6
5
6
6
5
9
6
7
5
6
6
6
5
5
5
5
6
7
5
6
6
5
5
5
6
6
5
6
5
5
5
6
5
5
5
5
5
7
8
5
5
6
6
6
5
5
5
5
5
