4
96
5
29
6
27
6
5
9
54
4
4
25
6
6
5
4
5
19
4
4
4
61
7
4
4
5
6
4
5
5
32
5
5
6
4
5
6
6
4
5
6
17
4
5
5
4
4
34
6
4
4
4
4
43
5
4
5
4
5
31
5
4
13
10
5
4
4
5
4
4
4
5
5
5
4
4
5
4
4
6
7
6
5
7
4
14
4
5
6
4
8
14
23
5
6
4
4
4
26
4
4
5
10
5
4
6
5
6
4
5
4
4
4
6
5
5
4
6
6
23
5
4
5
4
5
4
4
5
4
4
4
4
5
6
5
6
5
14
4
5
4
4
6
5
12
4
5
5
6
5
4
5
6
8
4
4
4
6
4
4
4
4
4
4
5
7
4
4
5
4
6
5
5
6
4
4
4
4
4
4
6
5
5
4
5
5
5
4
5
4
4
4
5
4
5
4
5
5
4
4
4
4
6
4
4
6
5
8
4
4
4
4
4
6
4
4
4
5
4
4
4
4
5
4
4
4
4
8
4
4
4
4
4
6
4
4
6
4
4
4
4
4
