634
12
5
12
5
7
7
6
5
8
9
6
5
13
5
5
6
5
37
9
11
7
5
5
10
6
10
28
7
6
5
9
6
5
36
5
10
6
9
9
6
24
5
6
6
5
6
23
13
6
7
24
6
6
8
5
7
5
5
5
6
5
5
6
5
6
5
50
5
8
6
5
5
7
8
27
5
5
5
7
7
7
5
5
7
7
5
5
5
5
11
6
5
8
15
6
5
6
8
5
5
7
7
6
5
5
6
9
6
9
7
6
8
26
5
6
6
7
7
7
5
8
5
5
6
5
5
5
8
5
5
5
5
9
5
5
6
8
11
5
6
11
5
5
7
5
6
5
5
6
5
9
5
7
5
8
8
9
8
5
6
14
7
7
5
5
7
7
10
5
9
5
9
7
10
7
7
5
5
6
7
5
6
9
6
5
6
7
6
6
9
5
5
5
9
6
5
8
8
5
5
5
6
8
6
8
9
6
5
6
7
5
7
6
5
5
5
5
5
6
6
11
5
5
7
5
5
5
6
5
6
5
5
6
5
5
6
5
5
5
6
5
5
