51
8
12
90
5
5
7
7
5
6
6
7
7
55
5
5
6
7
5
13
5
6
5
6
17
5
5
5
5
5
9
9
9
7
5
5
5
5
5
5
7
9
5
6
6
7
9
6
5
6
6
6
10
7
6
8
8
24
7
5
6
6
5
5
5
6
6
12
8
13
6
25
9
6
7
8
7
6
5
7
8
6
23
5
6
16
11
7
5
5
16
8
8
5
5
5
7
5
6
5
7
7
22
5
6
8
5
12
6
32
6
5
7
6
6
18
5
7
5
7
7
5
6
5
6
8
7
6
5
6
10
8
6
7
8
5
10
7
6
7
5
7
5
15
5
5
5
8
5
5
6
5
7
6
5
7
5
5
10
6
7
5
5
9
5
5
5
8
5
6
7
8
8
8
5
5
7
5
11
5
6
6
11
7
5
10
5
6
7
5
5
5
5
13
7
5
5
5
6
7
5
5
7
5
8
8
6
8
8
5
5
6
7
5
8
5
5
7
7
5
5
6
6
7
5
5
5
7
7
6
6
7
7
5
5
7
6
8
6
8
5
6
7
6
8
6
6
5
6
5
6
7
5
7
9
7
5
8
8
5
8
8
5
5
6
5
5
7
8
8
5
5
6
5
6
5
5
5
5
5
6
5
6
5
5
5
5
7
5
5
5
6
6
6
5
7
6
5
6
5
6
5
5
5
5
7
