182
12
5
7
7
5
6
12
7
175
5
5
5
7
46
9
6
6
31
5
13
5
5
6
5
9
5
10
5
5
35
9
5
5
5
5
5
5
9
5
7
9
10
6
7
10
9
6
5
45
6
6
14
6
9
8
9
24
24
5
6
6
5
6
38
6
9
8
9
7
24
7
8
31
6
15
7
8
14
5
6
6
5
6
22
7
5
5
6
8
5
5
5
5
5
7
5
7
7
6
5
8
6
40
6
5
6
6
5
8
5
11
7
7
5
6
5
9
6
8
7
6
8
5
6
16
9
7
8
6
8
5
7
6
5
7
5
5
15
5
5
5
6
16
5
5
5
6
5
7
5
5
5
5
9
9
9
5
5
6
7
8
5
7
5
11
5
6
6
11
7
5
5
5
5
13
5
5
5
6
5
9
5
7
5
5
8
8
9
8
8
5
5
7
6
7
5
5
7
5
5
6
6
7
5
9
5
5
9
8
7
5
6
7
7
5
5
7
6
8
6
9
8
5
6
6
9
6
5
6
5
6
7
5
7
9
7
8
5
5
8
5
5
6
5
8
8
5
5
6
7
6
5
5
5
5
5
6
5
6
5
5
5
7
5
5
5
6
6
6
6
5
7
6
5
6
6
5
6
5
5
5
5
7
