235
7
7
7
6
64
10
10
37
8
9
47
52
9
5
9
8
5
5
7
5
7
9
5
6
7
6
8
5
6
8
7
5
8
5
7
5
93
8
8
6
65
6
6
10
11
7
18
6
6
6
5
5
5
6
25
7
5
32
33
5
7
9
5
5
7
5
9
6
5
5
6
7
7
5
6
6
5
14
8
7
8
8
8
5
9
9
6
5
5
5
5
6
8
5
7
5
6
8
8
6
9
6
5
6
5
5
8
6
10
5
6
5
14
8
5
6
5
5
7
6
8
10
8
8
7
5
7
5
7
5
5
5
7
9
5
16
5
5
5
7
5
5
29
10
7
5
5
5
8
7
6
8
5
11
10
7
6
5
8
5
8
5
6
7
5
7
5
6
9
5
6
5
6
5
9
8
6
7
8
14
5
8
9
8
9
9
6
5
5
7
5
5
5
7
15
5
6
5
8
5
6
7
5
5
6
8
6
7
7
5
7
5
8
8
5
13
6
5
5
5
5
7
7
6
13
5
6
5
6
5
5
6
5
5
6
7
6
6
5
7
7
6
6
8
5
5
7
5
6
5
5
5
6
7
9
8
7
5
7
6
6
6
7
5
6
5
7
6
5
5
6
5
5
7
5
5
5
6
5
6
7
5
5
