49
6
4
5
4
5
5
4
5
19
39
24
13
6
4
4
23
6
4
4
8
4
4
36
4
4
5
108
5
4
8
5
27
4
4
4
4
5
4
6
7
6
6
5
14
5
6
6
5
8
5
11
6
4
5
10
4
4
4
17
9
16
4
6
4
6
12
4
5
8
5
24
4
40
5
4
17
4
4
4
5
6
5
4
4
4
4
4
4
6
17
5
4
5
4
7
4
7
4
4
5
8
4
6
5
4
6
5
14
4
4
6
4
6
6
6
23
6
4
5
4
6
4
4
5
6
4
5
5
4
4
4
4
4
9
8
5
7
5
4
5
4
4
4
6
8
4
4
4
4
6
5
4
4
5
6
5
6
5
5
4
4
4
4
4
5
4
4
4
4
4
4
4
5
4
6
4
5
4
5
4
4
4
5
5
4
5
5
4
5
4
5
6
5
5
6
4
5
4
5
6
4
4
4
4
4
4
4
5
5
5
5
4
7
5
5
5
4
5
4
4
4
4
4
6
4
4
4
6
5
5
6
4
4
4
4
4
6
4
4
6
4
5
4
5
5
4
5
4
4
4
4
