8
12
32
8
6
6
8
12
16
5
5
5
8
13
7
5
7
9
14
9
6
7
5
15
19
8
7
33
5
28
47
83
6
5
6
7
9
5
7
5
9
7
5
5
6
5
5
5
5
5
7
37
5
7
21
5
5
5
6
22
5
7
6
9
6
6
6
7
7
9
7
5
5
8
5
8
5
6
6
7
5
6
6
14
6
5
8
12
8
6
5
5
5
8
5
7
7
5
8
5
6
8
7
6
7
5
6
7
7
6
6
5
8
7
8
45
7
6
6
5
11
6
6
5
7
5
5
6
7
7
6
5
5
6
15
5
5
7
5
7
5
7
7
15
8
7
5
8
5
5
8
5
10
5
7
5
7
5
7
6
6
7
5
5
7
7
10
9
6
8
6
6
8
8
6
6
7
5
5
5
5
5
6
7
6
5
5
6
9
6
6
5
6
5
6
6
7
6
6
8
7
8
5
10
6
6
7
5
8
8
8
6
5
5
5
5
7
14
5
6
8
6
7
5
5
5
7
7
5
6
5
5
6
6
5
6
5
6
5
8
6
8
9
7
5
5
6
6
6
5
5
5
5
5
5
8
6
7
5
6
6
8
5
5
5
6
6
5
5
5
5
6
5
5
5
5
6
5
7
5
5
6
8
6
6
5
5
6
5
5
5
