7
486
5
61
44
12
5
13
6
13
6
9
5
7
7
5
14
5
5
9
8
6
5
5
34
102
5
5
7
5
13
17
5
6
7
8
5
7
5
45
7
5
7
6
6
6
10
20
6
6
7
6
5
7
7
6
5
9
5
5
13
24
8
5
9
74
5
5
8
7
8
5
37
8
7
7
8
8
5
8
6
9
10
8
9
7
7
5
6
5
6
5
5
5
7
8
13
8
6
6
7
6
7
7
5
7
5
6
5
5
9
6
10
7
7
5
8
5
6
5
9
20
5
5
6
8
8
5
6
9
7
5
5
5
5
5
9
8
16
8
5
9
5
11
6
9
8
8
5
8
11
5
7
6
6
7
5
7
8
7
5
9
10
5
5
8
9
5
6
7
5
7
10
5
7
5
8
8
6
5
7
6
6
6
7
5
6
7
5
6
6
5
5
8
10
9
5
5
6
5
6
5
8
8
6
5
5
6
5
7
6
5
5
7
5
5
8
6
5
6
8
5
5
6
5
7
7
5
6
5
5
6
5
6
5
5
6
5
6
6
6
5
5
5
5
5
5
