30
20
31
7
4
58
4
6
4
6
4
11
6
17
5
11
4
5
6
24
4
4
4
16
8
6
8
4
4
5
4
28
5
10
5
10
5
4
4
5
6
4
5
4
6
5
5
5
4
5
5
29
4
4
4
5
4
4
4
4
4
6
5
6
5
5
5
18
4
41
5
4
24
4
4
16
5
4
5
6
5
6
5
4
6
6
4
5
9
5
5
4
5
5
6
4
5
4
5
19
6
6
5
6
5
4
14
5
4
5
4
5
4
4
6
6
5
27
6
4
5
4
11
5
6
4
7
4
32
4
7
4
5
7
4
4
4
4
5
5
9
4
4
5
4
4
5
4
4
6
4
5
5
6
5
6
6
5
4
4
6
5
5
5
5
4
4
6
6
4
5
7
4
4
9
10
4
7
4
5
4
4
4
4
9
5
4
5
4
5
4
5
5
5
5
4
5
4
4
4
4
6
6
4
5
4
6
5
7
6
4
4
4
6
4
4
6
4
5
4
5
6
5
4
4
6
4
4
4
5
5
4
4
4
6
6
4
11
4
6
4
5
4
5
4
8
5
4
4
4
4
4
6
4
4
6
4
4
6
4
4
6
4
4
5
4
8
4
4
4
