4
26
24
4
5
5
12
5
5
4
4
4
5
5
17
4
5
4
4
5
17
4
5
4
6
4
5
5
9
5
5
5
4
5
4
14
4
4
5
4
4
5
5
4
4
4
4
4
5
4
9
5
4
5
12
4
5
22
5
4
14
9
4
5
6
4
4
10
6
5
5
4
7
4
4
5
5
5
4
4
4
5
4
5
12
4
4
4
4
5
4
4
4
5
8
4
26
5
5
9
6
4
4
4
4
4
4
5
5
4
5
5
4
4
7
4
4
7
5
5
4
4
5
4
5
4
4
7
5
5
4
5
5
4
4
4
5
4
4
4
4
4
5
4
5
10
4
5
5
11
4
5
15
4
4
5
12
4
5
5
5
4
5
4
8
4
4
4
4
4
4
4
4
4
4
5
4
4
5
4
5
5
4
4
4
4
4
4
4
4
5
5
7
5
4
5
4
10
5
4
5
4
4
4
5
4
5
4
5
5
4
4
4
4
4
4
4
4
5
4
4
4
4
4
4
4
4
4
5
4
4
5
5
4
5
4
5
4
4
4
4
4
4
5
4
4
4
4
4
4
4
4
4
