28
4
15
5
4
4
5
28
5
5
6
4
4
5
4
4
12
5
5
6
4
5
4
6
5
4
5
4
5
4
5
4
4
4
4
5
5
15
4
4
4
4
4
6
20
5
4
12
4
4
4
8
4
4
4
5
4
4
5
4
4
5
18
4
5
5
4
5
7
4
15
7
4
5
5
5
5
4
4
4
4
5
5
5
5
9
4
5
6
4
7
5
4
5
4
4
4
4
4
4
5
4
4
4
6
5
4
4
5
4
4
11
5
4
5
5
4
5
12
5
4
4
4
4
5
5
4
5
4
12
4
5
5
4
4
5
5
5
5
5
4
5
4
4
4
4
5
4
5
4
4
4
4
4
5
4
4
5
4
4
5
5
5
5
4
4
5
4
5
4
5
4
7
4
5
4
5
4
4
5
5
4
4
5
4
6
5
4
4
4
5
4
5
5
4
4
4
4
4
5
4
4
5
5
4
5
4
5
5
4
11
4
4
4
4
5
4
5
5
5
4
4
5
5
4
4
4
5
4
4
5
4
4
5
4
4
5
4
4
5
7
4
4
5
4
4
7
4
4
4
4
4
4
4
4
4
5
4
6
4
5
5
4
4
4
4
4
4
4
4
