5
8
4
4
6
4
5
4
7
6
5
6
8
4
6
5
36
4
6
5
16
4
4
5
23
4
4
4
4
5
4
4
4
5
19
4
4
5
4
5
4
5
4
5
5
5
5
4
36
6
4
4
17
5
10
4
4
4
11
5
5
4
4
4
4
5
4
12
4
4
4
5
4
4
4
4
4
5
11
4
5
13
5
5
4
5
5
4
4
5
4
4
5
4
4
4
6
21
4
4
4
5
4
6
4
4
4
4
4
4
4
5
5
4
7
5
4
4
5
5
5
4
12
5
5
5
4
5
4
4
5
4
4
5
5
5
4
5
5
5
4
5
4
4
4
5
4
5
4
4
6
4
4
9
5
5
5
5
4
4
4
4
4
4
4
4
5
5
4
5
4
4
4
4
4
5
4
5
5
5
4
4
5
4
5
4
4
5
4
4
6
4
4
4
5
4
5
5
5
5
4
10
6
4
5
5
7
4
4
5
4
4
5
4
4
5
4
5
5
5
5
4
4
5
4
4
4
5
4
4
5
4
4
4
4
4
4
4
4
4
5
5
4
4
4
5
5
5
4
4
