6
6
27
8
7
7
6
5
5
7
11
6
5
8
5
5
28
5
8
5
6
6
5
10
5
8
6
7
5
5
6
18
7
6
18
5
6
5
6
5
16
5
7
5
5
7
6
7
6
6
5
5
7
5
5
5
6
6
5
7
7
6
7
7
12
7
5
7
5
5
15
5
6
7
10
6
6
8
5
6
15
6
5
6
7
5
7
7
7
5
5
5
5
9
7
5
5
7
5
7
5
5
7
7
7
5
7
6
6
5
6
6
9
6
7
5
6
6
5
7
5
7
8
5
6
6
7
17
6
5
5
7
5
8
7
7
6
6
5
5
6
8
6
6
5
5
6
6
6
7
5
5
7
6
5
7
5
6
7
6
6
5
5
5
5
8
5
5
6
16
7
7
6
5
7
5
8
6
6
5
7
6
5
6
5
7
7
13
5
7
10
9
7
6
7
6
5
7
5
5
6
5
5
6
6
7
5
5
6
5
8
5
5
6
5
7
5
7
6
6
5
5
7
5
6
6
5
5
6
7
5
7
7
5
6
5
6
5
5
6
9
5
5
6
5
7
5
6
5
10
7
5
6
5
6
5
6
5
5
5
7
7
7
6
7
6
5
5
6
5
7
5
6
5
7
7
6
6
5
5
5
7
5
5
7
5
6
6
5
7
7
6
5
5
