6
6
6
7
5
12
7
5
7
5
5
7
5
7
34
7
5
9
6
6
6
7
7
6
5
7
7
7
5
5
6
5
6
6
5
7
6
7
9
6
5
5
25
7
5
7
8
5
5
5
7
5
7
5
7
7
5
5
10
5
5
27
6
7
7
7
8
7
7
6
5
5
6
5
5
8
5
5
10
7
6
7
5
6
5
7
6
5
6
5
5
5
6
7
6
5
5
7
6
6
7
5
5
5
5
5
7
7
14
5
6
6
5
7
7
6
7
6
5
5
7
6
5
8
5
6
15
5
7
5
7
7
5
7
5
5
7
6
6
6
6
5
6
6
5
6
5
7
6
5
5
6
5
6
6
7
5
6
7
5
5
5
7
5
5
9
5
5
7
6
5
7
5
6
6
12
6
5
6
6
5
7
5
6
7
6
6
5
5
5
5
5
7
6
7
6
5
6
5
5
5
6
7
6
5
5
7
7
5
5
5
5
5
5
5
6
7
5
5
6
7
7
5
6
7
5
5
7
6
6
5
5
6
5
5
7
5
6
6
5
5
7
5
6
5
6
7
5
5
5
5
5
6
6
7
6
7
6
6
7
5
7
5
5
5
6
5
5
5
7
5
7
7
7
6
6
5
6
6
5
5
6
5
5
6
6
6
