4
474
4
18
4
4
5
7
4
6
7
22
8
15
4
9
4
8
4
5
4
63
4
4
4
4
4
6
7
5
5
5
4
4
4
4
5
5
4
8
4
5
4
5
4
6
38
4
5
4
5
5
6
10
4
7
4
4
6
4
6
8
5
4
6
7
6
4
6
5
4
7
7
6
6
5
4
4
4
6
8
5
6
6
5
5
4
4
33
6
4
4
4
4
4
4
18
5
5
15
5
5
4
4
4
5
6
4
4
7
4
7
5
5
4
5
4
4
4
5
7
7
5
6
6
7
5
7
4
5
6
5
4
6
5
7
5
4
4
5
6
4
6
6
6
6
5
6
4
6
4
4
4
7
11
5
4
6
4
4
5
4
4
7
5
4
4
7
4
4
5
5
6
4
4
4
5
4
7
4
5
6
5
4
4
6
4
4
5
17
4
4
4
6
5
6
4
6
4
4
5
5
5
4
4
4
4
4
5
6
4
4
6
4
4
4
5
4
4
5
4
6
4
4
5
6
4
5
6
4
5
5
5
5
8
4
5
4
6
4
5
5
4
5
4
4
4
4
4
