7
5
7
5
6
9
7
5
6
6
7
7
5
16
6
5
7
18
5
5
6
6
7
5
9
8
5
8
6
5
14
5
5
5
6
7
5
8
6
5
8
14
6
5
8
8
7
8
6
5
6
6
8
54
6
5
6
7
8
5
32
7
5
5
7
5
7
6
6
8
9
6
6
6
24
12
30
6
6
7
7
5
5
7
5
6
7
9
9
27
18
5
7
5
9
6
8
35
6
6
6
5
6
5
8
7
8
5
6
5
41
6
7
7
6
7
7
7
8
5
7
5
9
8
7
8
6
5
46
6
6
6
5
5
6
5
5
5
10
7
5
5
15
5
5
7
5
5
8
6
6
7
7
6
7
6
8
6
7
5
6
5
18
5
8
5
8
6
7
7
5
8
5
5
9
5
5
6
5
8
8
9
7
6
7
5
9
5
5
7
5
9
8
5
5
5
5
7
5
5
6
5
16
5
9
8
8
10
5
7
6
7
5
8
7
8
5
6
8
6
6
9
5
8
6
5
5
5
7
14
7
5
11
6
5
5
6
7
7
5
5
5
8
8
8
5
9
5
10
7
5
8
5
6
5
8
7
6
6
5
7
5
5
8
6
5
5
5
6
5
6
5
7
5
5
8
6
5
5
6
5
6
8
8
5
7
5
8
7
5
8
5
5
5
6
6
7
7
5
6
7
5
5
7
6
6
5
5
5
5
