19
7
7
6
7
6
7
6
7
5
7
7
8
7
7
7
7
6
9
5
5
6
5
7
7
5
5
6
6
7
5
6
6
5
5
7
12
5
27
5
7
6
5
7
6
6
5
22
8
5
5
5
27
6
6
6
5
5
6
7
5
7
11
6
5
12
8
5
19
5
12
6
5
6
5
6
8
5
6
7
5
5
6
7
5
6
8
8
9
5
6
5
5
9
10
5
5
5
7
6
5
9
5
5
5
5
9
5
6
5
5
6
7
7
5
5
6
5
6
9
6
5
5
5
7
6
5
6
5
5
5
7
6
5
5
7
8
7
5
22
5
8
5
7
5
5
6
13
7
5
5
7
5
7
5
7
8
5
6
5
6
7
8
7
5
5
18
5
7
5
7
7
5
6
5
6
6
6
5
5
7
7
6
5
7
5
5
5
7
5
6
6
6
5
6
7
6
6
5
5
5
6
7
7
5
6
5
5
7
6
7
7
6
6
7
7
6
7
6
6
7
5
5
5
6
7
5
5
5
5
6
7
6
5
5
6
5
6
6
5
5
5
6
5
6
6
5
7
6
6
6
7
5
6
6
5
5
6
5
7
5
8
7
5
6
7
5
5
6
5
5
5
5
6
5
5
5
7
6
5
5
5
6
5
5
