10
4
7
5
29
4
5
6
6
5
5
8
5
4
15
4
5
4
4
12
5
5
5
4
24
4
4
4
24
4
4
6
8
5
5
4
4
4
20
4
4
6
21
5
4
5
4
4
5
21
5
4
5
6
4
5
22
4
6
5
33
5
5
5
5
5
4
5
5
5
9
5
4
5
4
5
4
4
4
5
4
5
5
4
12
5
5
5
4
5
4
4
4
5
4
4
4
5
5
10
5
5
5
4
4
5
4
9
4
5
5
4
22
4
5
5
4
4
5
4
4
5
5
4
4
4
4
4
4
5
4
6
4
5
5
9
10
4
5
4
4
4
4
5
4
8
6
4
4
4
4
5
4
5
4
5
4
4
6
4
4
5
4
4
4
4
4
6
9
5
5
5
4
5
9
5
4
4
4
4
5
4
4
4
10
4
4
4
5
5
7
4
4
4
4
4
5
5
4
5
4
5
4
4
4
4
4
4
4
4
4
4
4
5
4
5
4
4
4
4
4
4
4
4
4
6
6
5
4
5
4
4
5
5
4
5
4
5
4
4
4
5
4
6
4
4
4
