13
6
62
15
6
5
38
4
6
5
6
6
5
6
5
12
32
4
22
5
6
4
6
4
23
4
12
5
6
6
33
5
4
6
4
4
7
17
4
28
4
6
5
8
4
33
5
4
5
4
43
4
6
5
5
9
28
6
28
4
5
6
39
5
5
6
5
6
5
9
4
5
5
5
6
6
6
5
4
4
5
6
4
18
4
5
5
4
10
4
5
5
4
7
5
4
6
4
4
6
5
4
4
5
5
5
6
5
5
4
4
4
11
5
4
5
4
4
5
5
6
4
4
5
4
4
5
5
4
4
4
4
6
5
6
4
5
5
16
6
12
6
6
27
4
4
4
4
6
4
5
4
16
6
12
6
6
4
4
4
6
4
4
5
4
5
4
4
10
4
6
4
5
4
4
4
4
6
4
6
6
4
4
6
5
5
5
4
6
9
5
4
4
4
4
5
4
4
4
4
4
4
6
6
5
6
7
4
4
6
4
4
4
4
5
9
5
4
5
6
4
4
4
4
4
4
4
4
4
4
4
5
5
4
6
6
4
4
6
4
4
4
4
4
4
6
6
5
4
6
5
4
4
5
4
5
5
5
4
4
4
5
4
4
4
4
4
