8
4
3
3
3
3
13
122
4
4
8
3
4
3
4
3
5
3
3
9
3
3
31
4
22
3
4
6
60
5
3
3
3
4
3
5
19
12
3
3
3
4
3
3
10
3
7
3
8
4
3
17
11
4
7
4
4
4
4
4
3
6
3
11
4
3
15
3
3
6
3
11
4
10
3
3
4
3
4
3
4
3
8
3
4
10
4
3
4
3
3
3
4
3
3
10
3
3
4
4
3
3
13
3
4
4
4
4
3
3
3
3
3
4
4
3
3
3
3
7
3
3
3
3
3
3
4
6
4
3
4
3
3
3
9
3
4
3
6
6
3
7
3
3
3
4
3
3
3
4
4
3
5
4
3
3
11
3
3
3
3
4
3
4
4
3
3
3
3
3
4
4
4
3
4
3
3
3
3
3
3
3
3
3
4
3
3
4
8
4
4
3
3
3
4
4
4
3
4
3
3
3
4
3
4
3
3
3
4
3
4
4
4
4
4
3
3
3
4
3
4
4
4
4
4
3
3
4
3
3
3
3
3
3
4
3
3
3
3
3
3
3
3
4
4
3
3
3
3
3
3
3
3
3
3
3
3
3
3
3
3
3
3
3
