14
7
5
38
8
6
5
4
5
40
6
4
7
5
6
4
8
6
8
5
8
4
10
5
6
13
4
5
4
4
5
5
4
6
7
6
4
5
5
7
15
19
6
6
15
6
4
4
6
4
4
5
5
6
6
6
7
4
18
6
15
4
5
6
4
4
5
16
6
17
4
6
4
9
4
6
6
4
6
8
7
4
4
4
13
4
6
5
6
5
6
20
5
12
4
15
4
6
4
15
4
5
5
6
5
4
4
4
5
4
8
5
4
4
5
5
5
4
6
4
4
4
5
4
6
4
5
4
6
4
4
4
4
6
6
5
4
4
4
5
5
6
5
5
5
4
5
4
5
4
4
5
4
4
4
4
6
4
4
11
7
6
7
6
6
4
4
8
4
5
5
4
6
4
5
4
5
5
6
4
4
4
4
10
7
6
6
5
4
5
4
4
5
5
4
4
5
11
6
4
4
5
4
4
4
5
4
4
6
6
5
4
4
4
5
5
6
5
7
5
4
5
6
5
5
5
6
4
6
4
4
4
4
4
5
4
5
4
6
4
5
10
4
4
5
6
4
4
4
5
4
5
4
4
4
4
4
6
4
5
5
6
4
6
6
5
4
4
4
5
9
6
5
4
6
4
6
4
7
5
4
6
4
4
5
6
4
5
5
6
5
6
4
5
4
6
4
4
4
6
5
4
4
4
5
4
4
5
4
5
4
6
5
4
5
4
4
6
4
4
5
5
4
4
5
4
4
