5
5
194
5
5
10
5
14
5
76
9
5
5
6
9
7
9
6
6
8
5
5
6
6
6
6
39
5
75
8
6
7
5
5
13
7
7
5
16
6
5
6
38
20
7
5
5
9
7
6
8
7
6
9
8
10
6
5
5
23
5
9
7
6
5
5
5
5
5
17
6
6
7
5
8
5
6
51
9
7
8
5
9
5
6
7
5
7
6
7
6
8
6
5
9
6
9
8
7
5
6
6
5
5
8
5
5
8
8
7
6
6
5
5
61
8
5
5
6
6
7
5
5
6
9
14
5
6
6
5
5
5
9
11
6
5
9
7
9
13
8
5
5
7
5
8
37
6
8
6
10
8
5
8
7
7
9
8
5
6
21
7
8
6
9
5
5
5
6
6
7
7
5
5
8
28
6
8
5
14
5
8
6
6
9
6
6
5
6
14
8
6
7
6
5
10
7
8
6
9
5
7
7
6
9
7
5
16
5
5
6
6
8
17
8
8
9
5
5
7
8
6
5
5
7
5
8
5
8
9
5
5
5
8
5
7
8
5
5
6
5
7
6
5
5
8
9
5
9
6
5
5
5
5
5
5
5
7
7
7
5
6
5
6
5
6
5
5
6
6
7
9
6
5
7
5
5
10
9
7
5
5
5
6
6
6
7
17
8
7
7
5
5
7
6
9
6
7
6
5
5
7
6
5
5
5
6
5
5
5
5
6
6
6
6
