17
671
8
6
4
4
5
5
21
4
5
25
4
44
4
8
6
5
4
8
4
7
19
8
4
8
6
12
9
8
5
4
10
4
18
5
5
4
4
8
8
7
6
4
6
4
5
4
4
5
5
6
5
6
6
7
4
9
4
10
5
5
6
5
4
5
6
4
5
7
6
4
4
13
4
8
7
8
4
15
5
4
4
4
4
5
13
15
5
4
6
4
5
5
9
4
7
5
10
4
4
20
5
4
6
8
8
4
7
4
4
5
4
6
4
4
4
7
6
4
5
4
6
5
6
4
5
4
5
4
5
4
7
4
6
4
4
5
4
6
4
5
4
5
4
6
5
5
4
4
7
11
5
8
4
4
4
5
6
17
11
4
10
5
6
4
7
5
5
7
7
5
4
5
8
5
5
5
6
7
4
5
5
5
4
7
4
4
4
4
5
4
8
5
4
6
5
4
5
4
4
4
6
4
4
5
5
4
4
8
5
5
4
4
4
4
4
5
4
6
7
4
4
4
4
4
5
4
6
6
7
4
5
4
6
4
6
4
4
5
4
4
5
4
4
4
4
5
6
4
4
5
4
4
4
4
