5
6
7
4
6
6
5
4
67
6
5
8
4
22
5
7
5
5
4
9
18
4
5
14
17
4
6
6
4
6
4
4
5
5
6
5
4
4
11
4
6
5
4
6
5
4
5
4
4
6
6
5
5
8
4
5
4
6
5
6
5
5
4
8
4
5
8
25
4
4
4
6
6
4
5
5
5
6
6
17
4
4
4
6
7
4
6
6
17
4
4
7
6
4
5
6
7
4
4
4
6
5
5
13
6
5
4
4
7
5
4
6
6
4
4
5
4
6
5
9
6
5
4
9
4
4
14
11
5
6
4
4
9
4
4
5
6
6
6
6
5
4
4
6
4
5
8
4
4
4
6
4
6
4
5
4
4
5
12
6
4
4
4
6
6
5
4
4
4
5
5
5
4
4
8
5
4
4
5
5
5
4
18
4
6
5
6
4
5
6
4
4
4
7
4
6
6
5
4
4
9
5
10
5
6
4
5
5
5
4
5
8
5
4
5
7
5
6
4
4
5
4
4
4
5
6
5
4
5
7
6
4
6
4
5
4
5
4
6
4
4
4
4
5
5
5
5
4
4
6
4
6
5
4
6
6
4
5
4
4
6
4
4
4
8
6
4
4
4
5
5
5
4
6
4
5
5
6
5
5
4
5
4
4
4
4
5
6
4
4
6
4
4
5
4
4
4
5
4
7
4
4
4
6
4
4
6
4
4
5
4
6
5
4
5
4
4
4
4
5
4
5
4
4
4
