4
91
5
7
7
5
4
5
5
145
8
7
5
4
29
12
4
4
4
5
5
4
6
6
4
4
5
50
83
7
10
5
6
12
6
4
4
5
21
5
4
4
4
4
8
4
8
4
6
6
4
6
7
6
4
8
6
34
16
7
5
5
4
4
14
6
4
9
7
5
5
4
7
4
8
5
4
7
16
4
4
4
5
4
9
4
6
5
4
10
7
6
4
4
4
6
6
7
11
5
4
7
16
8
7
5
7
7
8
4
6
8
4
6
5
4
5
5
9
7
5
4
7
5
7
5
5
4
6
5
7
7
7
7
6
5
4
6
5
4
7
6
21
32
4
4
4
5
4
5
6
4
5
4
4
4
25
23
5
5
4
5
7
6
5
4
4
5
5
4
4
9
7
4
4
6
4
4
5
5
6
4
7
5
5
5
4
6
4
4
5
5
4
5
7
4
16
4
6
5
19
7
5
4
4
6
4
4
5
6
4
6
5
7
5
5
5
4
4
6
5
5
6
4
6
5
5
4
4
4
4
4
6
4
7
4
4
10
6
5
12
4
4
5
4
7
4
5
5
6
4
5
6
8
5
6
4
7
5
4
6
4
6
4
4
5
4
5
4
4
4
4
4
5
5
4
6
4
5
7
4
6
5
4
4
4
7
4
5
4
4
4
4
6
6
4
5
6
5
7
4
4
4
5
6
5
4
7
4
6
5
4
4
5
6
4
5
4
4
7
4
4
4
4
4
5
4
