7
7
11
38
18
6
9
5
7
10
5
53
9
5
5
12
7
8
71
8
122
6
6
7
7
5
5
9
5
7
8
21
9
9
32
5
35
6
6
11
8
7
6
6
59
5
7
5
7
5
8
5
7
5
6
6
8
6
5
41
5
12
12
9
5
8
9
6
8
6
9
6
8
8
5
8
5
5
8
16
7
16
6
6
6
7
6
5
5
6
6
5
6
7
6
5
5
27
14
5
5
7
9
34
8
6
9
6
6
6
5
8
7
5
6
6
5
9
7
7
11
8
5
5
6
9
5
20
5
9
34
6
6
8
5
9
5
5
5
5
5
8
7
7
7
5
5
8
8
8
6
7
13
8
7
5
5
9
9
5
6
8
5
5
7
5
5
11
8
6
8
5
14
6
5
9
6
5
5
5
5
8
6
5
7
5
6
5
10
5
5
5
6
9
8
5
6
7
7
8
6
5
6
5
9
6
5
5
6
5
6
8
8
5
6
7
5
5
7
7
6
7
6
6
7
8
5
7
5
7
6
5
6
7
6
8
5
12
6
6
5
5
6
8
9
7
5
5
6
6
6
6
5
5
5
5
5
5
5
5
7
6
5
7
5
6
13
7
7
9
6
13
5
5
5
5
5
5
9
7
5
5
7
6
5
6
5
6
9
7
6
7
7
6
7
5
7
5
6
6
7
5
6
5
6
5
5
5
5
5
5
