5
5
5
9
35
5
5
5
5
5
6
7
5
6
9
6
5
6
5
6
6
5
6
5
5
6
6
18
5
7
20
5
8
6
5
6
5
7
5
6
7
6
6
5
6
5
5
7
6
5
5
5
5
6
6
5
7
6
9
5
5
8
6
6
5
5
26
6
7
6
7
6
7
5
6
12
5
6
6
7
7
5
5
6
7
13
6
16
7
6
5
5
5
5
8
7
7
6
5
5
6
6
7
5
5
6
7
5
5
6
7
13
5
6
6
5
5
7
5
5
11
9
6
5
5
7
15
5
5
7
5
5
8
8
13
6
6
7
5
26
7
7
5
6
20
8
7
6
5
5
6
7
8
6
6
7
7
5
7
6
14
7
5
7
7
5
6
6
6
7
6
6
5
6
7
6
5
10
7
6
5
7
6
7
5
7
5
5
6
6
5
5
6
7
7
5
5
6
5
5
7
5
5
7
6
8
5
5
5
5
5
7
5
5
5
5
6
5
5
6
5
5
5
5
6
5
5
5
5
5
5
5
5
5
7
7
7
5
5
6
6
5
6
5
5
5
6
6
7
6
5
7
5
5
5
7
6
5
5
6
6
6
7
5
10
7
5
5
7
5
5
7
9
6
7
6
7
6
5
5
7
6
5
5
5
6
5
5
5
5
6
5
6
6
6
