6
18
6
5
7
5
7
6
6
5
6
16
8
7
7
6
7
8
7
7
5
5
6
7
7
5
5
7
7
6
5
7
6
7
7
5
5
6
5
6
5
7
5
5
6
8
6
6
5
7
5
5
5
5
5
6
9
7
6
9
8
6
6
5
6
5
5
6
6
6
10
6
6
6
5
6
5
19
7
6
7
5
6
6
5
5
6
7
6
7
6
7
7
6
6
7
7
5
6
6
7
7
5
7
5
5
6
5
6
5
5
8
6
9
5
6
7
5
5
9
7
6
7
5
6
5
5
6
6
5
6
7
5
7
6
5
9
7
5
8
7
7
8
5
6
7
5
6
6
7
9
7
5
6
6
5
5
6
5
5
7
6
5
5
6
6
14
5
5
7
5
5
5
7
6
7
6
6
5
5
6
6
7
5
5
5
6
7
5
6
5
7
7
7
11
5
6
7
6
6
5
6
6
5
5
7
5
5
6
5
5
8
6
5
7
9
7
5
7
5
7
6
7
6
6
5
7
5
7
5
5
5
7
5
6
6
7
5
5
5
5
6
6
7
6
5
5
6
5
6
5
6
7
5
7
5
7
5
6
5
5
5
5
7
6
6
5
5
5
6
5
7
6
6
6
5
5
6
7
5
6
5
7
5
6
5
6
6
7
6
5
6
6
5
6
7
5
5
5
5
6
5
5
6
5
5
5
