17
46
3
3
3
4
24
43
4
3
5
3
28
3
7
3
4
4
3
19
5
13
3
4
12
3
10
54
5
17
4
4
4
3
3
3
14
24
3
15
3
3
4
3
4
5
3
7
3
5
13
4
4
3
3
11
3
3
3
4
3
5
4
7
8
17
3
4
13
4
3
9
3
3
4
4
4
10
5
4
4
3
9
7
4
7
3
3
10
4
3
4
3
5
3
3
3
4
4
3
10
7
3
4
4
7
13
4
4
3
4
4
3
3
8
4
5
3
3
3
3
3
4
3
4
4
4
4
3
4
3
4
3
3
3
3
4
4
3
4
3
3
3
4
3
3
4
3
3
3
5
3
6
4
3
3
3
3
3
4
3
3
7
3
3
3
4
3
3
3
3
3
4
3
4
3
4
3
4
8
3
3
4
4
3
4
4
3
3
3
3
3
3
3
3
3
4
4
3
3
3
4
3
4
3
3
3
3
3
3
3
3
4
3
5
4
3
4
3
3
4
3
3
4
3
4
4
3
3
3
3
3
3
3
3
3
3
3
3
3
