6
6
6
5
4
30
4
4
4
5
4
7
5
4
10
7
5
4
4
4
5
43
5
4
58
12
6
4
28
5
29
5
4
23
5
4
4
4
4
4
5
13
5
5
8
4
5
5
39
5
7
4
6
33
8
6
5
5
5
6
4
5
4
6
4
5
4
6
4
4
5
6
9
5
32
4
6
5
7
7
4
4
4
5
5
4
5
6
6
5
4
4
4
4
5
4
6
6
4
6
6
4
6
4
4
6
5
6
5
4
5
4
4
6
4
7
13
5
6
5
5
4
4
5
6
6
4
21
5
6
4
9
6
4
4
4
5
4
5
5
6
6
5
4
4
20
6
5
4
5
7
4
4
5
7
5
4
5
5
6
4
4
6
4
4
6
4
4
6
5
5
4
7
5
5
6
4
4
5
5
4
4
6
5
5
4
4
5
5
5
5
6
6
5
5
5
5
4
4
6
5
4
4
6
4
4
4
4
4
4
5
4
4
5
4
5
4
4
4
4
4
6
4
4
4
5
6
5
5
4
6
4
5
5
5
6
4
5
4
4
4
9
5
4
4
4
4
4
4
5
6
5
5
4
6
4
6
4
7
4
6
6
4
7
7
4
4
5
5
4
5
6
6
4
5
4
5
7
5
4
5
4
4
5
5
4
5
6
4
4
4
4
4
4
4
5
6
