6
7
7
5
7
6
7
7
6
5
7
5
7
6
7
5
7
15
6
6
5
6
7
8
6
6
5
5
8
5
7
6
5
6
16
5
5
6
5
7
5
5
7
6
7
7
6
15
5
5
5
5
5
5
5
6
5
5
6
5
7
5
5
5
5
7
7
6
15
5
7
5
10
5
6
7
5
9
5
14
6
5
5
5
5
6
6
7
5
7
5
6
7
5
5
6
6
7
5
6
7
5
6
5
6
6
5
6
7
7
6
7
6
6
6
5
7
5
5
6
5
6
7
5
7
5
5
6
7
6
7
6
7
7
7
5
7
6
13
5
6
8
5
12
5
7
5
6
7
7
6
6
5
6
7
6
6
7
7
7
5
7
6
5
5
5
5
6
6
7
6
6
5
5
5
7
7
5
5
5
7
8
5
6
6
6
6
7
5
7
7
5
9
6
6
5
6
6
5
6
6
7
6
6
6
7
5
5
7
6
7
5
6
5
5
6
6
5
5
7
7
5
5
6
8
5
6
6
5
7
5
7
6
5
5
7
5
5
6
6
5
8
6
5
6
5
6
7
7
6
5
7
7
11
5
5
6
7
6
6
6
7
7
5
5
5
5
6
6
5
8
8
7
6
7
7
6
6
7
6
5
6
5
7
6
5
5
6
5
6
5
5
5
7
5
5
7
6
5
5
7
5
5
5
5
5
6
5
5
5
5
6
5
