5
328
4
6
4
7
12
5
4
5
27
29
4
6
6
4
4
7
6
4
4
35
5
4
4
4
36
6
5
4
5
6
5
5
4
9
4
4
6
7
27
5
8
4
11
5
9
13
7
11
6
5
4
5
5
4
7
33
4
4
6
5
6
5
8
27
4
15
4
4
6
10
4
6
22
7
5
6
6
4
4
4
4
11
5
13
5
4
4
7
5
6
4
4
4
7
6
5
9
6
4
4
7
4
31
6
7
4
4
4
10
6
5
6
6
4
4
6
4
7
5
4
4
4
6
4
6
4
6
7
4
5
7
6
6
4
4
5
5
5
4
4
5
4
4
6
5
7
4
6
4
5
6
4
4
6
6
5
7
4
4
5
5
7
5
4
7
5
5
4
5
8
5
4
7
5
5
4
4
5
4
4
4
5
6
7
5
5
4
5
5
7
12
6
8
7
4
6
4
5
4
7
6
4
4
5
4
5
4
7
5
5
4
6
4
5
4
6
6
4
5
4
4
4
4
4
8
4
6
4
4
4
5
5
5
4
6
4
5
6
5
5
4
5
4
4
4
4
5
6
4
4
7
6
4
4
5
4
4
4
7
5
4
9
7
4
4
4
6
4
4
4
6
7
4
5
4
6
5
4
5
4
4
4
5
4
5
4
4
5
4
4
6
4
4
4
