5
4
4
5
15
5
4
5
5
14
5
4
5
5
4
4
6
7
4
5
5
4
4
7
4
5
5
6
12
4
10
5
4
4
6
5
8
7
4
5
5
4
5
4
4
5
4
5
5
4
4
5
10
4
5
5
5
5
6
4
4
9
4
4
5
5
7
4
4
5
4
4
5
5
5
4
4
5
4
4
4
4
5
6
5
4
5
6
4
4
4
4
5
11
5
4
4
4
15
5
5
13
5
4
5
4
4
4
4
4
4
5
5
4
4
4
5
4
5
4
4
4
5
4
5
4
4
4
4
4
4
4
4
4
5
4
5
4
5
5
5
5
5
5
5
4
6
5
5
4
5
4
5
4
4
4
4
4
4
4
7
4
5
4
5
4
5
5
4
8
4
5
4
4
5
5
4
5
5
4
4
4
4
4
5
7
5
4
4
5
5
4
4
5
7
4
5
4
4
4
4
4
4
4
6
5
4
5
6
5
5
5
4
4
5
4
4
5
4
4
4
4
5
4
5
4
4
4
5
4
4
5
4
4
4
4
4
6
5
5
4
6
5
4
4
4
4
5
4
4
4
5
6
4
4
4
4
5
5
5
5
4
4
5
4
4
4
4
5
4
5
4
4
4
4
4
5
5
5
4
5
4
