10
40
3
4
5
47
3
4
4
4
18
3
3
7
24
5
13
16
52
3
3
3
8
16
3
3
3
13
25
4
3
3
4
50
18
4
3
4
4
4
3
3
4
3
3
4
3
4
3
4
3
33
3
3
3
3
4
3
4
4
4
3
4
10
4
4
3
3
4
3
4
11
3
3
3
4
3
3
4
3
3
8
4
3
3
4
4
4
6
3
3
3
4
3
3
3
3
3
5
3
3
4
3
4
4
4
3
8
5
5
3
3
3
4
15
4
3
3
3
3
3
3
3
9
10
3
3
3
3
3
4
3
4
4
3
8
4
4
3
3
4
4
3
4
3
4
3
3
3
3
3
6
4
3
3
3
3
3
3
4
3
3
3
3
9
3
7
3
3
3
3
5
3
4
3
4
4
4
3
4
3
3
3
4
3
3
3
4
3
4
3
3
3
3
3
4
3
3
3
3
3
3
4
3
4
4
3
3
4
3
3
4
3
4
3
3
3
4
4
3
3
3
3
3
4
3
3
3
3
4
4
4
3
4
3
3
3
3
4
3
3
3
4
3
3
3
