657
4
59
5
5
7
7
4
4
4
7
8
9
5
34
6
4
4
9
10
8
6
4
5
11
4
6
7
7
5
5
4
6
4
4
9
5
5
5
8
4
34
5
4
6
5
5
7
4
5
4
7
5
4
6
4
25
11
14
5
5
7
4
5
9
4
4
25
6
7
4
6
4
4
7
5
4
6
4
6
4
4
4
9
9
4
4
6
4
11
4
6
8
4
5
4
4
4
6
8
5
8
4
8
4
7
5
4
8
4
4
5
5
5
6
8
7
7
5
4
4
4
7
4
5
6
6
4
6
7
5
5
6
4
5
4
8
5
7
4
4
4
4
4
5
4
6
5
4
4
5
4
5
8
6
4
5
4
5
5
4
4
6
6
8
5
6
5
4
5
4
4
6
4
7
10
8
4
4
4
5
4
8
6
4
4
7
6
7
5
5
8
6
4
4
4
16
4
4
4
7
6
4
4
4
6
4
5
4
4
7
6
4
4
4
4
4
5
7
4
5
8
10
7
4
5
5
5
4
5
4
5
4
4
4
4
4
4
4
5
6
5
4
