6
5
4
4
10
4
6
6
5
5
6
4
4
5
6
16
25
6
6
4
6
6
4
5
4
5
6
9
19
5
4
5
5
5
4
30
5
4
5
5
37
7
6
5
4
5
4
7
6
23
5
4
13
14
5
10
5
26
5
5
6
5
36
4
5
5
5
6
7
5
28
7
6
5
7
4
7
6
4
6
9
5
6
21
4
4
6
15
17
4
6
6
4
4
7
5
5
7
4
4
4
5
4
4
6
6
5
4
4
4
4
4
4
6
6
6
4
4
7
4
4
5
6
6
7
4
4
4
5
5
5
4
4
4
7
7
6
6
4
4
4
5
5
7
5
6
6
6
5
5
6
4
5
5
5
4
5
6
6
4
8
4
5
5
8
6
4
4
4
5
4
4
4
4
5
4
5
6
4
4
5
4
5
4
4
6
5
4
4
6
5
6
6
5
5
6
4
4
5
4
4
5
6
4
4
4
10
5
6
6
4
11
4
5
4
6
4
4
5
4
4
4
7
4
5
6
5
5
5
12
4
5
4
4
8
4
6
5
5
4
4
4
6
5
6
4
6
4
5
5
4
6
4
4
5
5
4
4
4
4
4
4
4
6
5
6
4
4
4
4
6
4
5
5
4
4
4
5
6
4
4
5
6
10
6
6
4
6
4
4
5
5
5
5
5
5
4
4
4
5
4
4
4
4
6
4
4
4
4
4
4
4
4
5
4
4
5
6
4
