18
5
4
4
14
7
4
5
4
5
4
5
5
15
5
5
5
4
8
5
4
5
4
5
4
4
5
7
4
5
5
6
5
4
4
4
4
5
5
5
4
11
4
5
4
4
6
5
5
5
5
4
5
4
4
5
5
8
4
4
5
4
8
4
5
5
5
5
4
5
4
4
6
4
4
5
5
5
5
9
4
4
4
9
4
4
5
5
7
4
4
7
4
4
4
6
4
5
4
5
4
4
5
5
4
6
5
5
4
4
6
5
4
4
4
5
4
5
9
4
5
4
5
5
4
6
5
4
4
5
4
4
4
4
7
4
4
5
4
5
8
4
4
4
4
5
4
4
5
4
5
5
4
5
5
5
4
4
4
5
4
4
5
4
5
4
4
5
4
4
4
4
4
4
5
4
4
5
5
5
4
5
4
5
5
4
4
5
5
5
4
4
5
4
4
4
4
5
5
4
5
5
4
4
5
4
5
4
6
4
5
7
4
5
5
5
5
4
4
4
4
5
7
4
5
4
4
4
4
4
6
4
6
4
4
5
4
5
4
5
5
5
4
4
4
4
4
4
4
4
5
4
5
4
5
4
4
5
4
4
4
4
4
4
5
4
4
5
4
4
4
5
4
4
4
4
5
4
5
5
4
4
4
4
