7
5
13
12
5
5
5
31
5
5
7
5
7
10
5
5
5
5
8
48
8
5
5
6
16
8
8
7
9
6
6
7
8
8
6
6
5
6
7
6
5
6
7
5
9
13
9
5
5
6
7
8
8
9
7
7
8
5
5
6
5
20
6
10
5
7
8
8
5
5
6
5
7
6
5
5
5
8
6
6
5
6
5
5
6
6
6
6
7
9
5
5
18
5
5
5
6
6
5
6
5
6
5
5
7
7
5
7
5
5
7
13
5
5
9
15
5
6
10
5
5
5
6
7
6
6
5
5
6
7
8
5
7
8
7
7
5
7
7
5
6
9
7
7
9
5
7
6
5
6
5
7
7
5
8
5
5
5
7
5
7
8
5
5
6
8
8
5
7
6
8
11
6
6
5
6
5
7
7
5
7
8
6
10
5
9
8
6
14
5
7
5
6
8
8
8
5
6
7
6
8
8
7
7
11
6
6
5
6
6
5
13
6
5
5
6
5
5
5
7
6
5
5
8
6
14
7
5
9
8
5
6
9
5
7
7
7
6
18
8
7
5
6
5
5
8
5
8
5
5
6
5
5
7
5
5
6
5
8
7
8
6
5
6
7
5
6
6
5
5
6
6
15
8
6
5
7
7
5
6
8
6
5
5
6
6
7
5
5
9
5
8
7
6
5
5
5
5
6
8
5
5
6
5
6
5
7
12
5
6
6
6
5
7
5
5
5
7
8
7
7
5
6
7
6
7
7
6
5
5
6
8
5
8
5
7
5
