7
9
10
7
7
5
43
5
5
7
5
6
8
10
5
9
5
7
8
6
7
5
15
7
22
22
7
8
5
7
6
6
6
6
29
8
5
5
24
5
7
7
8
9
5
7
8
6
6
9
6
5
13
6
6
5
8
7
32
8
6
6
7
7
5
5
8
7
8
5
7
5
6
8
7
8
7
5
6
8
8
25
13
6
5
6
8
9
9
5
5
6
24
5
6
9
9
7
6
7
5
5
5
6
5
5
7
8
6
6
21
7
5
6
7
6
8
9
6
8
10
6
8
5
7
9
7
6
5
8
6
7
8
6
5
6
7
8
7
9
7
5
7
5
7
7
6
6
5
13
7
6
59
8
6
9
8
5
6
9
5
5
6
7
5
9
5
5
8
5
8
7
5
9
6
5
7
7
8
8
5
8
7
5
8
6
8
7
6
8
7
5
5
5
5
5
7
9
5
8
5
5
6
5
8
6
5
5
7
5
7
5
6
7
7
6
5
5
7
6
5
6
7
5
5
5
6
8
5
5
5
7
5
13
6
5
7
8
5
5
9
6
8
5
5
6
6
9
6
8
6
5
6
8
7
5
5
5
5
8
5
6
7
7
6
7
8
6
5
5
6
7
6
5
5
5
7
7
6
6
7
5
5
8
6
5
5
5
5
7
6
7
5
6
5
5
6
8
6
5
5
7
5
6
7
5
5
5
5
6
5
5
6
6
6
5
5
6
6
5
5
5
6
5
6
5
5
8
5
6
5
7
7
5
7
6
6
7
5
5
5
