496
100
7
6
5
5
15
7
7
8
7
5
5
8
15
6
6
15
8
7
7
8
9
5
7
8
6
7
9
6
13
5
5
17
9
6
5
10
8
7
8
8
7
53
6
7
8
13
9
6
5
6
5
5
24
6
6
5
6
5
6
11
10
5
7
6
5
6
7
10
6
7
8
10
7
9
7
5
10
18
8
14
8
8
8
6
8
9
6
7
5
6
5
9
5
6
5
5
7
7
7
12
5
27
11
8
5
5
7
6
13
5
7
10
6
5
5
8
7
6
9
9
5
5
6
10
5
7
6
5
7
8
7
12
6
9
7
11
5
5
6
6
9
5
7
7
8
7
10
11
6
5
5
6
5
5
5
8
5
7
6
5
7
6
5
6
6
5
6
6
5
6
10
6
6
8
9
6
8
6
5
7
36
5
8
5
5
5
7
5
6
5
5
5
6
7
5
5
7
9
10
17
10
5
6
8
5
7
5
5
8
6
7
6
9
5
5
8
5
6
6
5
6
5
5
5
5
5
5
6
6
6
5
8
6
5
7
5
8
5
6
8
8
5
9
5
5
5
7
5
5
5
6
8
8
6
5
6
5
6
7
5
5
5
5
8
8
7
5
5
6
8
6
8
6
6
5
7
5
6
5
5
9
8
5
5
6
5
5
5
7
5
7
5
5
