5
5
5
4
4
5
4
4
5
4
6
5
4
5
4
4
5
5
5
8
12
5
4
10
5
8
4
5
4
4
5
23
5
6
4
24
4
4
7
4
4
5
5
4
4
5
5
4
5
5
5
4
4
5
4
4
4
5
7
4
5
5
4
5
4
5
4
5
4
5
6
4
4
10
4
5
5
4
5
4
4
5
4
5
4
4
4
4
5
4
4
7
19
4
4
5
4
5
4
4
20
5
4
5
4
5
4
4
5
4
4
4
14
4
5
12
4
5
5
4
5
4
4
5
4
4
4
4
4
6
4
6
5
5
4
6
4
5
4
4
4
6
16
4
4
5
4
4
5
4
4
4
7
4
5
4
4
4
4
5
4
4
4
5
4
4
4
4
5
4
4
5
5
4
4
5
4
5
4
4
4
5
5
12
7
4
4
4
5
4
5
5
5
5
4
5
4
5
4
4
4
5
4
6
5
4
5
5
5
4
4
4
5
4
4
5
4
5
5
4
4
5
4
4
5
4
4
5
4
5
5
5
5
4
4
4
5
5
4
5
4
4
5
5
4
5
5
4
5
4
10
5
5
5
4
4
4
5
4
5
4
4
4
4
4
4
5
4
4
4
4
5
4
5
4
5
4
5
5
5
4
5
4
5
4
4
5
4
4
4
4
