8
37
8
13
6
5
7
6
16
5
7
9
6
5
8
9
24
6
5
8
7
7
12
7
6
7
7
8
7
5
6
5
8
6
8
5
7
5
9
6
9
6
5
8
7
9
6
8
5
8
6
7
7
6
8
8
8
9
5
7
7
8
7
5
7
7
5
10
6
6
13
9
7
10
9
5
5
5
8
6
5
8
48
6
8
7
5
6
7
14
10
9
8
5
6
8
5
7
5
5
5
6
6
6
6
5
5
9
9
5
6
8
8
6
7
6
14
5
5
8
6
8
5
5
5
6
6
5
20
7
6
7
5
6
6
6
7
6
7
5
7
7
8
6
6
7
7
5
6
6
24
5
5
6
8
7
11
7
5
8
8
5
5
8
7
5
7
5
6
8
5
5
6
7
6
5
9
7
5
8
6
5
8
6
13
5
5
5
8
6
8
9
6
8
7
5
6
6
7
5
6
8
7
7
6
5
6
6
5
6
6
5
6
5
5
7
6
5
5
6
9
9
5
5
7
5
6
7
6
8
5
14
6
6
8
9
9
5
6
5
8
7
5
6
5
7
7
6
11
7
7
7
5
5
5
8
7
12
6
5
6
5
8
6
5
7
7
5
8
6
7
5
5
5
7
5
6
5
7
7
5
5
5
7
5
6
6
6
5
6
5
8
5
7
6
5
5
8
5
6
6
5
5
6
5
6
5
5
5
5
5
8
5
5
8
7
5
6
5
5
5
7
5
5
6
5
6
7
5
6
6
6
7
5
7
5
6
8
5
6
5
6
