7
7
7
5
5
5
18
7
5
10
5
5
6
7
5
5
7
6
16
5
8
6
7
5
7
7
7
7
7
6
5
7
6
6
6
5
5
5
7
7
7
5
7
6
9
6
6
6
5
6
30
5
6
6
6
7
5
6
6
6
7
5
5
6
5
7
7
5
7
6
5
7
6
7
9
9
5
6
8
6
5
6
6
6
7
7
7
6
7
5
5
6
6
7
5
6
7
9
8
7
5
7
6
6
5
5
7
7
5
5
7
5
7
7
7
7
6
6
5
6
5
6
5
7
5
7
5
6
5
5
7
5
5
6
5
7
7
7
7
7
6
6
7
5
6
5
7
6
8
6
5
5
5
5
7
5
6
5
6
5
5
6
12
5
7
16
5
5
5
5
7
6
5
7
7
5
6
9
7
7
6
5
6
5
6
6
7
5
5
5
6
5
5
6
5
6
7
5
6
5
7
8
5
6
5
9
5
6
5
6
9
6
7
5
6
5
5
6
5
5
6
6
7
7
7
5
5
6
7
5
5
5
7
7
6
6
7
5
6
5
6
5
9
6
7
5
6
5
5
6
7
7
5
6
5
6
5
5
6
6
5
6
5
7
5
7
5
5
6
5
6
5
7
6
5
7
5
6
6
6
6
5
6
5
5
6
5
7
5
5
6
5
5
6
5
7
6
5
6
5
6
5
7
5
5
5
