187
101
7
26
91
8
11
303
5
5
6
13
5
6
6
8
7
6
7
6
11
7
8
15
5
5
6
8
7
7
6
7
9
6
6
5
8
9
6
5
5
5
8
8
5
5
6
5
5
7
6
5
9
6
40
7
5
10
11
5
5
6
5
9
8
5
5
12
6
25
7
7
11
12
5
7
5
6
12
28
6
7
5
8
8
5
7
5
21
6
6
5
6
7
8
6
6
7
6
10
9
5
8
5
6
13
6
8
6
7
5
8
7
10
5
6
5
6
11
8
7
8
11
8
8
24
9
5
5
10
9
5
7
7
7
7
6
8
8
5
6
8
5
6
6
7
6
11
5
5
5
23
8
5
5
7
9
5
11
6
8
6
7
9
5
9
11
15
5
9
7
6
5
8
6
5
6
6
7
9
7
6
6
7
9
5
5
8
6
5
11
6
5
6
5
5
7
8
7
5
8
5
6
5
6
6
5
7
7
5
7
8
6
7
5
5
5
7
10
6
6
5
6
5
5
6
7
7
7
5
6
5
6
8
6
8
7
11
5
5
5
7
9
9
5
7
6
5
6
6
7
5
5
5
5
8
6
6
5
21
10
7
7
7
6
7
5
8
7
6
5
6
5
10
8
5
7
5
5
8
7
6
5
5
5
5
5
5
5
5
6
5
5
7
5
5
5
5
5
6
5
