16
5
6
7
7
12
5
5
6
9
8
5
7
5
7
7
7
5
6
7
5
5
5
8
10
16
7
7
5
5
5
5
6
5
7
6
5
9
8
6
5
5
5
5
5
8
17
5
6
6
10
7
7
6
7
6
5
5
6
6
7
5
7
13
6
7
7
7
5
5
5
5
7
6
5
5
5
6
5
7
6
6
8
6
5
7
7
10
6
7
5
5
7
6
7
7
7
5
6
5
6
6
7
7
7
6
7
5
7
7
6
5
5
7
5
5
6
6
5
5
5
7
6
8
13
7
5
6
6
5
6
7
6
6
5
5
7
5
6
7
6
7
5
7
7
5
5
5
8
8
7
5
7
6
5
5
7
6
5
6
5
5
7
6
5
5
5
8
6
7
5
6
6
5
7
6
5
7
5
13
7
6
5
7
7
5
7
5
7
6
7
7
5
6
7
5
7
7
5
6
6
5
5
6
5
7
7
5
8
5
6
5
6
6
6
5
7
7
5
5
5
5
5
7
7
5
6
6
5
7
5
6
7
5
6
5
6
6
7
6
5
9
5
6
5
7
6
5
5
6
6
5
6
7
7
7
5
5
5
6
6
5
5
5
6
8
5
5
6
5
5
5
6
5
6
5
11
6
6
7
6
7
5
5
6
5
6
6
5
5
5
5
6
5
6
5
5
6
6
5
5
6
5
5
