18
5
28
6
5
4
6
5
5
4
10
4
6
5
4
11
6
7
4
5
6
19
6
7
4
4
53
4
5
6
5
9
9
5
5
45
4
4
5
5
16
6
5
5
4
4
6
5
13
5
29
5
4
4
6
11
4
5
4
6
6
9
4
4
4
6
4
9
5
4
6
4
31
6
5
4
4
23
5
6
4
5
4
6
4
6
7
4
6
4
5
5
4
6
6
6
4
4
4
5
4
4
6
4
13
4
4
8
4
4
8
5
4
4
4
4
6
5
6
6
4
4
15
5
6
5
8
5
5
4
5
4
4
4
4
5
4
4
8
4
5
4
4
5
6
5
6
4
6
5
4
10
4
4
5
5
4
4
4
5
5
4
5
4
5
5
8
4
6
9
5
4
8
5
5
14
19
4
4
6
4
4
5
4
5
4
6
4
5
4
4
4
5
6
5
6
5
6
4
6
4
4
4
6
5
4
5
5
5
4
4
4
5
5
4
4
5
6
10
4
6
4
6
4
5
6
4
5
7
5
4
5
5
5
4
5
5
5
6
6
4
4
4
6
4
6
4
7
6
4
4
6
5
4
5
6
6
4
4
4
5
6
4
4
4
4
4
5
4
4
5
4
4
4
4
5
4
4
6
5
5
4
12
4
6
5
4
4
6
4
5
4
4
4
5
4
4
6
4
4
4
4
4
5
4
5
6
6
4
4
