7
5
8
20
35
11
4
45
5
5
7
8
4
7
4
5
54
5
47
4
6
4
4
7
6
7
4
4
42
6
11
7
12
5
14
4
4
6
7
8
10
7
4
71
5
43
4
6
6
4
4
7
4
5
6
5
7
5
16
4
5
6
4
6
5
53
4
6
20
10
5
4
4
4
7
4
5
5
6
5
5
4
4
4
7
5
4
8
5
6
4
5
4
17
4
7
20
6
5
7
10
5
6
4
6
4
5
13
7
4
5
4
4
4
5
7
6
4
4
4
4
4
7
5
7
6
5
35
7
4
7
5
12
5
6
7
12
4
22
5
4
4
17
6
5
4
7
4
12
5
4
4
4
4
4
6
4
5
7
5
4
6
5
4
7
4
4
6
4
6
7
4
4
8
6
6
5
6
6
4
4
10
4
5
4
7
4
4
5
5
7
4
7
5
4
4
4
6
4
7
6
4
5
6
5
4
5
5
7
4
4
5
4
5
5
5
4
6
4
15
4
6
6
5
7
6
6
5
5
4
5
4
6
6
4
22
6
5
4
7
7
5
6
4
4
4
4
4
5
5
6
4
4
4
4
4
5
6
5
4
6
5
4
4
4
5
7
5
4
4
4
7
4
9
4
4
4
5
6
4
4
4
4
6
5
7
4
5
7
5
4
7
5
4
4
4
6
5
4
6
6
4
5
4
4
4
4
4
4
4
4
5
4
4
5
4
4
4
