106
301
123
24
9
13
7
7
5
6
7
8
5
67
10
106
11
33
7
8
6
8
10
13
7
5
5
9
5
5
7
5
10
12
6
82
6
10
5
8
18
8
6
7
16
11
5
6
5
5
6
9
6
11
16
5
9
6
5
5
5
9
6
5
6
12
5
8
5
9
5
9
5
6
7
7
8
10
10
10
5
7
6
7
8
11
6
9
14
5
73
10
6
8
6
6
6
9
9
7
5
6
5
8
8
8
5
7
7
9
9
7
6
7
5
8
5
6
12
9
8
7
6
6
6
5
5
7
7
56
9
11
10
6
6
6
9
7
6
5
5
6
6
5
5
8
9
6
6
5
6
10
5
8
5
5
6
6
7
5
6
5
7
8
7
6
5
8
7
6
6
6
9
10
10
5
7
7
5
9
11
6
6
5
7
7
6
10
6
5
6
7
5
8
5
6
8
7
5
5
7
5
10
7
5
5
7
5
5
6
6
5
5
5
9
5
5
5
7
6
10
6
7
8
5
5
7
9
10
6
7
8
5
5
6
5
7
6
5
6
7
5
5
5
5
6
5
7
5
7
7
5
7
8
6
6
5
5
6
6
7
5
6
6
5
7
5
6
7
5
5
6
5
8
5
6
5
6
5
5
5
5
5
5
6
5
6
5
5
5
5
6
5
6
5
