238
7
6
219
7
146
5
20
7
5
10
5
64
7
32
10
7
7
5
9
5
7
40
8
9
5
7
6
10
11
8
11
6
6
7
5
7
5
8
5
6
6
5
7
6
11
5
10
55
5
12
12
9
5
41
8
10
6
12
6
6
8
8
5
8
5
5
7
6
6
7
6
5
6
5
5
6
5
10
5
6
7
6
5
5
10
32
5
5
8
9
8
10
6
9
6
5
6
6
11
9
6
5
8
7
8
5
5
6
5
9
10
20
9
5
9
6
6
9
10
5
5
5
7
5
7
7
5
8
7
6
13
8
7
5
9
9
5
6
10
5
5
7
5
5
18
8
11
8
14
6
5
9
6
5
5
5
5
6
5
10
7
5
6
5
11
5
5
6
5
6
9
8
5
6
7
8
10
6
5
6
5
9
6
5
6
5
6
8
5
8
8
6
7
5
5
7
7
7
6
6
7
10
5
7
5
7
6
5
6
6
8
5
12
6
6
5
5
6
9
7
5
5
6
6
6
6
5
5
5
5
5
5
5
5
5
10
7
6
5
7
5
6
13
7
7
9
6
13
5
5
5
5
5
9
7
5
5
7
6
6
5
9
7
6
7
7
6
7
5
7
5
6
7
5
6
5
6
6
5
5
5
5
5
