18
5
10
5
4
5
5
4
4
4
5
7
4
5
5
4
4
4
8
4
5
5
5
4
5
5
5
5
4
4
4
6
5
5
13
6
5
5
4
4
5
6
5
6
14
5
4
4
4
11
4
5
4
4
6
6
4
4
4
4
4
5
4
4
6
5
4
4
5
4
12
5
4
5
4
4
5
6
7
4
4
5
5
11
4
6
4
4
4
4
4
5
4
4
15
4
4
4
4
4
8
5
5
5
4
4
4
4
4
5
4
4
5
5
5
5
8
5
4
5
4
4
4
5
4
4
4
4
5
4
5
4
5
4
5
4
4
5
4
4
5
5
4
4
4
4
5
5
4
5
4
5
5
4
8
4
4
6
5
5
4
4
5
6
5
5
6
6
12
4
4
5
4
4
4
5
4
5
4
4
5
5
4
4
4
5
4
5
5
4
4
4
5
4
5
5
5
4
4
4
5
5
4
4
4
5
6
4
4
5
4
5
4
5
5
5
4
5
5
5
4
5
5
5
4
4
4
4
4
4
6
4
4
4
5
4
5
4
4
4
4
5
4
4
4
4
4
5
4
4
5
4
4
4
4
5
4
4
6
4
5
5
5
4
10
4
5
4
4
5
4
4
4
5
4
4
4
4
4
4
4
5
4
5
4
4
