4
37
48
4
4
4
4
5
5
5
4
4
6
4
4
25
65
5
5
28
5
4
6
4
5
5
4
4
35
4
4
8
6
6
4
5
5
5
4
4
6
18
7
4
5
5
4
5
25
4
4
35
6
5
5
6
5
5
5
6
5
4
4
4
5
5
4
4
6
5
10
6
5
5
4
4
5
13
4
6
4
4
4
15
4
4
4
4
16
4
4
4
5
5
6
4
6
5
5
4
4
5
6
4
5
5
4
4
6
5
7
6
5
7
4
4
4
4
7
5
4
16
5
5
4
6
4
4
5
4
5
5
7
8
6
4
4
6
7
5
5
5
4
4
6
5
16
8
4
4
4
7
5
4
5
5
4
4
5
6
4
5
5
8
6
5
6
5
5
5
6
4
13
4
4
4
5
4
4
6
6
6
4
6
4
7
5
6
5
4
5
4
6
6
5
4
4
4
4
6
4
4
5
9
4
5
5
4
6
6
4
5
4
5
6
6
4
4
5
4
4
5
4
4
5
4
4
4
5
4
5
4
4
5
4
4
4
4
5
4
6
5
5
6
4
5
4
4
5
4
6
4
6
5
4
6
4
6
6
4
4
4
4
7
10
6
5
4
4
4
6
4
4
5
4
4
4
5
4
4
5
4
6
4
4
4
5
4
4
4
4
4
4
4
5
4
6
5
5
