10
5
13
72
12
5
5
39
5
7
7
5
6
5
7
5
5
9
8
111
22
98
27
6
9
8
8
7
6
14
6
43
6
5
6
7
9
6
6
5
7
5
7
9
5
5
11
6
9
8
10
12
9
8
7
6
5
5
9
46
6
5
5
6
5
7
5
47
12
5
5
9
6
65
8
10
5
7
6
10
10
8
5
7
9
7
5
8
6
6
12
7
9
5
5
7
9
16
5
10
24
5
5
5
6
5
5
7
5
5
7
7
5
5
5
6
8
9
5
5
7
8
5
8
11
7
7
5
33
7
6
6
30
5
9
5
24
9
6
6
7
7
5
7
6
5
6
7
10
7
35
5
8
5
5
5
7
5
7
9
8
10
5
5
6
8
12
6
8
7
6
8
21
10
6
7
8
6
5
6
5
9
8
9
5
6
5
6
7
8
6
8
10
5
6
5
7
8
6
5
8
5
6
14
6
6
16
5
5
7
10
9
5
5
8
6
5
5
10
7
13
5
8
5
6
5
5
7
5
6
7
5
5
6
5
9
5
6
5
8
5
6
5
5
5
6
5
7
8
6
6
6
8
6
6
5
7
9
6
6
7
5
5
6
6
5
5
7
5
6
8
5
5
6
6
5
5
9
5
8
7
6
5
10
5
5
5
5
8
8
5
6
5
9
7
5
7
8
12
5
14
6
7
5
7
5
5
7
7
5
5
7
7
5
6
5
8
6
5
5
6
5
6
5
5
