4
711
8
4
4
4
4
5
5
7
5
14
4
5
4
5
7
6
4
5
5
5
4
5
4
4
4
5
6
6
7
5
7
7
5
5
8
9
6
9
4
16
4
6
14
12
5
5
6
4
8
4
7
7
4
6
4
4
9
8
4
5
4
4
4
4
4
5
5
10
7
6
5
4
9
10
5
4
7
5
5
5
9
7
4
6
7
5
7
5
4
20
5
4
6
23
5
5
5
5
8
4
8
4
7
5
4
4
4
6
7
4
4
5
7
4
7
4
4
5
5
4
8
6
4
5
6
6
5
5
7
4
8
4
4
6
4
4
6
6
6
4
4
4
5
5
4
6
5
4
4
7
4
6
8
7
4
5
4
9
7
4
5
5
4
4
6
8
4
6
5
4
8
5
6
4
4
6
5
6
4
4
4
4
5
4
13
4
4
5
4
4
4
4
5
4
4
5
5
6
4
5
4
4
5
6
4
6
4
6
7
4
4
7
4
10
4
4
4
4
6
6
4
4
5
4
4
4
4
4
5
4
6
4
4
4
4
5
4
4
4
4
4
4
5
4
6
5
5
4
