152
6
5
5
4
4
5
4
4
5
5
335
5
5
6
7
5
7
4
5
6
5
6
5
6
4
4
7
10
4
6
6
9
5
7
12
6
4
4
9
26
12
6
9
5
5
5
70
4
6
25
7
4
4
5
24
5
5
7
6
4
7
16
7
35
6
8
4
5
4
4
4
6
28
5
4
5
4
5
4
4
4
4
6
7
4
4
4
7
7
4
4
5
5
12
4
4
7
5
5
10
5
4
4
11
5
4
5
4
4
5
5
4
7
5
4
6
4
7
4
6
4
5
10
6
4
6
7
5
6
4
4
5
4
4
5
4
4
6
4
4
5
4
7
8
6
8
13
4
6
5
10
4
4
11
5
6
4
4
4
4
4
5
4
4
4
7
4
4
26
4
5
5
5
4
5
7
5
4
6
4
4
5
4
4
5
4
5
4
4
4
4
5
4
5
5
5
5
4
4
5
7
7
7
4
4
5
5
6
6
4
9
4
6
4
5
5
4
6
7
4
6
4
5
5
7
5
6
4
6
4
4
12
7
4
4
4
5
4
7
4
4
4
5
4
4
4
4
6
4
4
5
4
4
4
5
5
4
6
5
5
5
5
4
4
4
4
4
4
4
4
6
