613
5
5
8
19
38
6
6
6
4
8
6
50
4
4
6
4
6
5
24
4
4
4
6
7
37
5
8
4
5
9
8
7
11
6
5
5
4
5
4
7
9
4
4
9
6
5
6
5
4
4
4
6
4
6
22
7
5
8
4
4
4
4
5
19
5
4
4
5
8
6
9
4
4
7
5
6
5
4
8
7
6
7
4
4
4
11
6
5
6
6
7
4
4
6
4
7
6
4
4
4
6
4
6
4
7
7
4
5
6
4
4
5
5
4
4
5
5
9
4
4
7
6
4
8
4
4
6
8
6
5
7
4
7
4
5
5
4
5
8
5
4
7
4
5
5
4
4
4
4
4
5
6
5
4
5
7
17
6
10
5
9
6
7
4
4
4
7
4
4
4
7
5
5
6
4
6
5
4
6
6
4
5
4
4
4
4
7
8
4
4
6
4
4
5
5
5
4
4
5
6
5
5
4
5
4
4
4
4
5
6
4
4
7
6
4
4
5
4
8
5
4
7
5
4
9
7
4
4
4
6
4
4
8
4
6
7
4
5
4
6
5
4
5
4
4
4
5
4
5
4
4
5
4
4
4
6
4
4
4
