7
9
7
9
9
7
47
7
5
10
9
7
5
5
5
6
23
10
9
5
9
5
65
6
7
5
7
6
6
5
7
8
6
6
61
8
5
39
77
5
5
7
15
9
32
7
5
8
76
6
10
6
6
13
37
6
9
7
54
5
8
5
5
7
6
6
6
7
12
5
5
8
8
5
7
9
7
5
8
7
8
6
17
5
7
6
9
8
8
14
9
6
5
6
9
8
9
5
5
7
5
6
9
9
7
6
10
5
5
6
5
5
5
7
9
6
6
35
7
5
10
7
6
8
9
9
10
9
11
8
5
8
9
13
9
9
10
5
8
6
7
8
6
7
5
6
7
9
7
5
7
16
7
6
13
6
5
7
9
6
8
6
11
9
5
6
9
5
5
6
7
5
5
5
8
5
8
5
6
5
9
7
7
9
8
5
8
7
5
8
6
8
7
6
5
7
9
5
5
9
5
9
5
7
9
5
5
5
6
5
8
6
5
5
7
7
5
5
6
7
7
6
5
7
9
6
5
11
7
5
5
5
9
6
8
5
5
5
5
13
6
5
7
10
5
9
6
8
5
6
6
9
6
5
6
8
7
5
5
5
5
8
5
6
7
7
6
7
8
6
7
5
5
6
7
6
5
5
7
6
7
6
5
5
8
6
5
5
5
5
7
6
7
5
6
5
5
9
9
6
8
6
5
5
7
5
7
5
5
5
5
6
5
5
6
6
6
5
5
6
6
5
5
9
5
5
6
5
5
8
5
6
5
7
7
5
7
6
7
5
5
5
