8
4
3
3
3
3
22
126
4
4
8
3
4
3
4
3
5
3
3
9
3
3
31
4
22
3
4
8
79
5
3
3
3
4
3
5
12
3
3
3
4
3
3
12
3
7
3
8
4
3
17
12
4
7
4
4
4
4
3
9
3
11
4
3
15
3
3
6
3
11
4
13
3
4
4
3
4
3
8
3
4
10
4
4
3
3
3
4
3
3
3
3
4
3
3
13
3
4
4
4
4
3
3
3
3
3
4
4
3
3
3
3
7
3
3
3
3
3
3
4
6
4
3
4
3
3
3
9
3
4
3
6
6
3
7
3
3
3
4
3
3
3
4
3
5
4
3
3
11
3
3
3
3
4
3
4
4
3
3
3
3
3
4
4
4
3
4
3
3
3
3
3
3
3
3
4
3
3
4
8
4
4
3
3
3
4
4
4
3
4
3
3
3
4
3
4
3
3
3
4
3
4
4
4
4
4
3
3
3
4
3
4
4
4
4
4
3
3
4
3
3
3
3
3
3
4
3
3
3
3
3
3
3
3
4
4
3
3
3
3
3
3
3
3
3
3
3
3
3
3
3
3
3
3
3
3
