7
7
18
6
9
7
5
24
9
5
5
7
31
8
8
59
32
6
7
7
5
5
9
5
7
8
21
5
18
6
9
6
11
8
7
6
6
7
7
5
5
7
5
6
7
5
20
8
7
5
6
6
8
6
5
5
12
5
11
8
6
8
6
11
6
8
10
8
5
8
5
5
7
16
7
5
16
6
6
7
6
6
5
5
6
5
6
7
6
5
5
7
13
5
5
7
8
6
5
6
6
5
8
7
5
6
6
6
5
7
7
8
5
17
5
11
13
6
5
7
5
21
6
6
8
5
5
5
5
26
5
7
7
7
5
5
7
5
5
8
6
8
8
7
7
8
13
5
5
7
8
5
5
6
8
5
7
5
5
5
11
8
6
8
7
6
5
5
6
17
5
5
5
5
8
6
5
8
7
5
6
5
5
5
5
7
6
9
8
5
9
5
8
6
17
7
7
7
8
6
5
6
5
6
9
5
5
8
6
5
6
8
5
7
8
6
7
5
5
5
7
7
7
7
6
7
8
5
6
6
8
7
10
5
7
6
5
6
7
6
8
5
12
6
6
5
5
6
8
7
5
5
6
6
6
6
5
5
5
5
5
5
5
5
7
6
8
6
5
11
5
7
5
6
8
7
7
9
6
13
5
5
5
5
5
5
7
5
5
7
6
5
6
7
6
7
6
7
5
7
5
6
6
7
5
6
6
7
5
5
5
5
5
5
