5
5
5
9
47
5
5
5
5
5
6
7
5
6
6
5
6
5
6
6
6
9
8
10
9
6
12
5
5
14
7
14
9
7
5
5
5
6
6
5
37
8
6
5
5
7
6
13
7
7
5
76
8
6
5
6
7
5
5
6
6
7
8
8
7
6
18
10
6
5
7
12
6
5
5
5
5
6
6
20
7
6
5
8
5
6
7
5
6
7
6
7
8
6
8
6
5
6
8
8
7
52
6
7
6
5
5
8
5
5
8
7
7
6
6
6
5
5
8
7
5
5
6
7
5
5
6
6
5
5
5
5
11
8
6
5
9
5
7
6
8
13
5
27
32
5
8
6
8
6
6
14
5
7
8
5
36
8
7
7
5
8
6
24
9
8
8
7
6
5
7
7
5
8
22
8
5
11
9
8
5
6
6
6
6
5
8
6
8
7
6
8
13
5
8
7
6
6
6
5
7
7
5
5
5
5
6
6
7
5
6
8
5
5
7
8
5
7
5
6
5
5
7
5
8
5
8
5
8
5
7
8
5
5
5
8
17
5
5
6
8
8
5
5
6
5
5
6
5
8
5
5
5
5
6
7
7
6
6
7
5
5
6
6
5
5
5
5
5
6
6
7
5
6
5
6
5
5
5
10
6
5
6
5
6
5
7
7
6
5
8
7
5
5
7
5
7
6
5
6
5
7
8
5
7
5
6
5
5
5
6
5
5
6
5
5
