7
8
8
5
8
18
7
6
22
5
12
6
5
5
8
8
8
7
7
8
7
5
6
6
15
5
6
7
5
6
8
7
37
6
8
7
9
5
5
5
6
8
17
6
5
6
8
8
5
5
5
5
7
7
6
5
5
6
7
5
8
8
7
8
5
7
6
6
5
5
5
10
13
5
7
18
7
8
6
7
6
6
8
10
9
8
6
14
5
6
5
5
15
14
6
6
5
6
5
11
5
7
6
5
10
7
6
5
7
10
5
5
6
7
5
8
8
8
6
9
8
5
8
9
7
20
6
7
7
8
6
5
5
7
5
5
6
11
8
8
5
9
7
7
6
8
7
5
5
8
7
7
6
5
5
6
5
6
8
7
7
8
7
6
5
6
7
11
6
8
8
6
5
8
6
6
7
6
7
6
7
5
8
7
6
8
6
6
6
7
7
7
5
5
10
7
6
9
6
8
6
8
5
5
5
5
8
7
6
5
7
6
13
6
6
6
6
6
5
6
8
10
7
5
6
8
6
5
7
6
5
17
5
5
7
8
5
5
6
5
5
6
5
7
5
5
6
5
7
5
5
6
5
7
5
5
5
7
6
8
8
6
7
8
5
5
8
8
8
6
7
5
7
8
5
6
5
5
7
5
5
5
6
5
5
5
6
6
6
8
5
6
6
6
8
5
8
7
8
8
5
5
5
5
5
5
5
7
5
5
7
5
6
5
5
7
5
5
6
5
7
6
5
5
5
8
7
5
7
6
9
7
6
8
6
7
7
5
6
5
7
5
5
5
5
6
8
5
