58
22
62
22
17
39
34
20
21
11
25
19
20
65
53
50
11
21
14
14
28
22
16
10
38
7
52
43
36
36
22
24
19
15
85
109
54
42
25
22
12
31
7
23
23
13
43
16
30
36
18
13
15
75
23
30
30
13
19
41
39
13
41
19
99
46
28
22
58
57
35
35
23
14
14
52
24
11
60
46
53
60
18
17
30
39
31
11
22
34
31
41
22
68
25
26
16
8
9
25
21
43
52
16
17
49
24
22
14
13
18
101
61
29
24
43
37
31
38
20
17
25
30
13
19
47
12
51
15
20
19
11
10
9
27
11
10
67
10
34
10
21
13
84
4
29
26
31
28
14
10
58
20
41
25
16
63
62
50
43
35
25
5
11
66
21
17
10
124
27
21
52
53
36
33
32
32
14
17
15
18
9
78
18
27
16
34
21
72
59
45
23
19
21
23
80
57
21
9
11
24
12
25
26
15
79
35
18
24
19
33
24
10
15
8
81
45
12
17
18
17
13
94
21
11
13
88
34
30
20
67
42
22
13
16
62
64
32
36
16
17
22
17
17
51
42
14
16
13
66
55
43
28
32
22
17
9
62
62
36
30
19
15
11
54
41
21
16
97
19
12
19
6
15
38
12
32
25
16
21
16
14
18
20
10
27
50
38
27
10
16
6
20
16
19
19
36
9
70
21
26
19
17
23
21
20
18
27
35
26
6
22
25
18
17
15
17
76
47
25
31
50
22
45
18
13
55
36
41
34
22
15
18
40
26
31
13
15
37
10
12
60
17
21
18
19
21
20
18
34
27
13
10
18
20
7
28
11
17
9
38
44
24
12
19
16
11
15
41
27
43
33
16
13
53
45
39
36
14
23
14
22
34
12
37
49
27
9
14
23
19
13
27
22
7
96
60
16
13
8
19
52
39
20
18
20
15
55
10
10
14
13
9
20
14
13
12
12
35
14
20
21
31
16
40
21
8
5
12
9
6
86
40
10
16
15
11
48
23
19
18
22
17
8
66
17
26
29
10
14
11
7
11
23
31
10
20
13
63
27
26
15
12
17
22
13
37
34
19
14
18
17
10
14
8
47
18
13
17
18
15
7
11
22
14
10
18
33
21
19
18
18
13
14
19
15
12
46
39
40
28
13
10
20
18
21
23
15
32
35
14
34
20
17
28
31
19
64
29
14
13
18
24
21
18
21
13
32
15
10
6
10
48
34
24
14
17
25
42
16
14
38
28
17
13
14
17
19
33
9
8
30
17
13
25
20
11
26
18
19
7
10
15
16
10
16
11
37
22
18
17
11
15
54
28
13
14
18
10
20
9
10
9
23
10
6
30
15
16
12
11
38
13
13
23
22
39
16
23
19
13
8
23
34
8
11
16
12
57
40
19
17
23
14
11
11
31
22
39
26
4
24
20
25
24
5
13
50
19
27
9
27
18
19
18
28
13
18
15
61
24
17
16
54
42
19
10
14
11
12
6
35
23
16
13
24
21
21
12
19
30
50
14
28
24
20
13
32
17
12
20
25
17
10
28
22
23
23
6
13
24
16
61
35
31
26
20
22
12
45
8
26
15
13
15
11
8
16
17
20
21
13
17
18
19
8
11
7
29
22
38
28
29
19
21
22
28
16
17
19
57
14
33
15
15
5
16
24
24
20
31
9
20
9
17
19
16
8
11
8
77
16
13
20
20
20
19
11
15
9
17
14
13
22
5
30
18
12
17
12
20
13
19
9
11
17
11
10
12
8
29
28
26
11
25
51
9
36
22
13
9
13
45
22
22
18
22
10
12
12
16
18
21
13
5
24
20
15
15
29
15
20
9
9
42
16
16
18
29
10
11
15
18
22
20
14
8
7
14
9
7
10
8
15
19
12
14
39
23
16
12
15
8
13
10
14
11
18
10
16
18
18
11
14
22
19
13
8
8
14
11
17
12
13
27
16
17
11
7
5
19
13
16
4
13
12
28
18
10
7
13
22
16
16
27
8
15
10
20
16
21
11
11
18
9
12
16
14
6
15
9
17
28
14
21
14
26
10
12
10
20
24
18
4
24
6
18
16
34
17
20
13
13
13
8
14
22
16
16
17
22
12
19
11
16
22
19
22
19
14
10
20
13
6
24
13
13
7
18
18
22
13
5
27
13
10
13
11
22
17
9
12
20
18
12
17
16
27
19
15
17
12
6
16
23
17
17
16
10
11
12
17
14
7
8
16
18
12
17
18
19
7
11
20
6
21
13
14
11
13
11
14
12
12
4
9
15
14
13
10
