21
22
26
20
43
28
15
11
13
17
26
17
84
60
59
41
42
39
26
16
15
58
40
9
13
42
29
20
16
17
69
18
18
21
22
6
20
26
22
91
93
37
46
27
30
58
41
41
29
26
16
98
74
55
23
17
19
46
17
8
78
37
23
21
18
18
28
23
22
33
23
34
54
22
9
17
33
17
15
24
20
16
33
19
84
51
10
14
31
18
11
8
103
35
78
36
32
20
9
77
51
34
25
18
102
41
46
43
40
41
28
22
20
18
47
6
43
28
20
19
26
23
22
113
19
11
69
62
14
16
17
11
25
18
20
13
11
5
56
27
16
14
12
20
62
49
28
18
30
17
8
18
15
19
14
10
18
15
21
106
46
43
29
22
14
88
42
28
16
32
17
15
19
21
12
81
66
39
39
26
21
14
16
70
46
19
60
47
32
33
25
23
19
12
86
68
66
22
19
20
11
11
27
10
56
90
56
41
30
14
13
38
23
13
11
11
7
62
23
23
23
21
32
19
17
25
22
29
44
34
17
44
19
22
9
71
81
26
10
49
41
60
45
28
17
26
13
18
21
17
94
76
52
37
22
17
17
14
8
17
28
9
7
14
11
21
10
46
34
16
17
18
17
19
28
15
14
8
21
10
45
46
30
34
17
19
17
24
23
26
29
18
4
41
16
29
14
6
38
10
64
43
20
21
82
17
21
17
6
18
7
20
18
9
25
26
9
14
12
41
44
16
32
26
26
15
17
7
50
7
23
30
23
28
10
18
10
42
11
23
14
51
22
17
13
15
48
9
15
24
74
39
44
42
24
16
16
5
12
58
18
21
18
23
12
12
10
67
62
45
19
25
41
69
56
22
10
18
21
7
17
11
8
33
25
15
27
44
43
27
10
18
100
29
29
18
76
17
12
17
16
11
55
49
34
6
23
13
43
18
35
30
26
16
18
25
13
15
20
11
22
20
10
5
31
19
25
24
23
19
14
51
19
11
9
38
32
24
17
48
9
13
34
26
19
19
19
11
28
21
22
16
17
9
17
12
11
9
14
7
12
54
35
33
18
19
15
43
27
21
10
18
27
18
24
14
15
37
43
44
19
24
70
35
18
11
69
19
8
65
11
10
29
9
10
36
24
9
18
45
27
28
28
15
22
30
13
19
13
8
17
35
55
12
19
64
26
33
21
21
25
15
16
34
17
19
6
34
32
19
19
10
11
21
16
7
13
16
15
14
10
22
24
28
17
42
38
19
15
25
13
18
13
15
12
14
10
27
20
8
16
11
11
48
24
9
13
16
32
16
29
9
18
11
14
18
16
40
47
17
30
8
33
15
14
18
19
32
11
12
26
14
21
20
21
15
22
58
30
21
12
16
11
40
20
24
16
34
10
23
21
22
26
20
20
7
16
23
18
19
43
35
15
8
24
30
14
23
19
32
19
12
27
29
28
20
20
60
14
18
18
43
22
17
24
16
18
23
13
20
13
33
26
14
31
38
10
19
14
20
24
17
23
11
13
19
24
18
52
12
9
11
11
29
35
30
21
11
36
24
8
21
17
11
22
27
21
6
7
27
12
10
14
19
5
11
21
36
22
18
31
17
12
9
13
16
25
20
12
14
24
27
10
18
28
55
12
12
20
44
38
18
41
13
11
10
20
73
12
19
21
12
16
14
31
18
23
13
28
11
12
11
10
9
80
41
28
21
18
21
19
15
12
20
9
11
23
16
23
15
14
27
20
9
16
18
17
17
15
24
31
14
17
14
13
12
16
23
25
18
14
15
14
20
38
23
9
22
24
15
14
10
7
19
15
18
22
17
18
20
13
23
23
12
15
7
16
23
18
34
18
21
11
31
30
19
24
15
15
25
20
14
15
19
35
11
31
12
8
23
16
15
14
17
15
19
19
14
19
24
24
19
23
8
23
14
14
37
21
13
26
25
25
17
28
18
9
6
19
17
39
20
6
20
20
15
15
12
11
12
16
27
10
31
24
7
17
19
33
12
13
9
8
34
15
9
13
9
15
10
11
8
16
10
9
26
16
11
21
26
16
19
13
16
17
19
11
13
11
22
16
12
17
18
14
13
14
24
9
13
17
5
21
10
13
15
16
18
15
18
10
10
14
17
17
14
6
20
21
15
18
16
22
18
18
27
19
17
17
3
15
16
13
19
11
19
15
13
11
8
9
12
16
16
14
19
12
12
8
18
16
14
19
19
6
22
19
10
16
23
18
12
17
10
17
11
14
8
15
5
7
12
12
25
9
5
13
14
12
4
