37
8
82
57
41
40
30
14
52
20
17
14
68
11
89
37
24
25
16
13
14
19
28
29
78
38
26
15
18
19
43
7
45
14
10
75
48
34
14
22
16
27
7
58
41
47
21
15
25
14
73
25
23
34
39
23
21
26
14
17
54
30
24
16
25
52
44
13
40
39
29
21
72
76
63
54
19
18
22
20
12
79
74
37
39
27
18
20
25
19
14
20
72
20
9
51
47
49
36
35
36
27
17
15
29
15
17
120
21
28
56
15
7
11
19
12
17
37
46
34
29
15
36
20
29
19
18
20
11
23
8
44
14
45
23
5
22
20
12
8
14
25
26
13
29
23
17
17
43
49
30
27
41
33
16
16
89
15
21
10
59
18
25
18
71
19
17
39
11
11
76
74
32
30
22
19
20
54
35
23
18
23
17
28
23
65
30
28
28
13
19
33
6
16
12
3
11
8
58
30
19
20
8
9
83
54
45
25
26
33
28
16
24
14
107
46
24
19
60
29
16
10
18
16
36
24
11
59
33
23
36
27
10
16
17
85
60
35
34
12
18
41
29
17
26
20
23
18
14
7
73
13
67
35
18
18
71
46
31
33
17
25
16
15
15
68
18
17
28
15
20
50
31
16
30
12
59
10
14
10
33
32
9
10
13
51
34
16
13
24
12
75
38
38
29
25
31
16
14
9
43
26
13
51
24
35
19
12
105
10
23
19
48
57
23
17
22
16
21
13
11
41
27
38
9
13
11
21
19
9
83
54
44
29
19
41
19
18
35
23
19
23
33
14
15
36
32
32
35
26
21
13
28
10
13
13
34
27
15
24
14
38
20
18
61
16
10
20
23
29
20
13
18
18
18
58
40
35
27
15
13
35
35
21
26
14
12
7
56
22
25
21
20
36
20
19
72
43
34
28
42
10
9
27
16
20
26
14
12
9
26
18
18
15
8
46
16
40
17
58
39
24
20
24
22
15
19
9
45
18
16
14
45
4
19
26
12
13
11
16
17
17
35
24
14
26
32
10
19
76
21
22
16
32
45
19
7
14
47
17
18
12
14
17
18
10
106
75
30
28
13
9
11
10
47
43
20
13
62
30
30
19
17
20
12
58
22
24
28
8
36
24
13
10
8
20
13
17
15
6
8
21
7
12
22
19
48
12
14
33
18
12
11
13
9
52
22
20
14
15
23
56
21
18
20
13
20
17
18
9
19
45
27
33
18
28
20
12
16
37
17
23
20
32
18
13
13
19
22
22
50
14
18
6
29
15
18
15
18
18
23
35
19
14
44
18
12
7
35
41
33
16
14
24
13
9
8
6
9
15
23
11
23
33
23
24
18
16
72
14
35
20
14
17
14
6
15
72
21
20
13
13
15
14
10
18
22
24
17
18
19
12
15
12
21
11
11
43
28
20
19
8
7
11
18
18
23
10
8
11
16
12
20
24
18
17
16
9
17
15
14
25
13
18
16
11
9
18
11
14
25
20
19
10
7
28
16
53
9
5
21
22
14
19
20
25
15
16
37
24
23
16
22
17
29
15
24
17
16
14
28
24
11
17
14
6
19
16
11
39
9
12
13
11
12
10
10
52
25
14
29
15
9
12
5
15
15
14
23
9
19
23
13
20
22
16
8
9
25
22
32
19
14
27
17
19
13
14
24
29
20
17
15
11
9
14
13
19
7
18
15
20
20
11
21
15
12
27
23
16
14
19
8
36
13
32
21
22
21
15
20
14
8
19
22
27
12
17
41
11
18
24
17
19
30
21
10
74
33
18
16
32
21
11
13
19
23
15
19
20
23
38
9
16
20
15
8
14
14
5
21
17
23
14
18
23
14
19
14
50
19
14
15
9
13
15
17
8
14
10
5
19
11
19
19
25
16
19
14
13
15
21
12
28
21
11
19
15
32
11
17
9
12
13
9
7
24
21
9
8
12
14
19
10
13
19
19
20
9
5
11
20
20
14
16
8
10
18
11
16
39
17
19
14
15
15
7
11
18
11
6
13
23
14
19
18
20
21
14
14
17
19
25
19
18
8
20
12
13
10
19
8
15
18
5
5
14
13
15
13
16
21
24
15
12
24
17
20
7
25
9
12
27
22
13
16
15
16
17
7
29
21
22
13
28
19
32
13
15
10
11
11
21
20
30
12
15
15
17
18
15
15
8
8
23
18
17
12
12
16
21
18
18
10
15
14
17
9
19
13
28
13
21
9
20
15
19
18
16
8
16
8
20
20
4
7
20
17
14
13
13
15
9
5
12
12
13
12
14
5
