102
60
46
34
16
25
82
40
48
44
18
32
19
11
82
47
27
59
28
48
13
6
56
35
41
30
16
20
73
40
32
21
25
10
61
70
44
26
16
13
30
21
23
9
31
4
60
12
48
36
40
22
33
28
18
40
20
91
23
19
10
35
32
20
18
19
54
62
32
17
21
20
49
12
70
56
38
27
15
13
79
10
20
54
31
32
70
46
24
31
17
104
30
47
30
24
17
28
11
13
16
50
15
20
15
39
8
71
46
49
27
25
27
20
25
19
38
13
66
42
30
26
9
10
17
12
51
28
14
40
47
83
45
26
22
20
23
28
10
32
22
32
11
8
40
19
5
16
11
48
37
26
12
43
24
31
62
41
44
14
9
39
27
16
16
63
38
29
24
27
17
35
10
19
17
18
38
39
24
17
12
99
29
15
11
9
41
23
12
10
74
62
30
17
18
14
16
31
15
13
74
51
17
20
7
12
64
31
22
17
17
15
11
26
12
16
85
37
15
18
10
11
47
45
79
33
13
27
22
48
17
98
21
17
17
17
14
34
44
16
6
88
3
48
43
26
13
12
70
50
11
16
39
33
14
21
17
10
10
57
26
12
37
21
20
14
81
20
68
6
27
34
17
19
19
83
30
15
10
8
22
19
16
63
47
19
7
8
9
36
25
13
13
24
61
39
33
12
15
13
13
4
13
31
44
14
16
9
15
18
11
63
20
13
41
23
71
45
51
23
35
17
16
18
21
10
9
19
45
20
11
29
18
28
13
11
19
44
36
48
34
35
10
9
16
41
17
40
83
78
18
18
13
12
14
9
59
20
19
11
31
19
42
26
12
19
36
23
20
26
17
15
14
7
39
44
31
20
21
15
39
19
14
13
20
27
12
23
16
65
58
35
24
13
14
24
9
17
73
37
18
16
9
8
21
11
68
36
26
16
19
13
38
22
18
18
20
75
27
21
16
20
71
10
33
22
18
14
19
15
30
9
14
42
34
13
15
23
24
22
16
14
15
42
7
14
7
7
26
52
15
36
15
20
22
16
20
16
8
33
29
30
21
15
16
37
17
18
21
14
13
19
13
6
55
59
15
23
41
39
17
11
15
31
11
24
14
14
11
33
11
27
22
18
19
16
21
18
31
37
29
22
14
29
19
11
21
45
35
19
14
10
19
29
14
21
10
12
47
29
21
19
58
29
19
19
19
21
19
33
7
34
20
18
32
33
33
18
8
38
21
19
10
25
18
29
19
13
10
6
10
17
13
22
21
24
12
20
15
10
14
20
23
9
31
13
14
11
29
35
15
14
11
11
17
6
29
22
18
6
19
14
17
14
34
10
19
34
22
16
27
9
8
13
19
15
27
31
6
10
21
12
20
24
30
19
25
17
15
17
15
18
14
26
10
9
26
5
18
20
31
36
16
16
13
14
11
18
36
28
19
21
14
30
28
24
16
91
37
15
36
10
8
18
15
14
22
42
21
14
7
7
9
23
15
17
39
17
29
11
7
15
7
19
12
14
14
6
16
6
12
24
15
14
19
25
16
16
20
13
21
18
22
43
17
18
20
33
27
10
27
20
17
17
18
18
14
9
21
12
28
15
21
28
6
24
16
34
14
18
24
18
19
21
22
20
12
33
18
26
20
44
16
11
17
28
13
41
12
11
16
10
15
25
16
8
19
8
17
12
24
5
14
16
11
14
13
19
19
19
18
14
11
15
11
12
28
17
15
13
4
30
7
19
7
22
13
31
17
7
16
27
12
24
46
10
6
21
20
14
21
21
19
19
25
17
18
13
11
28
14
10
20
17
21
11
15
8
28
10
16
12
13
25
15
23
19
18
10
21
16
27
17
25
5
14
9
19
21
12
10
17
24
19
14
7
19
15
18
11
15
14
15
17
11
15
15
28
14
20
8
10
7
11
18
8
5
17
13
18
12
19
15
12
19
21
6
20
15
17
13
8
21
18
14
20
7
20
8
15
13
30
19
22
20
6
23
24
28
16
21
19
15
18
42
17
23
14
16
15
7
26
17
18
17
30
20
13
14
16
18
15
19
15
10
15
10
9
19
6
18
12
17
14
7
13
9
8
15
26
11
16
6
7
27
16
13
12
16
13
13
38
12
14
19
15
18
20
13
13
11
22
10
15
11
7
15
19
21
13
19
18
8
10
20
15
15
37
11
10
28
14
17
11
6
9
7
13
24
15
11
13
16
13
7
26
14
5
5
19
17
26
11
16
20
19
17
15
10
19
7
15
23
6
14
6
17
14
7
17
