6
9
88
51
44
33
33
14
12
76
25
84
85
33
20
24
23
19
10
108
15
34
20
11
11
33
10
47
65
56
23
36
8
10
70
27
64
29
9
54
29
19
12
12
17
16
78
19
11
9
67
56
26
20
12
83
33
10
8
53
11
28
35
24
21
12
34
9
15
12
49
77
10
25
15
19
63
48
17
8
83
20
27
16
16
29
62
58
42
60
47
48
31
21
26
18
22
68
27
18
56
21
35
22
17
15
14
43
24
23
30
25
30
14
87
47
54
37
20
20
68
44
10
89
55
36
15
77
26
13
74
51
24
48
25
31
9
15
15
59
20
21
14
14
12
27
11
5
8
35
11
14
31
14
76
44
26
14
18
12
29
18
21
11
96
27
59
25
16
15
10
45
19
10
8
56
41
44
28
21
22
22
20
33
11
28
15
22
19
56
23
106
64
28
16
16
61
52
50
23
27
22
12
24
85
36
10
16
67
57
53
52
36
33
30
34
40
17
12
77
43
49
37
35
12
63
20
11
43
25
20
46
9
59
46
20
19
48
26
7
45
11
10
6
70
62
28
13
73
9
106
54
39
21
82
6
13
89
18
11
33
58
25
9
22
19
74
18
22
13
23
77
74
24
15
21
53
16
14
5
12
6
32
12
4
18
8
27
15
22
10
10
23
53
25
10
9
23
47
29
10
12
77
48
29
11
6
8
54
20
12
43
25
17
28
11
15
13
41
33
13
17
86
20
22
18
11
18
29
9
8
21
11
15
55
31
26
18
16
21
16
75
32
10
19
43
55
15
13
18
12
36
22
15
21
11
48
27
24
71
14
31
14
37
19
20
26
27
11
16
10
16
13
6
14
17
16
93
40
18
13
75
34
23
11
16
28
35
29
21
16
22
34
23
10
14
9
38
19
17
23
18
21
19
21
26
16
39
12
4
35
27
27
18
16
18
22
13
13
75
10
63
50
25
19
22
24
16
64
52
16
36
28
32
20
14
28
59
9
5
15
15
61
38
13
19
16
17
7
31
17
60
24
19
20
11
14
31
18
10
24
28
9
16
45
20
21
13
25
11
44
14
19
15
41
52
30
20
39
28
19
6
13
20
10
11
24
17
19
22
24
18
39
32
9
18
22
7
51
19
13
12
13
15
19
10
29
20
16
23
13
12
5
28
14
16
17
38
24
16
20
10
53
29
20
17
12
44
17
10
11
9
12
10
21
11
88
38
22
64
31
13
47
6
16
6
14
19
15
28
12
13
19
20
21
20
16
19
24
8
5
15
12
17
19
18
19
17
23
36
35
13
17
21
10
31
23
20
26
37
25
10
16
12
17
8
52
14
8
32
9
28
24
19
14
26
37
9
6
6
41
24
16
41
14
14
24
30
9
16
18
44
34
35
21
16
9
10
12
35
10
45
44
26
17
14
17
32
21
16
15
25
35
23
26
19
17
23
11
24
37
19
21
29
19
16
15
14
18
11
17
30
28
21
17
13
18
28
22
20
68
14
18
23
21
4
10
11
21
17
11
18
14
8
10
17
22
18
22
20
13
8
12
42
26
19
18
73
22
15
10
62
11
19
13
4
12
13
22
21
10
10
25
18
24
20
11
24
15
14
10
11
8
22
14
19
5
15
20
21
37
17
20
18
15
28
21
15
21
36
12
17
11
20
13
18
18
29
27
20
13
16
17
17
14
8
16
20
8
33
19
3
15
38
16
24
15
12
21
19
19
18
35
24
14
8
6
14
10
11
13
6
10
15
10
21
16
13
24
22
21
14
13
22
33
10
9
17
10
14
16
21
40
9
58
22
15
7
16
20
14
9
26
19
22
15
35
16
30
15
16
12
36
14
14
12
18
19
8
14
9
13
6
22
17
20
17
20
7
16
18
11
14
16
27
16
12
18
13
12
11
15
21
9
24
12
37
28
19
17
13
18
14
9
15
16
17
8
14
7
20
26
15
13
4
6
24
14
7
11
26
17
12
9
33
23
17
8
14
18
6
11
34
27
7
17
26
13
17
15
25
13
12
14
17
16
12
14
17
11
9
9
14
18
25
8
26
21
19
13
17
11
12
17
13
9
12
10
17
26
12
20
19
17
23
23
6
8
18
11
16
21
27
17
13
14
16
16
10
11
16
11
18
14
12
17
6
13
15
11
10
22
13
9
13
15
13
6
11
15
18
18
17
12
15
12
9
14
6
8
10
9
11
8
8
5
16
12
19
21
17
16
13
29
11
21
11
7
9
14
11
19
19
9
7
8
9
5
16
17
