85
62
50
46
26
29
18
58
39
30
33
44
27
27
32
11
16
11
20
51
44
19
21
19
20
65
23
59
19
12
85
50
22
16
13
63
68
15
14
20
17
64
14
81
32
36
21
74
41
18
23
10
83
49
20
19
22
22
21
62
40
26
10
9
22
8
11
95
42
15
19
56
100
85
54
48
35
34
26
35
32
14
13
15
61
30
34
19
9
55
34
26
25
15
47
35
9
9
35
44
20
18
19
20
16
45
19
13
8
14
84
91
55
44
19
23
26
26
16
20
17
74
42
12
80
52
26
20
26
33
12
9
20
33
47
21
10
106
103
42
36
45
20
19
13
14
69
20
19
33
16
48
42
25
26
20
10
7
51
18
17
71
40
38
34
11
19
13
49
31
43
24
19
89
12
64
35
15
23
16
70
41
44
12
80
38
48
39
25
20
42
29
22
24
18
39
29
45
29
20
12
19
60
22
21
17
15
12
81
51
11
90
57
38
23
20
20
52
25
27
27
17
7
95
38
29
19
12
18
16
50
10
12
6
42
21
11
34
26
16
13
14
94
87
41
44
24
10
12
18
22
13
64
19
27
12
11
13
27
19
38
20
14
17
30
11
14
13
16
8
43
39
37
10
40
31
13
10
18
13
15
49
27
46
23
19
24
20
24
18
25
20
24
14
19
10
34
5
13
20
10
14
16
40
15
14
13
39
10
31
28
18
14
12
20
10
29
12
11
11
38
37
31
10
11
13
17
15
13
11
13
16
13
71
32
10
15
55
31
29
27
26
16
31
12
17
9
13
33
19
21
15
13
13
6
45
7
41
7
10
44
42
29
28
25
28
27
18
17
15
12
24
25
15
15
16
5
46
23
16
45
11
32
30
18
10
13
14
15
57
45
46
27
22
18
18
34
38
20
33
66
9
13
14
50
26
21
16
18
15
18
22
10
16
45
11
17
89
15
23
19
8
15
8
31
16
19
71
30
35
27
19
52
13
8
11
26
12
19
12
30
30
24
13
16
22
21
23
14
10
12
5
76
44
16
59
15
12
9
11
37
18
52
17
9
9
15
16
9
17
9
17
19
16
25
15
7
16
13
28
26
32
11
14
9
20
15
4
67
20
8
12
12
14
19
19
10
7
16
10
14
38
13
17
40
14
28
14
34
48
42
17
11
14
6
17
10
30
22
31
37
22
15
15
27
10
13
21
7
23
38
26
8
13
30
13
15
10
46
18
30
27
10
17
48
30
15
26
27
18
16
13
18
29
22
11
13
59
22
41
21
8
21
23
19
10
9
30
8
18
30
31
41
22
15
45
47
18
14
10
12
14
8
9
21
11
24
38
25
13
21
23
12
16
15
12
28
9
9
13
19
23
21
18
13
50
33
44
32
29
25
31
24
22
21
15
18
10
64
18
23
15
19
27
31
23
11
19
22
17
10
28
28
32
16
21
21
27
14
13
22
32
17
19
19
19
14
9
41
17
7
8
9
28
13
15
15
23
12
14
8
4
20
21
14
13
21
40
18
12
26
25
65
17
11
17
31
14
18
13
16
18
14
24
8
29
16
13
15
21
29
24
19
13
62
22
19
27
43
10
22
11
25
20
9
8
23
14
17
16
20
13
16
11
22
16
18
14
14
20
12
31
18
20
19
21
25
36
13
58
28
25
13
9
21
12
18
24
26
13
13
13
6
4
21
13
16
12
5
13
11
8
16
13
14
28
23
23
12
31
31
19
29
30
17
11
17
18
19
37
18
24
22
5
16
19
17
18
13
23
13
14
23
21
14
25
5
11
24
18
15
14
11
9
21
16
20
24
23
11
12
16
15
12
10
40
14
6
19
11
28
40
11
20
15
18
21
19
6
7
21
17
25
14
28
19
16
15
22
13
19
22
14
12
9
14
17
18
13
18
11
21
10
22
9
16
8
7
12
12
17
22
11
11
15
10
13
13
10
10
12
26
11
4
18
24
9
10
13
20
17
35
16
16
13
16
16
12
12
12
20
14
13
36
24
22
21
10
23
20
15
26
13
35
17
16
20
18
17
14
17
37
10
9
14
5
14
17
24
16
19
15
15
5
15
23
19
22
8
10
14
9
16
16
14
21
18
23
17
23
19
27
17
14
18
18
20
18
6
22
27
14
30
8
12
15
17
15
7
15
8
5
10
14
16
7
6
14
12
22
20
12
6
12
18
7
23
10
14
10
16
30
13
26
21
15
19
6
16
14
13
17
20
20
6
13
19
15
12
6
13
22
15
15
13
14
13
20
8
12
