45
40
26
33
22
24
18
21
18
102
40
32
32
19
14
15
14
17
68
56
19
17
99
58
52
31
23
17
87
26
15
30
46
19
12
13
30
16
56
46
39
32
23
16
21
19
10
88
85
54
27
28
15
17
10
27
16
8
15
60
41
55
56
31
20
28
13
63
16
63
38
30
29
13
27
39
14
14
9
29
26
33
17
58
52
34
34
35
38
25
18
22
18
90
29
16
41
4
12
11
12
7
75
52
62
21
36
38
37
37
24
15
80
35
30
24
19
20
12
13
59
20
101
69
42
22
17
22
18
21
24
27
20
42
17
41
39
42
23
28
12
101
52
37
26
23
12
11
19
35
25
24
23
12
13
16
85
46
18
10
15
18
14
15
17
18
10
12
27
20
14
17
45
40
25
15
43
52
31
25
17
16
86
110
49
31
30
20
20
23
8
85
60
33
13
80
81
65
32
24
22
26
21
17
11
7
76
17
44
32
22
16
8
77
81
29
36
23
18
13
25
22
19
20
33
20
16
22
21
110
30
22
20
14
13
36
30
27
12
16
12
69
21
8
7
18
24
11
10
7
14
12
9
20
13
14
17
9
22
57
38
13
12
38
50
9
44
28
32
12
45
14
35
13
24
22
19
17
52
9
12
38
13
17
16
68
40
36
37
26
92
47
11
36
27
20
21
11
19
19
40
11
15
7
10
3
94
22
20
17
12
10
38
13
61
24
22
22
17
14
15
14
11
69
25
17
63
38
24
15
29
16
18
15
16
19
15
7
43
12
8
41
31
44
28
23
19
20
32
23
77
9
8
4
13
31
13
16
38
13
19
16
15
39
23
21
10
21
27
34
21
23
19
18
9
21
22
63
35
44
36
36
9
10
36
26
24
21
17
28
38
22
8
56
18
32
34
24
10
14
35
20
37
14
28
29
9
15
6
13
46
31
11
13
13
9
31
31
27
31
12
36
19
21
17
18
12
13
25
9
4
19
11
37
17
20
16
16
11
20
25
18
24
14
7
11
16
10
23
18
6
10
11
77
18
38
5
35
17
13
32
13
17
10
13
47
20
19
24
9
12
63
34
10
16
12
39
11
20
13
33
28
51
11
73
16
47
26
37
22
38
8
20
24
13
11
15
15
14
16
31
30
23
21
15
16
13
18
31
29
10
7
17
13
15
17
15
10
29
20
46
28
26
49
15
25
10
25
18
22
22
13
18
20
6
12
18
16
21
24
33
34
28
22
20
21
32
30
24
25
8
16
49
35
14
9
11
51
37
43
19
9
14
15
26
16
17
15
15
15
18
49
15
57
17
27
26
52
23
28
5
16
14
12
8
16
7
14
18
18
14
34
27
24
25
29
13
23
14
36
32
29
58
42
11
19
8
19
7
17
16
41
18
17
28
32
16
12
23
9
22
64
33
28
21
29
22
51
26
21
12
22
24
19
18
23
11
14
14
42
21
15
13
21
16
23
14
11
14
19
28
16
13
12
16
11
12
18
16
11
11
17
13
18
14
40
18
25
16
23
23
17
16
15
26
9
28
10
48
15
15
20
18
19
8
30
11
13
26
26
8
20
27
26
7
8
27
44
16
13
15
13
16
30
16
10
17
13
12
4
8
10
11
16
17
9
31
26
30
38
29
21
13
15
13
9
15
14
14
12
12
25
15
15
76
40
12
24
17
11
17
15
15
19
10
10
9
30
25
18
7
9
30
7
35
16
17
16
26
28
13
16
15
17
9
18
12
11
12
7
12
6
6
14
5
25
13
7
14
12
10
9
20
12
16
17
14
5
9
28
22
11
14
20
3
15
20
19
13
15
9
19
17
26
23
8
22
28
8
10
13
31
5
9
9
12
33
21
9
19
16
8
28
29
3
10
17
27
14
14
15
23
18
7
19
21
22
26
7
14
18
17
10
13
31
24
17
14
20
15
9
18
13
15
19
16
18
28
11
18
13
17
13
10
7
9
12
15
12
17
13
23
20
18
13
11
10
11
9
7
12
31
13
13
15
18
9
13
15
14
16
12
14
14
14
9
26
23
15
19
5
18
5
10
14
15
19
17
22
12
6
11
6
12
11
14
10
27
27
13
15
3
15
11
14
9
10
21
18
12
13
8
30
20
11
18
15
9
18
32
10
18
9
20
29
14
13
18
18
16
5
15
15
15
13
5
15
5
9
13
16
16
14
9
21
21
16
19
19
13
11
11
14
17
14
7
18
11
13
14
14
29
21
15
13
5
12
11
4
15
14
12
14
14
14
15
8
9
14
14
