109
23
12
18
88
31
42
57
58
9
76
65
27
20
12
73
15
18
8
9
24
64
18
9
95
24
15
16
24
22
61
29
8
49
31
30
15
9
71
89
15
16
10
35
25
15
16
14
6
88
11
57
67
12
47
21
28
15
49
38
36
19
19
79
32
95
30
31
6
5
4
47
47
28
20
20
52
27
18
15
7
109
41
10
55
43
35
37
38
15
18
15
105
66
23
5
79
63
33
31
20
19
9
10
47
25
14
19
51
16
28
13
20
41
30
8
26
5
47
30
43
13
7
30
16
90
11
54
22
14
12
13
45
43
34
8
10
44
13
7
14
51
33
18
17
24
9
11
43
14
21
16
40
38
23
20
13
22
58
45
40
12
17
7
25
3
57
14
34
6
86
27
21
26
15
42
27
8
31
31
12
18
21
8
16
35
21
15
15
12
57
26
72
64
38
23
27
10
55
23
20
38
10
89
9
65
30
18
13
21
17
17
14
12
16
82
18
56
11
23
19
10
17
32
20
14
88
90
44
49
32
29
28
21
41
40
19
6
8
62
40
30
23
15
72
22
7
53
30
32
18
17
16
23
17
8
42
13
49
43
21
22
10
27
16
22
20
14
15
6
55
25
10
62
30
17
17
9
32
36
24
23
8
46
38
23
13
10
17
18
26
26
48
55
12
8
26
14
25
7
25
10
12
50
41
31
24
10
34
21
69
32
20
19
37
24
13
32
24
24
10
18
15
60
19
29
13
10
10
6
17
23
19
12
16
15
23
14
12
25
45
8
118
45
41
13
6
29
19
16
17
24
18
45
39
24
33
15
24
12
42
20
17
81
48
34
13
22
12
5
49
19
17
16
33
11
17
16
17
41
22
16
19
23
11
12
8
4
68
37
19
10
43
26
15
14
12
91
44
27
19
19
11
20
5
113
35
25
21
16
18
10
63
21
14
22
35
16
14
12
13
24
13
9
14
23
10
12
10
43
17
12
21
15
81
64
24
23
14
42
30
26
24
22
16
16
25
16
64
20
10
12
8
59
47
27
8
36
15
32
26
32
18
22
18
16
42
21
25
16
21
17
11
25
18
17
19
37
13
17
40
20
13
13
20
15
8
9
10
34
19
17
30
25
19
15
44
8
15
14
14
11
20
12
16
27
14
11
55
25
14
10
25
15
9
10
32
17
14
41
45
29
17
18
20
13
9
25
17
26
11
10
13
11
17
10
5
13
13
16
71
21
31
17
19
20
15
14
19
32
17
10
19
16
12
10
6
26
10
10
6
11
30
5
19
18
11
27
19
44
22
16
27
26
15
28
25
17
34
20
20
52
14
13
13
14
13
25
15
21
13
18
28
9
15
19
58
34
31
22
13
15
40
11
9
34
20
23
17
41
17
16
19
28
37
17
52
28
20
17
69
24
19
9
7
18
15
32
20
19
13
15
4
6
9
27
14
7
40
14
23
22
17
18
34
29
13
22
13
60
11
15
7
15
10
28
26
34
23
38
31
20
29
18
23
40
10
14
10
25
9
18
28
17
20
12
15
17
11
13
42
25
20
7
11
30
11
12
21
18
12
16
16
10
19
15
15
7
32
17
15
20
17
27
16
22
12
19
11
9
11
15
12
20
25
24
14
16
34
24
14
16
15
9
16
28
29
18
14
17
12
11
17
15
29
29
21
17
21
23
42
16
17
11
14
20
27
28
30
17
4
5
12
16
20
18
14
25
14
10
36
13
26
22
13
20
25
21
15
11
30
16
28
13
11
12
19
14
13
9
29
19
18
16
13
21
19
18
20
21
5
16
19
12
18
16
9
10
14
14
8
20
10
13
17
11
12
23
10
26
7
34
8
12
21
17
25
32
18
12
17
16
9
9
13
28
31
17
9
10
15
26
12
18
18
19
17
18
37
13
12
35
16
9
8
18
30
11
17
26
25
9
12
20
15
21
19
25
9
18
18
15
22
6
16
10
11
18
13
51
10
14
6
18
11
15
13
16
18
19
15
23
31
24
10
21
17
11
6
13
13
19
40
15
10
37
11
22
24
4
5
16
15
18
13
23
23
32
17
10
13
21
11
7
12
16
14
11
16
18
20
36
18
31
30
16
10
13
16
34
21
8
16
10
14
17
14
15
23
21
14
18
15
14
11
30
20
17
20
6
26
14
16
7
20
16
10
6
8
9
17
13
11
11
15
24
18
14
25
22
14
21
23
26
6
12
13
14
15
5
15
6
7
13
17
17
4
16
16
9
16
22
9
10
10
16
14
19
24
16
