43
37
15
23
13
37
32
32
26
8
8
26
17
16
15
96
63
72
16
24
26
52
24
30
15
21
17
17
13
22
13
12
7
47
50
41
21
21
9
39
22
19
82
44
12
72
36
33
19
18
18
19
61
59
38
28
26
31
18
19
20
26
12
10
68
46
50
29
34
31
21
18
29
17
4
67
28
13
98
61
30
30
31
15
9
15
14
33
36
40
67
37
42
33
31
28
17
75
27
15
49
39
20
23
14
33
26
10
9
30
8
59
48
19
43
49
21
7
71
32
30
21
16
17
22
12
13
13
18
54
52
31
37
19
59
59
82
46
26
18
55
36
19
18
19
19
21
7
38
15
27
25
12
12
31
19
6
67
13
39
14
10
31
22
35
25
13
19
62
41
26
6
10
30
8
10
50
40
28
14
9
46
15
12
15
33
27
9
44
11
27
18
9
20
61
41
16
22
6
6
33
21
67
53
47
34
25
15
21
18
15
16
86
26
23
16
19
20
19
45
22
24
13
81
28
31
16
27
16
18
13
40
29
69
27
16
11
34
17
10
14
12
15
10
63
38
23
24
20
23
15
11
67
70
27
70
34
26
10
39
50
13
9
19
34
31
27
21
16
34
13
61
51
41
24
8
38
13
9
13
7
16
41
16
13
6
27
26
9
60
25
17
108
38
33
37
20
15
17
17
24
14
16
10
8
22
6
16
7
36
20
23
15
20
35
50
10
20
29
44
23
27
18
24
38
19
19
20
19
14
38
28
20
7
8
19
20
24
26
38
13
15
35
11
37
13
31
42
30
15
11
18
56
30
18
12
11
35
23
24
17
15
33
27
46
16
9
9
17
15
20
21
20
84
88
9
9
38
20
20
15
16
25
12
12
9
17
29
9
9
17
11
9
12
8
7
7
40
21
78
45
19
23
39
45
44
39
18
31
18
17
15
42
15
12
21
23
21
10
11
22
52
16
7
7
19
8
36
19
19
28
38
17
19
26
15
16
7
22
11
29
17
16
30
12
15
45
48
49
33
25
20
12
13
14
24
13
16
13
20
10
19
13
14
16
17
14
21
35
11
15
14
36
20
16
17
31
23
30
18
29
24
9
25
9
25
23
11
14
25
26
22
19
27
11
13
25
19
15
20
30
16
20
13
11
9
40
5
40
15
11
24
17
17
20
24
11
26
8
86
18
20
17
38
13
11
57
5
7
47
10
30
21
21
13
20
30
12
16
30
26
25
34
18
17
39
23
8
12
12
20
36
34
19
17
21
21
21
11
15
12
20
19
18
11
51
9
12
28
16
19
20
12
26
17
13
52
11
11
10
14
15
14
9
29
16
18
18
22
16
21
19
17
25
30
20
19
20
18
47
13
28
23
18
16
22
18
28
21
15
14
40
8
20
19
27
16
11
11
22
28
17
20
17
13
12
23
21
10
20
16
14
10
14
10
19
13
30
13
14
29
14
23
17
28
33
18
19
19
17
18
26
6
11
39
11
17
13
15
9
15
42
17
47
12
9
12
32
15
17
46
24
16
22
18
19
25
15
19
25
15
13
13
23
8
18
30
17
20
18
22
19
38
32
12
18
17
20
24
16
19
20
12
11
23
18
23
19
17
20
13
13
13
6
23
14
17
10
9
13
18
86
14
16
26
25
10
36
19
26
16
10
17
21
10
25
14
20
17
15
38
16
13
12
34
17
17
7
18
12
10
29
11
37
26
17
23
16
43
20
14
13
23
21
18
10
14
29
18
7
15
23
9
17
25
9
16
9
15
20
17
21
17
12
22
21
25
15
9
20
13
10
16
26
31
21
17
10
10
26
21
28
7
11
8
5
25
29
16
16
41
5
20
14
31
26
10
19
10
34
28
19
14
18
7
15
8
16
21
29
19
21
20
17
21
5
14
11
10
19
29
18
18
7
11
49
23
15
15
7
14
29
14
12
8
3
12
12
26
26
13
13
20
8
12
7
12
7
17
25
16
12
13
19
15
14
10
15
7
38
15
12
21
13
11
11
13
15
20
10
14
29
19
23
21
22
19
28
17
16
19
17
13
18
13
16
13
6
27
10
10
23
9
18
19
33
21
10
29
23
25
13
6
23
23
19
17
7
15
16
21
10
19
5
9
14
17
5
22
12
12
17
18
21
20
9
15
15
22
16
19
15
4
14
19
15
15
12
16
14
10
7
10
25
21
20
17
22
19
7
13
13
12
7
18
15
13
10
15
9
16
19
26
10
14
19
10
14
15
8
12
23
24
7
23
13
15
15
11
13
