54
5
16
57
39
94
107
11
45
43
8
100
38
26
31
7
71
72
54
23
15
26
16
13
20
76
23
19
76
77
48
41
30
27
19
15
26
14
57
35
23
21
22
12
23
26
41
57
20
16
7
11
6
11
17
5
28
16
12
50
5
74
34
19
13
8
10
16
9
73
72
25
31
10
62
45
34
24
18
21
21
20
17
10
17
65
43
19
37
45
39
35
24
26
22
16
52
8
93
71
28
11
79
56
26
36
10
9
18
10
13
79
136
99
56
54
46
33
21
13
14
49
77
13
10
32
21
9
71
38
41
33
38
22
50
50
35
32
23
30
16
10
39
20
26
21
13
17
29
15
22
18
14
32
17
31
17
9
9
9
49
34
20
13
95
29
24
7
48
11
41
17
75
57
18
17
15
22
17
31
93
63
56
47
13
13
12
19
30
20
20
15
8
12
43
18
12
5
62
14
14
51
18
18
55
48
46
15
51
34
21
11
11
17
22
37
29
22
26
19
5
71
14
21
14
61
27
15
26
16
43
32
53
20
10
80
40
26
15
21
13
39
37
21
23
18
29
16
60
51
30
21
26
18
9
11
42
19
12
15
14
74
21
28
6
10
66
18
39
17
21
13
11
19
71
21
11
20
9
63
52
14
11
14
62
15
47
12
6
12
52
55
45
37
29
21
14
87
44
15
11
37
12
28
27
28
32
28
19
16
13
11
38
30
18
72
16
11
70
42
22
15
22
48
46
48
34
18
15
27
11
18
21
12
10
19
24
49
33
22
20
18
23
20
17
14
10
16
82
73
37
56
30
23
57
87
21
24
21
23
13
76
30
9
12
49
30
26
19
20
48
17
64
11
73
49
14
18
42
8
64
15
51
11
22
17
37
41
31
18
16
19
25
14
67
29
14
30
27
23
88
31
8
11
14
16
25
23
15
64
29
18
36
54
37
27
15
12
15
19
13
13
49
36
18
16
13
12
16
56
9
32
16
14
11
88
21
6
14
14
20
27
49
5
19
11
17
20
10
24
17
17
29
8
29
15
18
20
16
27
15
33
76
12
7
17
47
29
30
14
34
11
59
20
19
14
17
35
13
63
29
15
35
18
16
11
32
35
19
26
24
12
10
15
60
25
26
7
16
9
10
20
23
15
15
61
23
24
23
12
17
15
3
52
18
20
11
11
43
22
44
15
20
14
55
31
20
27
39
7
16
22
18
32
16
19
13
19
8
33
22
25
13
19
41
16
20
16
22
13
12
16
10
10
30
20
17
20
9
37
11
39
23
16
45
22
18
28
14
12
24
24
19
8
10
9
11
18
17
34
36
17
46
24
30
33
12
19
61
49
24
16
17
10
12
33
17
20
21
11
7
22
23
23
19
18
27
11
38
9
14
22
17
63
34
17
18
21
12
44
24
25
24
14
15
17
24
20
14
14
13
19
17
7
11
32
14
18
19
16
15
14
9
18
23
14
18
12
14
9
8
48
27
22
8
8
16
8
33
7
24
16
14
58
21
16
13
13
14
35
15
15
49
18
15
15
25
11
17
27
31
15
30
24
15
19
25
14
13
16
8
15
26
20
40
23
9
16
16
42
19
21
11
10
31
25
17
22
20
13
3
18
11
21
6
12
19
15
15
11
27
19
18
20
14
24
16
17
10
27
26
22
16
29
19
29
11
17
10
21
44
27
24
24
18
26
12
13
20
18
15
11
10
20
17
16
12
16
21
29
16
10
7
26
21
16
9
12
15
20
4
13
26
16
18
7
19
15
15
15
6
21
17
27
12
11
7
15
29
15
25
17
21
10
16
20
25
21
18
19
10
17
12
5
25
22
15
8
19
9
29
8
29
20
6
21
15
17
8
24
24
10
21
12
18
25
10
11
17
7
28
13
10
12
11
18
11
20
31
11
8
16
8
18
15
15
19
40
28
15
13
32
27
18
31
17
12
12
9
20
16
13
5
17
33
18
16
16
24
13
19
15
12
14
20
14
9
23
16
29
28
21
23
8
19
15
6
19
15
7
11
28
22
21
33
17
28
17
16
19
16
17
12
13
8
25
18
16
7
20
7
12
11
13
18
19
6
11
13
16
8
40
13
10
17
18
8
14
13
11
11
9
14
9
6
17
18
18
25
14
19
18
16
16
23
16
4
14
10
13
10
17
19
22
15
7
29
12
16
19
16
12
18
6
26
20
9
21
20
10
12
10
40
13
17
16
6
17
13
12
13
16
17
11
6
15
10
15
20
18
19
17
16
23
14
34
18
20
17
19
