28
1
34
29
8
13
3
12
14
7
13
4
2
18
36
15
29
26
3
8
30
16
13
22
7
16
26
6
8
5
2
7
10
6
8
5
13
2
17
15
1
21
8
18
34
7
5
31
1
2
10
14
4
1
1
31
12
28
24
9
22
11
22
4
6
2
28
5
12
2
1
20
9
5
24
21
17
9
3
10
6
14
11
6
5
16
27
11
5
11
1
20
11
6
7
22
26
1
2
10
17
4
22
1
2
4
21
12
1
11
4
1
16
35
15
12
14
6
19
18
3
9
35
8
31
7
4
10
19
14
9
22
5
31
10
31
3
13
27
4
9
15
4
3
1
36
1
6
1
6
3
1
1
9
7
2
23
6
1
5
20
32
13
5
2
30
3
8
21
10
6
11
25
24
20
1
5
6
2
12
7
9
15
12
13
28
22
25
6
4
17
24
16
29
9
1
33
11
27
7
5
7
26
16
34
4
1
4
2
22
6
5
24
10
3
15
10
7
1
6
4
13
32
5
14
26
2
1
5
7
2
9
6
7
15
16
36
1
4
32
31
8
7
7
8
2
20
7
27
1
33
6
15
1
8
1
10
23
5
5
13
1
23
17
33
7
3
24
15
1
27
17
7
23
13
10
6
5
7
14
7
12
24
13
9
5
19
16
36
3
23
23
9
26
3
10
10
1
2
2
13
8
14
14
17
2
1
19
3
21
31
20
1
25
10
3
30
10
12
3
25
11
17
14
3
18
21
21
9
12
26
13
9
4
7
29
34
6
1
19
15
4
29
18
5
5
6
6
34
12
5
4
1
1
2
19
6
13
22
1
15
7
6
29
5
5
17
7
1
16
13
11
3
5
13
11
12
1
8
18
17
23
6
19
1
12
5
26
4
12
3
25
9
3
25
4
7
17
3
9
7
14
6
4
12
5
31
24
19
8
10
32
18
15
3
2
3
4
5
2
3
11
25
15
8
10
4
3
10
32
2
14
4
18
4
20
20
18
12
3
35
14
13
6
31
2
10
5
1
1
13
23
11
33
19
2
6
35
28
20
26
6
6
3
17
36
15
1
33
5
3
17
2
13
21
2
8
12
5
15
4
9
3
20
2
2
20
11
20
6
8
6
12
11
36
36
4
10
2
5
18
6
3
21
4
3
3
7
36
23
7
30
19
16
8
35
4
12
28
1
20
7
4
6
2
16
12
28
2
5
7
33
1
3
30
6
6
3
8
12
11
8
2
4
18
9
1
23
6
13
14
2
8
4
2
5
2
7
7
7
5
6
32
2
13
27
16
27
3
19
1
4
19
12
34
26
2
15
8
2
10
9
4
15
18
3
7
16
27
13
6
1
2
7
9
12
23
5
30
1
9
1
1
13
1
16
11
13
8
10
15
29
12
6
10
34
5
11
14
2
3
5
32
12
11
5
4
18
21
10
27
5
2
8
13
11
5
7
23
3
8
5
8
19
27
3
35
6
20
13
3
11
9
7
9
2
33
22
25
32
29
19
14
4
23
5
8
8
17
2
17
6
4
9
21
3
1
33
8
36
1
11
13
9
23
3
4
12
4
7
14
3
17
3
21
8
1
6
30
5
4
8
4
19
5
19
13
18
1
10
16
13
4
4
16
20
8
6
2
13
9
1
12
5
35
4
15
5
3
17
1
2
18
2
10
2
1
7
8
4
8
34
2
7
3
6
2
25
22
13
26
28
9
16
2
4
1
25
15
1
10
5
17
10
1
11
16
26
27
5
8
11
21
32
24
28
22
11
11
9
1
11
8
1
3
6
2
2
1
3
3
22
11
29
19
21
17
3
7
24
24
4
10
4
3
15
4
21
31
2
2
21
5
6
9
1
18
14
3
12
13
16
2
32
9
9
1
10
7
8
5
5
14
28
3
4
7
24
11
1
25
1
3
18
4
8
1
3
4
21
3
7
29
12
18
34
5
9
10
6
27
2
12
6
20
15
11
1
8
35
1
14
6
7
1
9
5
16
16
12
6
12
9
33
3
7
8
24
19
8
20
16
15
17
30
25
2
30
10
18
18
6
2
3
14
11
11
22
1
6
14
6
23
12
26
9
2
2
5
10
24
10
7
27
23
8
3
2
30
17
4
18
9
8
12
1
6
8
26
14
27
7
1
15
4
3
31
1
5
14
1
13
7
4
14
1
8
28
25
4
13
3
30
25
4
10
19
9
22
1
7
14
10
9
20
9
36
24
28
12
19
14
11
1
11
14
20
29
25
22
35
8
9
33
1
35
1
34
15
11
