124 498 539
79 267
260 345
33 615
40 137 216 467
211 614
73 122 546 976
79 421 745
81 113 213 370 412
6 37 138 163 332 358 720
53 404
85 120 177 434 530
188 395
258 510
24 83 96 103
29 390
26 64 96 123 282 342 586 689 939
47 224
4 23 241 794 947
62 83 139 199
201 419 556
1 19 89
11 36 68 85 224 345 598
125 134 210
356 384 795
1 58
17 853
178 211
53 111
39 797
213 408 775
4 194
173 281 321
482 492
119 499
52 323 551
34 63
18 331 692 915
32 244 273 603
333 582
166 317 535 929 963
58 81 383
23 49 138 275
186 640 694
18 27 768
495 496 680 977
2 112 256 369
37 76 107 300 773 961
270 995
55 98 159 354 385 909 943
287 513
380 501
66 300
3 742 856 998
75 552
82 818
36 114 225 996
28 222 403
5 43 68 165 375 456 529 813 917
144 904
51 77 80 135 367
32 243 560 587
2 4 421 661
6 37 138 172 444 921
85 224
56 134 136 241 445
109 449
87 139 199 271 589
59 213
196 329
20 579
11 23
313 951
237 286
3 516
90 322 372 488 607 793
36 58 84 150 220 519
25 95 535
52 551
28 148
45 205 937
54 757
19 394
72 175
203 576
88 793
1 594
10 230 799
3 337
7 363 506
74 85
34 65 147 189 591 672
97 788
30 260 705
7 19 151 295
77 272 305 669
127 155 200 218 273 381 781 938 954
1 67
27 118 327
72 161 175 279 891
21 24 536 747 963
2 868 979
641 783
378 936
182 858
62 289 496
7 569 819 843 904
29 292 548
82 117 280 432
22 86
62 70 93 515 907
738 874
13 26 113 193 204 514
63 96 210 305 465 631 749
155 202 397
62 453 541 766 839 861 1000
38 114 123
102 206
75 88
2 378
13 66
469 678
24 25 314 321 989
8 22 63 100 767 879
49 450
54 154 263 339 360 571 675 737
16 40 142 235
132 277 406 697 877
4 343
57 184 386 820 914
52 324 821 911
5 29 141 399 869
59 192 278 626
16 32 38 101 362
21 166 512 963
20 267 579 741
22 193 204
472 876
40 115 341
57 330 639 753 820
663 940
105 734 755 806
37 443
25 32 95 155 230 362 511
101 264 305 323 373 885
21 104 196 202 339 342 430 703 721
447 498
41 46 219 228 354 385
193 567
35 83 110
25 942
352 583
119 530
6 23 124 284 590 712
80 128
8 57 108 116 184 390
88 625 839
50 103
12 334
35 36 302 813
7 79 137 394 478 729
259 351
141 482 679
15 220
117 130 303 304 442 766
564 620 903
531 886
151 835
340 795
93 114 376 494 729
186 889
3 166
94 252 591
9 206 517 663 714 905 972
55 75 159
82 302 351 425 477 532 542
17 40 68 74
548 597
50 535
423 748 964
4 42 107 328 336 475
52 54 225 516 691
272 381
65 853
17 56 445 794
14 380 587
127 701
3 137 142 290 440 534 676 805
48 216 407
307 520
53 128 135 296 520
377 439 574
487 987
35 170 246 458 725 958
44 545 585 733
20 59 81 359 873
49 54 153 176 219 261 385 831
4 117 130 304 955 972
66 306
11 22 163
14 44 125 438
198 422
8 48 311 880
92 161
237 977
122 149 207 533
27 34 81
74 160
313 970
294 915
107 327 629
29 35 57 133 245 425 609 935
20 43
197 308
306 410 706 967
48 56 125 151 161 550 750
10 394 971
89 465 561 617
70 246
41 112 145 149 159 784
31 99 272 367 381 398 747 928
12 38
5 101 916
13 119 384 513 573 889
319 518 599
179 700 736
4 8 17 116
34 65 444 502 786 913
31 223 420 684 823
13 15 289 465 584
37 38 284 821
74 160 177 290 295 346 387
674 721
123 725
284 650 683
13 190 335 945
15 41 134
121 167
230 234 638 956
72 92
15 509
21 929
45 575
19 50 70 355
10 25 46
85 419
24 132 187 247
107 169 327
238 737
225 950
195 316 399 843 927
26 844
618 1000
489 975
251 265 454
7 391 569 647 858
188 258 274 292
226 539 717
94 648
40 64 87 104 115 139 271
8 26 92 113 179 526 613
99 209 355 743
142 253
504 695
33 426
101 304 551 742 908
24 103 566
114 991
7 538 692
41 49 109
14 44 585
12 108 140
32 71
22 70 99 156 177 300
203 274 294 388 392
176 592
273 638 744 852
14 129 340 570
111 190 389
47 72 464
209 788
324 402 619
14 18 708
84 178 189 814
20 491
44 733 901
170 296
23 37 138
116 588
22 86 288 715
13 26 30 99 629
5 135 379 702
47 154 256 293 333 546
41 112 230
635 707
52 130 225
10 32 95 202 230 560
152 270 605
117 872
79 167 309
5 20
26 64 711 946
61 103
139 941
27 461
412 660 824
208 221 455 597 954
180 405
811 862
32 181 208 335 352 497
215 391 399 507 798 835
122 232
146 194 398 680
67 472
196 228 262 298
34 584 727 804
42 380 708 900
23 91 104
70 165 731
61 485
148 233 347 718
85 131 182 195 400 826 993
315 878
57 404 478 493
384 409 644
6 185 275
45 62 110 983
38 633
221 239
166 317 508 895
9 32 57 69 139 181 405 980
643 926
17 228 378 784
67 111 396
9 57 82 130 280 402 982
10 682
138 275 590
32 199 249 388 924
60 293
445 947
38 315
159 254
706 981
80 899
49 55 68 112 149 722 789
71 970
30 164
84 348
67 251 347 454 657 884
239 392
4 343 590
552 810 888
7 151 267 583 835
85 286 387 473 917
43 71 207 477 609 679
29 242 369 668 754
42 51 83 169 291 447 812
135 615 810
5 20 168 302 319 491 643 667 723
19 137
460 716 975
8 15 137 391 946
1 124 459
129 356
263 809
23 376 488
87 249
295 316
22 113 204
10 200 218
86 288
88 172
178 536
53 127 627
16 40 76 414 759 920
66 105 708 811 955
22 53 86 498
57 90 625 772
2 98 147 784
24 49 61 103 210
56 125
278 419 530
28 150 846
280 303
54 196 468
34 43 771
21 317
106 205
10 247 312 587 649
8 311 914
500 700
37 78 163 222 608 610
36 133 164 278 479 877
10 202 281 335 529 654
44 63 99 296 326 900 901
26 108 282 386 822
8 328 390
59 75 283
34 118 150 252 537
438 545
141 182
40 866
25 32 560
127 181 243
51 80 257 429
16 90 142
360 781
14 44 260 294 413 467
169 695
10 181
416 436 489
41 71 840 951
82 298 432
140 221 687
40 57 69 235 504 578 866
600 847
72 93 175 360 436
5 20 43 834
63 359
122 436 460
84 878
118 490 591 937
4 661
2 153 250 354 468
94 171 457 562 718
10 20 138 244 319 688
20 242
36 229 813
11 163
1 14 41 147 515 752 844 932
311 568 809
16 23 163
69 319 338 350 390 854
3 22 25 349 401 942
96 103
27 52 556
348 457
101 398 671
297 318 498 669 920
168 242 245 302 449 477 890
66 170 735
356 570
90 596
11 39 375 542
120 326 352 628 804
129 780 981
170 315
68 201 483 790
6 635
6 503 805
162 660
340 644
63 187
188 314
342 523
277 357
10 49 126 273 511 594 965
38 156 246 306 558 897
365 622
358 443
22 588 892
135 297
106 140 141 143 154 190 293 400
314 964
75 800
173 314
173 395 748 989
7 30 373 421 586 885
5 168 270 741
436 460 484 716 865 975
3 45 337
42 169
55 196 677
2 54 262 298 925
7 197 251 469
50 903
22 86 193 767
305 763
14 413 547 956
15 496
64 334 583 674 701 926
76 310
14 44 213 800
16 40 61 88 93 909
40 65
12 57 69 116 481
10 56 116 437 690 854 862
39 264
48 135 260 346
38 58 66 120 227 420 951
3 45 65 109 150
231 734
145 533 948
959 964
494 607 779
38 810
100 426 630 757
56 148
24 36 47
119 159 287 340 409
372 494
21 118 163
134 952
18 27 965
23 410
85 598
94 158 178 233 363 536 562
15 244
1 362
146 524
2 35 634
215 785
107 310
253 944
549 902
89 700
25 155 202 234 662
21 357 860
32 401
290 616
118 178 814 860
42 504
14 576 844
28 84 252 444 691
133 286
76 161 175 400 987
109 145 149 256 303 603
60 101 763
50 70 209 476 525 593 811 897
83 110
158 786
372 376 453 618
21 317 599
98 207 326
30 229
29 200
119 129
1 67 68 89
265 994
45 50 92 163 189 476 593
193 344 380
28 38 209 215 231 285 787
120 585
22 86 370 754
78 285 780 815
18 66 751
31 345 642 732 755
186 308
66 633
369 450
12 756 845
2 145
53 898
267 417
281 874
58 114 441 647 870
20 35 105 168 255 957
260 419
129 356 795
46 155 897 966
119 573
1 112 353 834 868
14 932
24 104
1 83 453
50 431
23 37
25 234
7 19 227 851
18 49 55 91 109 112 262 533
34 40 81 115
204 711
104 774
164 191 479
4 17 187 199 271 612 988
30 88 201 351 561 824 832
136 315 828
172 198 652
77 101 353 381 671 693
88 90
22 26
456 564
39 67 958
1 752
10 14 91 335 871
38 51 210 416
273 368
102 197 678
36 470
673 713 714 807
41 262
6 23 138 261 650
113 131 195 285
740 807
152 694
9 11 18
237 244 594
72 374
85 770
306 577
55 176
60 182 472
379 830 999
3 331
265 469
6 48 258 291 357 510
51 411 772 859
66 165 223 525
172 652
7 144
72 437 891
1 67 632 752
165 431 744 862
11 451
5 29 42 76 124 168 379
28 65 338 881 910
5 641 957
8 24
13 416
80 135 296 484 865
191 264 367
68 133 160 259 668 762 770 857
573 704
516 996
36 160 365 762
16 269
28 34 211 490
218 230 522 829 852
123 458
665 913
17 92 166
620 736
9 52
53 140 206 554 703 960 965
132 175 484 489 785 984
53 246
60 182 195 285 288 347 564 916
25 51 95 102 248 404
11 16
73 78 86 195 526
46 79
119 129 287 409 455 662 967
17 38 336 364 661
12 64 107 127 221 404
74 377
1 67 87 186 428 480 769
34 220 277
15 46 65 309 814
577 823
12 45 433
200 846
950 972
13 31 50 70 134 809
35 45 50 74
25 95 577
30 71 556
149 153 256 672
5 29
225 410 808
70 99 105 525
58 958
64 106 206 310 802
9 261
362 886
153 456 473
7 121 215 417 534 586 751
32 46 243 368 397 638 923
111 352 765
2 228 464 805
81 277 363 698 864 881
51 80 97 209 411 429 615 693 966
28 383
276 307 520 547 710 827 973
24 63
52 88 117 322 619
57 69 180 716
15 183 900
48 56 136
55 109 153 269
197 251
75 527 775
9 13 70 300
25 32
12 140 396 802
62 73 782
303 986
8 518 723
124 515
28 148 233 403 544
39 262 595 601 653
65 112 220 252 363 532 562 994
382 925
13 70 99 148 227 555 557 580
115 183 317 339 361 759 944
235 455 695
61 74 222 229 448 470 825
17 612 777
143 177 190 208 687
90 906
27 406
186 776
3 18 97 575
81 94 357
28 81 881
157 274 291 698
124 702
32 74 594
39 146 219
11 276 375
29 35
18 97 294 461
336 343
198 541
166 997
24 132
78 131 546 976
34 94 562
610 735 899 973
7 621
13 46 231 299 701 799
421 904
51 73 83 93 98 114
76 582
302 553 641 696
154 333 393 674
60 122 124 131 825 968
150 937
13 50 567 736
16 407
92 247 484 487
299 552
46 587
4 17 912
468 789
8 18 405
130 833
240 561
217 322 628
96 305
41 125
8 116 386 863
195 482
61 132 359 990
113 223 892
69 439
51 117
123 458 522 991
34 412 660
6 11 371
62 129 136 287
189 252 614
60 73 182 196 293 602 655 919 968
100 447 710
39 109
30 74
138 451
173 188 321
80 95 257
12 517
59 65 268 408
110 232 333 601 780
689 726
13 111 845
197 532
106 382
150 233 682
188 392
44 115 127 216 727
239 342
21 393 397 400 837 895
162 563
7 64 81 102 534
289 495
9 87
22 86 113 370 588
217 920
11 41 54 71 98 307 533 709 956
415 676
302 938
544 726 849
186 834
365 637
77 223 412 430 563 625
96 103 220 332 908
2 104 147 238
188 659 989
125 241 845
27 97 102 331
129 197 251 265 994
49 104 109 385 608
171 403
3 94 118 171 347 463 549
74 105 156
261 750
46 238 931
62 782
542 565 969
24 103
21 95 126 663 699
39 191
10 194
174 283
336 364 767 853
2 9 91 95 304 871
6 11
33 75 257 581 838
17 58 776
777 990
16 29 926
10 46 179 266
31 231
106 566 861
2 49
159 176
59 192 408
144 149 267 605 791
117 361 905
15 182
358 474
127 673 713 849
8 57
26 193
46 874
207 254
240 250
40 41 424 893
47 55 171 338 347 648
25 138 590
21 301
44 745
35 366 379 579 739
33 170 214 922
5 23 222 301 501
105 131 173
180 574
27 36 68 97
527 882
185 707
158 171 178
139 566
212 240
6 732 961
72 179 205 246 416 543
202 308 967
454 884
120 250
56 184 311 518
131 243 400
15 495
91 145 177 374 919 960 997
102 106 143
53 206 389 554 572
69 116 140 184 493 935
120 438
43 180
434 932
111 392
136 241 445
31 633 917
33 51 214
3 4 17 336 349
8 624
9 280
11 128
30 201
11 126 155 243 266
157 639 685
18 27 30 85
55 112 176 313
45 769 913
62 376 488 896
29 580
22 100 198 257 349 567
67 114
8 863
199 645
75 330 350
47 249 568 861
33 803
31 72 124 572 659 758
31 580
27 76 107
1 58 450 514 519
222 332 371 555
366 387 626
3 141
353 970
205 575 856
3 45 616
42 76
5 242 692
16 341
4 373 676
480 584 971
14 44
18 203
149 250
8 14 108 350 386
87 186 203 388 606
540 640 820
62 83 453 779 793
60 72 175 437 475 521 582
2 54 200 207
31 580 903
25 126 243 266
162 218
365 474
13 209 306 586 918
98 176 760
48 56 241 653
15 89 509
86 236 754 864
73 293 613
18 48 201 556 576 939
31 476 620
16 68 224
73 78 377 564 883
96 507
141 968
84 537
100 859
23 163 550 961
77 264 272 323 372 671 730
19 348 946
24 61
443 565
82 269 759
140 221
11 637
88 240
18 226
426 827 847
47 56 259 387 637
173 321 392 646 841
18 42 327 751
28 158
102 111 218 221
25 181 229 558 690
45 69 178 277
2 238 547 709 842
11 26 52 117
229 374
262 280 441 959
29 43
5 43 830
26 97 407 418 497
41 54 63 104 152 760 847
101 323
21 197 265
15 198 954
171 185 478 857
28 537
53 206 418 505 703
90 383 444 457
27 119 129 461
94 211
60 122 916
344 901
5 20 203 523
3 45 212
64 143 208 457
270 603
7 16 39 121
83 778 985
156 231 300
120 413 545
232 684
160 935
100 191
73 102 111 190 523 858 976
32 126 366 702
566 645
100 134 135 217 681 803
13 31 128 179 486 499 899
52 402 868
3 191 305 381 472
153 221 339 369 520
77 101 191
2 91 385 697
470 617 832
44 344
17 286 435
10 397 550 558 883
146 466
22 26 180
4 59
1 12
63 132
54 722
34 403 549
6 451 506 860
66 70 529
62 542
128 315 973
11 40
24 792 841
34 56 125 134
36 85 168 245 771
92 146 312
5 579 634
609 685
76 107 402 475
27 203
21 898
60 232 815
18 27
33 878
220 524
346 626 724
30 224
17 143 147 274 382 570 789
122 232 974
110 422
76 337 850
14 120
15 105 162 237 446
37 915
19 491
17 664
211 478 502
441 796
300 557
6 37 185 301
7 19 30
78 195
6 11 23 37 38 225 788 952 955
415 417 737 848
6 11 23 37 222
503 745
13 299
35 161 312 521
100 174 268 308 889
72 247
27 226
41 98
33 315 318 611
43 553
108 390
52 324 818 940
8 688
95 531
52 82 93 198 372 636 652 983
7 320 403 466 471 574 646
106 553 628
578 893 894
10 17 930
73 131 141 329 546
48 125 426
216 893
86 567
4 16 102 142 183 435
14 62 90
74 147 330 339 598 997
44 201 344 501 817
651 848
3 856
19 151 167 309 325 483 507 686 848
184 624
29 255
292 548
25 117 432
80 282 764
42 310 393
4 351
49 84 369
33 214 286
26 34 84 94 141 642 672
38 473 787
4 9 258 303 512
118 150 233 876
14 55 746
47 89 622
656 864 910
123 870
922 966
43 109 936
9 169 219 310 773
15 78 154 460
18 70 111
17 364
5 29 43
132 210 374
9 60 393 658
175 487
84 123
71 112
6 275
5 35 515 934
282 405
33 100 135 170 429 610
23 37 451 774 977
27 89 97
10 46 126
371 821
729 962
19 70
389 427
60 78 655
64 329 433 673
37 301 358 565 839
2 147 254
31 85 229 470
28 84 383 902
79 477
7 215 394 801
59 801
80 276
143 427
213 775
22 514
324 402 442 521 691 911 940 982
2 71 122 993
760 948
21 943
5 846
33 93 322
99 670 823
13 156 555 656
26 113 236 370 526
157 258 452
50 476
33 135 214 217
11 38 86 126 179 261 743
157 722 723 871 875
7 373 785
869 887
28 34 65 232 910 993
87 489
65 123
260 728
8 69 180 439
16 44 134
38 66 179 499 593
807 931
32 126 307
137 253 373 798
341 944
98 152 398 449
31 719
48 136
132 247 987
100 764
401 883
308 384
39 148 348 524
45 349 577
6 12 898
88 90 114
24 63 132
22 26 56 86 204 525 880 892
87 92 139 941
6 712
111 202 218 719 829
12 53 127 945
66 918
52 245 303 431 905
103 154 876
61 63 908
79 621 962
9 17 176 510
49 61 149 159 238 359 816 827
2 219 606
25 46 279
252 462
33 49 55 112 153 219 250
97 118
68 565
53 334
41 571
92 301
6 116 377 854
30 212
420 446
20 35 78 131
7 68 259
42 684
114 227
156 593
1 58 65 158 357 698
54 378
20 29 35 43 46
59 978
31 43 165 259 553
64 689
14 308 513
59 283
104 145 307 360 781
39 183 867 894
31 150 306 543 714
21 34 718
29 918
331 998
75 156 499
15 151 851
84 229 366 705
75 174 495 531 888 921
12 73 108 143 655 721 825 933
21 535 699
76 95 218 230 234 559
19 79
1 2 58 254 459
114 328 384 675 796
481 939
5 491
130 432
329 753
23 446 555
244 266
16 20 123 245 248 938
15 208 361
21 122 322 368
149 995
55 592
13 516 647
200 248
108 980
115 142 414 424
248 837
1 158 251 265
283 334 396
3 106
25 87 95 281 738
452 548
30 171 338 492
81 746
17 174 801
67 730
816 984
43 146 289
3 21
53 64 113 427
18 27 226 227 299 768
20 379
58 949
64 418 931
162 430
28 486 787
19 686
48 134
49 602
113 879
434 501
35 71 91 298 887 909
52 130 833
20 43 168
24 67 96 969
284 474 635
39 191 363 537 930
27 294 388 461 957
16 75 183 690 838
382 572
50 227
375 750
62 90 110 376
87 271 941
142 866
234 508 559
62 867
10 14 216
52 249 589
43 355
165 355
128 318
13 22 236
69 180 540 688
3 11 37 185 275 604 683
44 326 855
29 48 210
320 325 503 506
19 22 26
8 18 596
116 493
742 929
19 121 189 686 746
12 31 78 309 334 804
791 962
47 169 177
60 242 255 826
269 341
39 253 578 611 806
427 627
6 154 293
9 130
90 636 906
253 269
463 490
152 159 681
49 80 91 144 569
140 505
12 28 64 102 544 554 627
255 783 934 992
33 128 710
4 81 224 364
12 583
48 120 817
65 912
8 45 57 205 616 863
52 842
105 231 254 486 543
46 971
263 292
20 116 739
43 51 747
31 227 456 557
321 423
11 118 192 550 604 712
13 76
101 367
50 485 855 928
378 571
1 23 121 185 651
45 236 255 288 648 763 998
15 545
87 568
18 226 388
510 925
79 290
184 880
29 667
48 311
121 137 399 538
2 196 923
212 724
130 818
2 152 295
55 112 298
133 366 622 666
454 678 884
5 420
64 572
9 82 205 324 551 872
77 109 209 272 465
80 297
404 726
88 623
238 353 948
9 254
148 171 220
15 423
30 47 55 393 642 826
30 91 162 240
8 16 69 183 253 480 882
9 11 82 232
29 717
39 77
61 359
10 511
55 468 936
170 318
54 98 206 605 875 895
3 10 73 78 337 595
279 401 799
8 540
16 93 618 778
31 33 70 94 105 233 431 485
19 121 151 415 538 790
82 619 986
27 127 523
245 696 741
71 78 842
73 815
225 280
249 769
130 153 250 298 313 380 886
1 459
18 27 226 313 440 483 725
174 838
3 45
4 194 561
78 144 285
14 172 538 817
56 118 125 136 214 761
133 177 720
18 97
50 299 529
115 216 235
108 184
68 346
47 228 387
3 45 146 430 509 522
471 496
131 154
304 950
42 808
98 497 757 995
59 174
36 212
61 187
129 947
117 911
174 213
3 36 290
93 110
26 471
312 437
99 179
1 58 979
428 532
12 102 481 849
264 323
92 247 521 891
24 658 792
40 578
24 103 187 792
47 278 632 770 831
401 508
295 440 552 659 841
181 368
25 279 744
34 98 450
108 282
274 291
277 338
194 458 1000
51 803
76 543 743 812
13 79
10 279 654 766
41 602
6 301 371 608
10 32 266 953
15 233 786
54 99 169 328 504 773 850
51 217 296
187 215 267 309 391 507 569 651
4 278
16 128 139 142 199 568 631 999
16 183 216 467 999
12 35 102 190 425 435 713
165 734 828
19 79 121 640
148 490
13 99 162 223 299 623
63 96 103
19 483 791
24 61 63 65 96 210 442 990
3 71 337 816 819
9 539 890
749 777
180 184 518
60 78 600
73 907 933
44 234 408 434 527 855
7 316
28 75 353 974
11 28 84 150 332 502 524 873
58 979
40 677
14 72 487
279 953
126 162
39 67 732
47 160 164
8 21 512 599
50 105 144 207 355 851
462 492
1 528
263 292 665
42 107
137 211 316 319 399 413 471
356 409 513 573 981
27 29
7 156 290 798
462 536
48 56 136 407
82 361
5 120 326 539 601 992
189 614
74 340 351 448 949
30 133 345 365 617 623
1 212 278 345 479 560 728 991
54 91 984
10 24 25 42 61 187 852
333 753 933
406 500 877
141 329 974
8 694 885
9 185 442 986
3 36 286 857
22 26 113 606 822 879
126 368
83 607 782 988
13 318 485
160 748 896
30 36 259 346
104 145
28 158 348 912
59 192
115 867 985
31 161 670
4 17 30 103 187 794
517 664
84 189
77 693 930
7 316 391 464 927
164 199 249 271 589 953
166 699
4 327 808
154 482
27 97
15 140 269 554
3 4
75 248
63 96 284 658
6 707
20 557 739
263 274 291 665
28 81
15 188 395
389 756 836
21 166
190 530 666
36 47 89 164 177 949
101 343 727 797
246 656
107 812
192 435 888
128 214
41 61 63 132 749 840
172 983
72 151 167 215
86 236 288
14 42
649 865
771 783 869
14 92 438
93 354 422
12 740
91 276 312 313 709
9 872
152 731
226 294 768
519 528 717 776
76 310 328 836 850
35 830
261 443
58 519 733
115 235
526 715
26 167 288
6 158
83 110 907
36 47 164
17 343
724 996
2 320 667
7 48 56
157 291
38 39 145 398 473
181 738
89 133 666
5 124 668 887
60 429 581 649 922
157 452
77 669
287 570
23 96 332 488
79 121 157 320 325 428 597
57 115 330 414
497 945
57 350 386 574
193 715
424 584
54 147 207 681
122 595
151 295
33 51
33 80
4 17
8 503
59 75 268 283 921 978 992
15 200 237
58 67 459 528
5 43 124 634 890
37 375
21 441
160 832
29 168
25 248
4 894
33 100 276 411 761 882
25 924
11 20 37 92 116 284 418 683
77 100
22 297 822
143 239 517 544 982
475 796
155 559
51 80 276 297 581 764
7 34 55 94 462 534 902
69 108
110 906
26 588
153 212 270 448 840
41 61 145
46 829 952
514 711
85 344 406 500
21 512
6 20 35
131 241
32 155 296 362 522 558 630 654
364 612
174 192 268 283
67 83 186 217 772
1 28 67 81 211 428 463 492 502
2 16 40 758
28 34
449 467 677
547 875
12 157 481 639 685
111 505 664 802
234 335
148 591
2 571 662
31 66
77 272 367
15 33 285 289 395 680
6 93 104 147 185 219
169 629
13 33 51 87 128 139 236 630
152 360
36 89 119 479
173 670 896 928
161 167 175 417 621 833
167 394
40 235 361 414 611
30 89
12 389
60 73 122 653
57 405 613
214 217 257 297 581
10 66 511 531
424 806
41 270 765
6 23 474
17 194 264 730
18 32 94 95 181 244 604 942
205 349
32 182 223 563 582
541 960
26 173 758
21 469 549 657
12 106 143 433
14 120 382 585
42 170 447 735 828
110 172 541 636
9 24 969
115 142 341
289 466
2 98
9 39 77 82 304
287 644
563 774 824
46 47 68 74 91 224 728 831 919
65 178
282 596
1 58 97 119 331 528
4 9
79 406 819
50 99 231 755
12 342 396 433
88 93 273 325 494 779 914
275 371
109 144 228 440
42 312
19 30 47 74 133
325 646 927
350 980
26 370
36 118 133 374 500 778
68 762
208 540 624
281 397
40 480
53 64 106 352 396 687 756
5 23 35 242 255 425
59 192 268
257 258 452
146 155 314 423
37 204 222
5 53 740 836
309 320
59 119 213 268 704 706
589 645
5 20 35 43 410 643 696 934
19 71 121 152 176 731
87 631 924
114 123 870
121 843
20 679
1 203 204 576
1 108 493 527 761
263 314 395
19 978
83 90 110 172 682
307 600
38 165 292
72 161
19 44 415 464
44 136
1 156 446
383 873
69 377
49 256 271
32 266
24 71 228 256 943
23 137 144 167 358 505
42 281
2 19 71 354 592 765
3 183 506 575 657
66 223 240 486
4 194 988
49 54
8 69 508
12 106 127 239
107 675
39 559 797
9 12
137 144 790
13 105 463 704 719
448 705 959
837 923
16 31 42 455
7 104 125 592 697
9 53 82 117 208 239
89 164
59 800
330 439
37 138 650 720
411 859
48 56 134 136 311
146 201 466 509 632
77 101
2 62 198 237 422 985
