80 449 564 580
18 27 54 147 922
11 61 114 144 205 399
130 173 314
21 589 779
149 339
13 961
16 115 163 420 611 881 919
12 140 465 472
30 506 534
38 306
45 129 383 609 647 650
104 270 575 603 681 827 875 995
12 13 36 179 195 316 826
26 113 204 370 376 892
7 709
49 258 795 817 831 845
9 462 486 792
5 90 274
20 142 286 371 558
11 73 131 154 182 895 968
4 59 75 888
22 26 153 567
103 359
240 623
225 982
43 124 741
156 194 804
3 205 575 616 762 998
6 11 104 138 222 414
80 110 214
3 7 45 575
9 258
113 892
43 771
20 29 255 515 717
228 672 707
29 43 242 926
20 28 90 150 242
305 367
87 924
11 37 185
14 900
53 334 687 701
89 453
67 69 80 714
217 315 411
599 699
10 79
67 776
240 412 565
61 125 736
160 286
37 712
13 77 101 264
39 77 264 316 323 433 763
597 925
40 115 806
54 735
32 35 271 384
129 308 384 889
79 137 267 506
27 325 394 417 686
59 213
137 151 179 503
39 367 399
352 435
36 530 556 598
243 508 638 953
79 464
82 955
16 54 254
38 256 476
25 32 690
68 406
5 59 168 283 379 579 992
811 856
49 54 55 112 207 228 501 722
109 130 262 406 760 986
10 32 95 508 531 744 874
50 70 85 105 181
10 25 95 266
28 148
83 607 839
23 66 91 242 436 684
54 757
15 255 943
557 747
350 659
72 175
88 367 884
39 138
183 269 341 409 513 795 967
131 974
2 354
69 319 330 478 704 820
394 563 668 930
24 127 140 190 206 373 481
9 16 216
18 90 110 331
36 47 52 356 406 619
26 327 666 711 754 796
13 431
74 78 703
25 335
31 63 103 523 908
3 45 386 478 742
415 485 927
14 109 128 273 337 369 597 824 935
30 65 85 89 177 229 259 429 500
4 17 199 219 566
175 247 487 975
150 277 344 390 428 700 848
59 268
15 289
5 35 245 307 468 668
9 16
23 375 474
60 78 825 876
260 867
47 351
291 639
50 823
10 335 368 558 559 886
69 184
38 50 165 420
240 430 660
76 983
123 458 516 768 991
24 359
59 567
4 336
109 360
39 163 272 381 465 763
1 111
281 837
59 75 174 213 978
19 79 309
172 190 513 760
70 165
116 914
127 477 934
570 704
166 317
410 579
471 621
152 270 875
199 645 861
24 61 96 292 452 658
63 235 509 796 880 974
102 111 497 756
13 145 460 543 759 860 995
70 282
454 532 994
4 12 988
41 98 109 112 385 482 815 816 951
19 167 723
46 89 262 269 283 289 321 798
86 236
22 388
19 428 538 569 851 885
172 590 612 808
26 75 115 123 134
5 57 83
105 139 233 437 634
7 215 267 507 692 745 785
3 421
182 195
64 389
41 54
4 63 336 612
61 210
30 125
22 34 288
1 376 541 867
266 550
21 494
57 730
1 170
62 725
16 40 53 115 166 341
35 302
76 120 173
47 479 637
4 9 284
56 117 174 492
5 890
5 20 29 35 491 542 741 938
233 902
518 574
567 822
295 325 507 691
13 68 244 346 366 832
39 77 101
9 818
175 460 865
125 248
6 33 68 189 572 881
6 138
389 539 664
154 363 430 774
68 198 246 483 924
7 16 19 183 215 290 387 640 753
11 27 37 97 443
4 17 21 303 343 466 688
24 65 270
187 359
77 191 669
18 461
96 561 649 753
21 23 163 371 599 650
143 802
47 74 133 229 257
8 259 350 688 912
37 683
7 586 775
1 519
497 740
68 107 212 224 470 504 728 832 958
171 444 912
198 422
25 99 179
2 147 152 196 602 847
41 91 254 298 313 731
34 937
12 137 144 295
505 544
127 140 190 700
476 787
181 654
46 397
36 260
309 785
122 141
6 371 451 604 650 707
20 43
6 11 37 111
151 692
44 366 708
9 294
35 491
75 192 268
124 173 846 887
3 30 58 171 414 504 738
269 611
8 330 377 441 458 493 935
90 494
55 147 585
33 51 135 217 710 859
47 291 548
7 320
24 64 96
21 929
66 99 577 857
45 142 216 578
87 139 271
9 66 89 432
154 582
64 106 143 756 849
20 512
73 122 653
689 804
202 231 402 443 945
44 236 287 364 373 487 832
47 68 177 200 345 448 622
42 45 76 107 310 812 884
25 46 155 181 508 560
318 973
79 243 297 651 843
4 65 94 194 603 873
101 671
27 167 695
128 253 298
126 235 244
586 651
58 265
566 861
30 36
98 176
67 90 618 782
72 987
130 442 818
34 240 430
11 23 37
184 390
232 976
17 33 51 214 887
72 161 247 436
12 64 106 127 206 404
78 99 974
78 993
77 101 192 251 338 829
87 271
15 977
185 275 821
9 324 748
14 24 412
82 773
58 834 979
53 281
1 2 104 149
283 288 588
423 748 841 896 959 964 989
47 357
14 734
4 75 164 215 314 800
12 24 61 63 187 352 849
26 96 315 822 859 922
51 80 315 920
5 20
252 490
41 148 966
96 210
78 285
61 103
12 70 155 255 302 726 960
68 278
120 696 898
380 501 932
35 43 272
47 68 166
87 941
33 67 96 155 365
4 17 174 513
14 544
15 147
25 362
83 983
257 315 922
22 49 91 120 149 827 868
5 17 351 857
32 157 263
9 104 157 225 911
28 192 268 348
37 138 720 954
9 49 82 99 117 397 635 747
52 329
19 79 121
10 324
32 513 560
237 466 475 680 792
6 185 275
1 305 381 465 673
28 347
20 43 679
796 808
38 66 300 973
60 62 410 601 680 858 968
8 518
483 621 676
11 23 163 185 358 486
201 666
375 683
21 317 535
381 552
3 97 294
4 30 74 85 728
139 249 566 568 769
195 322 337 782 985
72 92 436 987
37 102 295 369 534
20 29 245 846
96 291
7 355 478 639
370 754
105 446 543 633
73 78 165
77 288 606 780 814 936
114 123
86 135
60 73
60 112
174 554 811
27 47 85 107 108
1 145 152 237 289 781 967
229 244 446 530
37 46 445 923
31 529
25 155 218 515 950
550 604 608
24 132 585 631
137 290
7 103 156 290 495
97 282 751
102 492 517 845
52 304 653
84 233 536 698
124 156 231
4 5 102 128 194 560 948
216 235
80 170 217 581 828 899
56 119 311
41 758
22 26 288 467 715
150 220 502 814
515 926
22 53 70 156 209 476 564 807
172 779
87 249
18 34 92 203 226 864
28 348
1 186 219 549
58 482 998
359 777 990
7 122 137 141 285 293
32 256 816
3 24 45 63 91 183
7 297 320 729
171 403 467
95 230
16 142 341 480
25 169 475 531
42 107 161
24 153 183 256 451 542 892
270 520 781
129 340
8 184
267 464
60 195
105 456 620
104 262
127 143
20 216 352 472 613 819
7 276
74 278 345 448 642 724 772 919
205 330 427 496 933
55 91 149 238 307
10 181
19 93 172 488 541 685
40 119 159 227 850 904
258 548
2 22 56 136 468
144 151 302 790
6 37
8 527
36 346 642
12 41 64 88 106 178 627 703 920
178 252 338
17 505 807
201 530
92 436 649
3 177
622 770
11 332
21 53
319 624
507 848
878 879
39 472
4 48 70 134 168 181 261 534
14 209 380 855 918
499 564
188 321 758 896
246 486 732 788
182 246 897
167 697 765
6 72 134 312 484 521
27 58 311 616 809 981
211 524
21 416 929
62 83 166 895
2 41 52 149 295 378 402 770 927
202 273 279
8 133 512 599 857
13 50
187 969
77 319 998
212 259 644
725 789
279 837
162 660
49 69 108 119 220 221 308 898
578 759
75 267 801
30 156 278 949
290 962
277 357
114 450 510 636 686
15 36 99 346 466 627 715
117 304 527 950
173 314
224 260 346
265 657
10 126 200 248
117 418 819
42 169
35 45 337 392 575 887 944
124 515 783
5 251
135 761
26 121 144 373 417 569
102 404
18 28 30 341 428 690 793
66 187 276 548 568 727 956
190 409 689 714
12 140 295
243 248
223 260 374 617
12 317 404 572 965
32 126
30 36 85 160 177 260 598 949
92 460
55 98 572 681
10 77 230 691
84 94 383 536
289 293
157 243 274 382
2 54 71
161 437
49 840 909
2 91 112 444
175 521 975
394 440 843
99 416 810 862
2 250
2 126 219
154 546
1 407
159 307
64 95 97 670 900 963
239 334
30 160 303 366 754
104 115
416 431 435
41 55 112 256 340 533 592 789 997
66 917
78 131
390 439
85 374
379 477
137 825
11 565
259 278
5 468
94 574 772 805
55 130 159 956
246 780
67 101
93 198
261 522
253 611
81 672
72 975
69 126 914
340 706
22 711
50 594
62 516 636
129 570
292 585
30 345 556 724
211 314 392 395
17 31 38 355 620 794
26 879
364 853
81 457
16 73 329 883
24 404 904
162 223
6 11 50 63 86 334 485 752
49 130
108 118 158 211 261 524 786
10 144 189
40 414
3 42 177 785
486 918
21 22
50 734
1 58 67 103
3 39 101 238 367 669 856 952
121 316
192 283
45 101 401 930
44 204 225 651 791
10 32 75 434 943
89 470 479 632
15 496 509
29 120
258 665
169 596 613
86 208 254
1 175 580
9 32 130 852 940
49 145 298 647
13 179 555
7 19 129 140 290 309 538 978
148 462
17 336 649
44 120
188 331 591 803
60 131 141
69 624
13 31 50 105 142 231 246 253 755
19 151 804
43 369 410 890
332 821
131 623
253 414
75 268
114 996
19 216 480
1 164 345
87 199 375 589 645 769 924
2 19 59
54 378 997
344 501
40 122 866
1 46 91 382 471 499
24 61 98 176 210 227 658 777
234 799
162 310 498 675 824
29 184 679 957
2 153 533 784
96 908
57 350 518 942
41 697
19 49 144 176 621
22 153 262 313
60 73 684
59 62 110 494
8 57 386
92 716 746 891
47 89
112 114 123 153 176 298
17 175
6 11 37 301 718
371 590 963
4 6 192 283 286 800 838
9 52 117 432 833 905 991 996
2 98 369 387 760 765
34 84 150
82 117 818
13 87 227 552 577 862
64 111 206 740 931
22 236 360 514 659
816 970
46 279
199 249 589 631
23 301
51 170 411
8 46 574 854
89 133 245 318 813 831
364 661
5 29
62 387 422 488
52 82 83
53 239 342 352
9 52 442 982 986
12 66 70 473 537 620 643 732 928
58 958
6 15 146 163 222 358 635 670 793
317 898
74 212 406 419 448 877
279 738 874
10 88 812 954
58 540 834
74 87 134 179 215 249 310 638 719
7 34 150 672 902 968
2 547
21 166 432 535 699 812
33 296
26 193 204
412 563
207 458
45 57 377 405
197 251
44 55 434
57 92 175 484 487
110 198 618
131 272
28 34 65 138 142 245 383 801 961
71 254 328 547
526 551
42 63 103 132
1 791 851
80 135
15 237
27 406
13 31
202 218 869
29 187 304 481
48 206
751 763 1000
418 572 802 931
29 43 124 553 739 771
53 352
34 148 171 233 463
1 3 27 250 254 337
969 990
74 365 724 762
73 195 582 653
12 102 140 206 389 433
88 682
1 48 56 134 158 459 752
250 936
173 395 748
238 469
189 403
57 69 282 439 854 863
59 116
6 95
10 58 285 368 531
126 176 291 993
60 232 273 333 595 829
257 615 630
69 405
8 160 183 311 345
131 495
365 561
89 598 728
232 601 721
84 100 358 438 806
2 43 228 667 842
27 203 768 939
131 200
209 743
34 65 338
10 53 314 392 423 959
33 248 296
128 177 224 378 448 622
6 413 443
9 82 225 303 432 551
78 82 122 400 683
40 81 115 293 577 578 586 759
20 35 151 477 830
476 543 593 788
326 545
31 66 227 355 552
147 641
102 113 427
5 35 161 214 305 425 883 992
415 719
40 129 573
74 125
65 81 698
28 65 84 148 277 353 444
16 115
138 625 797 905
33 630
56 136 300 356 981
60 815 826
13 92 299 489 734
18 192 283 814 941
40 76 731 866
41 997
25 95 155 638 690 916
131 285 753 826 883
289 495
76 107 504 694
15 56 234 388
8 22 26 204
543 755
53 143 190
83 93 766 839
61 132 210
2 98 147 219 360
304 905
186 834
330 394 439 493 567 820
41 71 104 219 369 514
2 146 582 838
23 185 526 720 821
8 20 255 680
5 433
10 57 829
40 221 235 535 687
20 34 255 302 539 579 591 783 869
167 215 962
171 357
3 49
22 86 588
7 417
5 28 33 170 217 447 593 667
17 31 207
1 8 878
488 494
210 272 749
10 51 62 162
31 73 122 182
135 162 774 824
160 498
3 79 137 144 316 325 640 677
81 106 110 113 799
224 500
72 312
39 132 588
17 612 673
4 8
5 739
15 42 160 169 374
8 60 108 184 393 583 684 723
328 695
8 146 169
835 989
43 739
198 212 479
10 31 44 127 522
4 17 217 853
18 119 226 331
671 783
16 112 209
16 115 727
35 52 872
41 840
440 464 471
179 244
20 28 118 150 158 171
9 266 304
25 78 92 655 976
25 149 228 353 468 571 784
14 326 628
34 309 357 363 505
21 110 1000
54 71 755
1 247 464
23 48 55 211
251 532
1 21 33 101
3 215
233 864
11 275 948
14 45
90 322
31 59 165 485
5 29 35
208 214
16 48 125
15 495
28 685
55 228 250 258 274 592 697 731
120 438
25 292 382 522 560
43 62 122 239 418 583 664 701
23 163 222
42 76 327
48 125 155 248
12 21 53 106 220 481 583 951
113 323 711 730 767
141 302
81 93 403 881
38 288 557 656 903
219 254 354 449
7 108 121 137 842
180 596
19 290 421
50 52 61 82 349 512 608 702 733
121 517 590 627 713
11 23 222 604
8 132 303
55 100 764
49 54 71 91 147 207 298
202 234 363 397 401
110 554
25 328 511 850
227 918
34 65 81 84 148 178 189 211 746
8 108 820 863 980
3 159 546 939
14 120 174
84 937
73 393
31 580
18 28
83 108 312 716
3 742
4 17 70 194 220 536 747 988
177 223
55 298
353 970
10 25 32 46 126 181 218 558 594
33 100 498 761
42 76
18 84
197 265 454 532 657
98 757
8 32 57
81 84 150 252 591 594
56 136 947
21 24 229
704 889
20 555
167 506 729 904
26 113 204
34 65 158 457 910
455 981
34 44 344 380
23 37 275 474
6 32 114 372
33 88 182 393
30 36 89 286
51 188 196 296
674 764
24 885
118 375 746
16 253 341
16 85 115 395 520 584 944
59 75 137 174
7 41 79 87 106 391 710
240 412
100 128 318
9 52 63 96 103 105 280 749 940
115 205 349
263 382 925
151 189 373 391 805 913
22 55 109 250 868 984
9 117
7 16
25 39 58 399 456
24 61 990
17 988
21 100
22 28 32 237 529 790 941 946
44 139
29 43
3 265
372 906
68 97 626 705 813
109 936
201 949
19 139
28 118
6 163
212 312
18 62 218 678
2 28 153 449 784 836
196 868
91 104 262 450 701 875 928
519 528
22 70 113
36 74
63 132 194 702 717
133 231 272 446 897
7 421
18 27 97 203 226 331 461
14 44 111
48 445 947
110 198 239 453 766
20 35 382 491
27 136
112 450 709 909
2 109 765
7 57 69 142 180 483 980
28 172 403
2 34 166 193 721 722 737
12 57 64 111 184 330 396 756 845
240 301 336 726
125 311 445
408 888
117 595 916
13 810
222 332
77 305
3 56 241
11 170 276 297 318 682 910
64 69 146 587
152 395 989
61 96 717 835
21 794
128 828
29 35 491
26 119 211 252
66 897
15 17 27 278 315 318 517 762 807
102 208 342 544 687
6 57 527
22 526
4 26 37 143 152 689
10 95
12 134 136
18 27
194 343
89 632
29 242 553 643
3 193
14 121 144 434
49 532 715 836
43 337
30 224
25 339 354 546 876
153 354 827 956 970
5 35 609
18 915
139 397
59 213 374 775
188 659 841
13 284 499
58 67 528
93 882 985
50 174 408 736 921
12 34 83 158 422
39 930
94 457
138 185
15 85 310
36 82 470 632
287 340 385 573
246 719
25 32 273 401 696
24 241
328 342
99 593
44 817
654 928
10 101
191 797
75 213 268
122 333
41 339 441 847 871
94 786
33 51 214 447 859
51 63 331 452 969
73 122 400 655
8 29 35 124 180 439
9 303 563
157 741
75 81 84 118 492
157 913
173 188 314 767
128 899
7 79 399 745 843
8 60 73 78 293
88 372
36 212 877
54 417
6 809
38 50 71 179 847
13 580 743
270 378
121 320
28 67 148 688
263 274 440 510 893 913
128 170 447 610 973
116 258 291 540
87 769 861 871
1 58 67 776
11 474
94 150 524 873
51 79 370 605
722 758
316 325 366 471 586
123 870
46 55 78 180 181 234 244
5 105
38 473 525 633
386 880
19 39 72 75 308
23 163
5 20 400
26 86
93 132 222 347 545 661 873
76 145
26 733
36 201
140 190 544 849
88 322
241 480
111 221
301 590
584 813
6 275
75 192 408
52 442 972
129 418
111 713
65 81 189
60 306 552
34 148
19 34 55 68 243 589 601 718
142 143 220 398
40 142 361 480 727
51 276
24 53 64 127 673
30 365 529
85 164
415 503
15 102 196 201 230 562
47 133 466
115 511 944
13 31 38 66 299 917
39 77 381 797
21 205 320
48 56 119 125 446
62 105 136 376 625 787
8 52 280
510 685
4 17 343
8 38 252
119 356
30 82 130 280 393 442 869
170 276 661 966
268 801
5 302 313
321 392
9 14 44 326 413 708 844 855
389 954
40 253
16 467
6 65 116 180 343 378 525 808
31 823
512 963
31 420
145 313 605 678
66 732
197 389
56 134 241 407
164 191 576
199 326 579
372 652 906
41 71
164 223
8 52 57 328 377 559 624 675 854
182 285
136 241
12 945
90 97
196 313
33 46 118 148 505 539 549 618
204 899
293 393 482 665 933
263 665
182 255 934
30 90 122 229 365
16 43 489 539
23 27 63 132 187 267 282
68 108 882
26 49 98 147 193 385 699 879
42 82 169 695
534 798
36 60 98
307 757
149 158 178
71 909
44 434 438 901
606 901
82 663
7 64 239 309 640 663
8 319
87 139
458 725 870
421 745
7 19 117 646 694 835
16 40 424 866
80 100 217 384 803
40 235 291 452 639 787 805
68 617 642
257 274 294
447 920
11 37 301 750 961
221 570 889
13 22 547
155 159 202 738
194 853
425 641
383 459
81 178 211
47 98
123 516
69 108 169 327 377 882
14 120 585 733 900 932
15 146 267 676 962
49 519 533
83 90 541
9 14 438
17 154 285
72 161 521
38 577 600
15 269 361 424
15 74 146 419 496
264 593 770
62 793
4 17 33 54 614
473 856
199 271
178 463 648
106 127 206 208 646 837
64 117 619 982
1 67 528
42 80 107 475 675
20 29 31 133 325 405 444 967
15 146 496
197 469
281 545 647 708 782 926
37 284 371 443
3 440
195 815
409 455 662
4 364 655
18 27 97
39 77 101 472 693 894
10 58 200 594 744 852 942 979
29 145
48 134
266 425 862 874
94 233
5 186 242 830
23 195 662
65 67
489 768 894
334 342
128 615
42 107 327 475 629 773
56 129 134
13 66 227 265 306 789 995
86 92 175 312 487 521 987
42 76 310 629 773
128 710
602 616
12 102 208
114 870 991
46 114 123 441 537 562
108 247 557 573 781
119 455
119 129 573
97 210 305 723 851
85 133 218
3 45 742
25 46
2 41 145 231 571 726
22 27 97 157 203
32 315 485 550 654
14 855
54 153
61 63 720
26 92 387
274 292 402 510
14 400 546 933
3 251
379 542
185 522
37 165
59 894
236 878
106 122 141 154 293 333 400 721 780
9 130
568 645
467 584
619 872
135 740 955
626 637
203 224 332 363
525 557
94 631
165 350
228 334 396 535
180 377
110 263 761
46 971
14 901
57 116 292 527 548
41 54 196
155 230 971
405 880
264 381 693
93 172 364 376 453 488 779 839
19 44 79 101 121 143 373
64 469 657 994
44 164 271 326 419
111 223
60 141 232 329 333 858
51 257
203 294 939
5 713
36 500
103 132 210
53 523
88 778
202 335 398
674 876 916
191 398
49 55 104 153 865
1 204
62 172 772
183 424
76 327
47 89 561
50 281 886
1 29 245 519
9 663
96 157 925
11 23 451 459 474
145 490 860
83 93
66 88 93 110 372 390 778 908 985
9 551 833 940
65 94 220
677 951
103 300
6 48 407
3 109 360
104 256 603 871
56 152 354 407
131 141 154
2 63 112 203 292
11 14 36 149 259 694
39 730
99 231 473
22 26 86 193
18 583
2 16 39 142 269 584
33 214 216
44 120 545
392 964
69 556 921 952
71 80 297
6 23 36 138 261 451 565 952
59 398
213 978
39 77
33 51 257
167 617 977
27 294 915
53 523 664
137 709 729
73 188 395 423 964
16 40 225 269 999
62 110 907 915
57 116 282 540 574 605 613 935
10 511
465 671 693
4 181
20 668 771
87 139 249 271 566 669
27 247
21 26
123 441
45 349 825
26 86 126 370
45 528
14 18 29 461 576 844
47 95 362 368
77 191 226 264 626
379 565
91 196
1 459
4 308
13 38 70 99 165
188 321
3 45
1 979
42 71 99 124 151 182 221 322 890
25 95 155 213 234 799
173 321
114 141 482 516
93 800
6 11 107 162 313 367 623
71 569 600
80 130 152 164 416 533 541 681 910
150 277
18 97
24 48
106 208
108 184
65 84 171 299
5 40 634
32 275 490 508 587 942
2 70 306 547 743
54 91
11 138
79 151
61 187
18 280 353
322 453
218 230 324 852
94 383 457 462 524 562
60 73 119 386
563 660
2 449
105 300 810
61 63 112 187 348 777 792
35 477 634
284 375
80 411
68 201
280 324
7 41 91 152 176 238 304
160 174 838
67 186
21 86 184
52 230 296 401 923
185 410
139 844
78 333
18 27 38 388
12 24
64 945
51 429 498 581 630 803 966
3 19
33 106 208
11 23 885
972 986
39 89 229 323
19 121 391 946
14 344
71 287 340
244 914 971
143 221 396
85 312 346 571 705
47 500 561 891
43 124 542 641 957
6 261 635 750
7 84 118
569 790
279 953
4 17 47 380 766
87 568 656
386 493 540
156 227 355 499 581 788 823
140 172 427 637 906
113 236 514
4 70 111 559 607
90 809 1000
154 232 329 674
12 114 481 554
12 53 190 212 907
12 24 102
27 576
279 362
20 124 168 425 609
504 629
45 349
2 159
109 159 385
48 243 311
15 146 151 207 289 676
95 484
197 454 994
20 43 300
76 229 850
48 56 134 136 311 445 947
30 74 133 144 278 351 366
83 88 652 682 778 983
124 864
30 374
116 282 319 518
2 149 270 478
15 20 29 61 146 938
48 56 511
286 419
34 81 178 348 363 614 937
348 462 549 786
15 27 388 509
231 300 555
112 602
48 125
114 123 470
161 484
463 492
15 103
96 359
18 161 266 294 437 460 576 751
16 865
19 80 135 338
32 362
42 136
178 199 200 888
230 578 806 893 999
80 100 214 426 848
56 241
53 221 404 433 703 858 965
13 109 156 165 179 209 431
28 189
8 57 69 76 262 266 350
21 166
1 17 100
62 88 201 595 625 700 819
13 23 31 38 58 209
67 305
118 252 502 537 562 648
15 237 903
44 86 277 338
7 14 21 49 200
48 774
520 737 840
3 127 140 497 554 836
320 506
68 357 479
29 69 116 390
24 63 123
32 126 281 287 301 368 587
19 503
135 170
58 186 191 736 776
13 260 387 980
121 180
72 92 247 437 891
10 46 744
7 13 167 791
379 846
250 385 943
896 959
17 336
17 343
14 66 100 107 461 501 507 523 958
167 415
2 948
107 136
78 553
43 55 116 147 842
52 402 551
127 133 206 714 802
145 238 592 677
117 237 509 977
10 46 48 183 273 306 559 587
38 435 550 841 976
42 749
8 160
12 42 162 223
339 737 984
33 51
53 59 960
78 582
28 34 65 94 158 403 463 902
21 895
2 109
37 81 158 347 351 614 648
22 193
28 84 549
85 164 831
35 43 168 553
14 50 355 628
239 435
29 168
25 248
296 426 615
6 23 712 750
6 284 405
35 120 830
514 822
66 555
226 388
33 276 828
26 72
76 380
25 39 335 531 923
30 52 225 280 833 921 950
49 186
40 183 235
5 702
74 224
104 207 307 597
28 277
35 361 592 911
31 79 456
308 591
1 11 67 186 222 716 817
5 45 166 205 538 912 929
119 409
23 358
30 133 705
413 628
411 429 764
36 118 347 502 938
308 570
219 490
22 113 297
71 98 152 159 339 571 984
13 456
1 186
168 718
157 263
38 692 872
31 656
72 92 264
31 38 50 76 94 299 344 633
141 232
30 31 36 98 100 177 259 530
25 32 368 397
104 154 520
28 233 558
11 37
54 74 176 207 228 238 256 489 517
129 384 644 752
86 97 288 323 398
18 62 74 90 99 607 917
19 162 299 401 430
205 349
125 245
3 85 197 213 317 670
12 111 960
13 31 99 452 525
4 273
503 608 686 798 927 946
93 376
287 356 455 706
362 907
220 310 347 536 537
197 454 469 678
5 884
64 242 342
23 249 707
101 191 272 323
86 370 526 606
795 811 903
106 143 427
71 176
21 82 232 391 652 996
37 138 284 658
9 691
42 70 105 156 209 299 420 431
396 965
135 426
116 596 863
50 156
46 234
100 217
32 126 202 218 234 281 335 706 886
26 102 113 118 236 306 329 767
116 180 493
10 83 93 867 953
216 361
11 23 332 698 712
58 59 83 88 90 198 775
56 168
51 73 223 226 424
934 957
14 44 75 120 121 408 794
20 679
47 103 351 556 666 877 893
296 426 735 993
32 95 358
307 600
643 696
77 95 130 324 955
38 50
72 161
18 27 226 422 636
19 295 483 538 646
51 100 429 610
287 384 428 644 662
413 932
70 105 135 564 581 992
396 497 931
18 72
16 40
225 303 402 972
107 169 502
286 919
9 251 265
4 10 17 24 33 67 297 610 735
15 356
353 360 450
16 45 999
309 394 399
46 200
40 361
118 168 171 860
3 103 132 173 423
215 391
12 42 261 529 667 911
113 193 588
