15 168 697
37 111 175 210
126 159 581
169 239
110 157 189
45 181
85 102 172 214 970
9 99 121 221
213 289 594
54 599
308 309 312 812 906
2 82 229 459 511 609
111 390
36 580 621 678
376 379 885 1000
101 941
35 164 453
28 247
34 48 77 289
11 55 352
10 36 57 572 870
236 937
99 530 558 889
71 384 910
155 528
109 532
324 487
45 665
75 146 241
50 70 311 587 906
150 411 491 501 755 994
27 34 39 62 289 324 493 860
22 295 483
20 799
20 200 320 604 758
823 840
3 389
278 395
303 689
27 67 498
56 99 166 218 775 919
59 119
204 262
9 143 408
40 202 264 498 868
24 296
18 44 103 172 387 548 596 647 927
133 171 318 755 779
396 544
10 279
24 87 116 378 470
13 47 51 141 313 861 980
62 118 886 972
386 488
56 996
178 438
443 873
152 254 370
190 474
51 99
330 559
153 160
860 868
54 119 681
11 286 728
320 343 658
108 127
20 313
59 227
24 164 394
42 192
257 283 404 625 807 983
129 276 844
18 191 249 625 744
38 85 116 376 379 625
109 205 325 857
169 210 602
236 349
60 147
17 24
23 41 137 355
505 548
22 88 125 328 365 483 649 816 859
105 215 398 925
18 172 191 675 783 901
14 53 297
16 832
91 765
68 261
41 745 749
30 33 92 106 145
29 216
183 359
164 362
86 367
102 128 720
90 132 342 795
2 112 130 992
141 980
45 990
60 690
302 422 909
518 624 856
194 298
53 503 540
60 387 414 505 932
182 256 333
52 103
234 407
43 912
192 660 916
43 138
211 213 247 377
94 412 450 584 588
507 538 572
7 402 563 727 757
39 48 62 264
1 7 15 78 694
100 559 670 730
90 183
18 181 364 385 418 605 619 783
62 317
88 98 327 349 582
10 460
22 63 123 165 188 739
55 237
12 51 79
174 401
58 137 162 745
47 51 60 87 131 916
40 146 213 426 993
18 45 127 191
161 198 780
43 95 166 892
252 692
18 48 74 122 168 481 668 772 842
4 607 872
84 950
85 133 374 481 672
5 20 65 93 242 343 368 512 567
653 764
6 81 145 263 654
31 69 101 105 196
29 140 390 688 877
34 40 317 792
101 463 817
18 126
49 472 970
225 731
36 941
110 157 252 607 646
1 29 79 216 375 936
135 407
44 934
157 881
45 65 246 693
89 428
13 31 49 141 169 184 541 960
2 333 479
4 19 63 295 476
17 44 85
45 79 168 246 407 887
178 265 367
177 268
7 216
35 37 449 652 858 869 972
422 447
340 667
55 57 197 362 409 534 557 680 776
37 117 118 277 661 737
6 32 381 523 536 674
16 190
130 187 387 859
41 58
19 149 847
150 164 305
153 190 321
409 640
44 159 172 431 648
99 121
5 268 724
177 567
20 343 663
127 175
12 91
189 292 604 702 854 947 979
62 67
151 459
5 20 38 368 929
97 715
310 536 683
347 582
54 734
8 121
94 840
9 76 131 706 967
99 166 219
17 18 939 952
11 106 156 572 678
2 166
22 115 673 798 877
145 964
56 659 835
5 20 65 200 242 301
84 116 240 296 330 378 401 920
235 575 645
52 461 760
109 215 280 398 540 614 799
26 363 899
14 965
90 444
71 285 641
56 253 317 383 434 515 559
159 259
42 45
14 606
23 49
50 253 811
3 179 203 304 729
331 858 900
215 496
118 356 631 740
377 686
166 422 895
78 248 338 751
26 62 146 337 521 899
87 557
56 296 599 602
49 169 258
27 75 804
772 978
37 157 424
59 80 226 863
87 218
16 251 314 415
71 103 136 667 759 947
274 754
115 698
50 69 124
46 87 116 434 601 928
6 182 629
107 270
422 458 510
107 677
138 184
36 101 373
68 384 421
126 444 464 957
95 274 951
55 110
16 122 140 683
38 943
15 507
1 42 131 768
13 749
77 213 777
116 174 434 628
184 564 691 747 850
119 363 607 866
27 56 161 202 241 264 267
201 499 863
11 272
145 849
8 54 59 150 227
161 365 420 813
319 469 490
145 156
125 238 815
523 752 896
46 83 92
53 61 779
25 34
72 197 558
25 243
142 268 290 940
432 471 509 763 817
283 412 595 986
49 714 969
17 90 259 409 430
97 482 603
148 334 528 841 957 968 985
3 82 203 410 902
148 160 400 803
156 409
35 82 417 888
8 59 119 657
99 931
23 75
61 232 451 568 579 742
348 561
419 471 618
97 140 397 530
6 29 590
75 264
68 280
8 47
14 429
363 879
35 132
20 55 167
42 208 390 656
270 373 457 487
159 259 647 726
273 414 650
22 418 492 586 655 882
17 259 266 335
13 118 141 737 869
72 678
5 20
18 59 214 759
755 911
348 887
388 770
202 264 974
41 141
55 72 81 197 199 222 287 845
18 298
25 74 605
110 252 788
58 524 752
60 147 622 894
119 148 219 480 527 960
42 182
89 153 218 306 391 393 495
242 268 438 658 972
220 599 949
121 385 892
62 161 637 666 792 806
280 778
66 142
46 92 95
142 178 367
47 51 445
102 190
77 212 513 696 860 899
174 839
157 607
12 163 180 329 429 452 903
3 52 68 98 118 217 373 478 983
44 472 516
9 94
189 225
21 305
9 350
4 257
25 73
302 620
1 96 243 372 421
114 527 537
277 795
1 216
12 69 389 915
77 146 212 267 330 981
148 155
9 326
413 724
55 830
43 138 195
9 221
198 987
124 137 159 233 297
281 732
9 546
183 809
144 180
27 34 39 161 193 585 708
6 20 287 509 529 639 848 974
252 569 872
30 819
400 480
100 186 638 996
129 183 648
1 22 61 123 126 280 318 319 407
533 556 722 977
28 344 349 484
27 291
7 671
14 50 311 461 574 995
78 104 185 830
83 98 958
9 170 306 786 822
13 37
5 19 271 436
775 920
239 399
91 114 163 180
369 705
11 57 709
16 435 477 489
33 269
25 230
7 36 425 453 722 782 945 954
23 31 254 300 838
9 823
38 50 113 375 700 791 953
2 58 347
117 288 354
78 103 352
139 620
48 267 341 406 806
186 775
38 113 160 165
27 944
203 389
5 15 507
19 149 893
116 174 240 296 547 601 996
148 242 527
85 589
92 138 192 617
376 543 790 947
89 152 195 314 662
5 301
3 337 774
103 570 924
15 48 77
12 123 915
2 613
1 28 79 168 550 591 743
56 659
46 92 221 395 617 986
131 192
45 561 781
165 395 880
80 622 690 802 944 963
81 185
45 561 693 990
11 842
15 124
25 532
1 495 966
108 127 298 410 902
34 136 289 805
3 30 150 437 439 506 962
68 193
37 342
296 449
15 419 660 966
73 265
66 81 147 268 290 534 622
26 593 805
32 78 497 711
40 291
419 884
207 973
77 165 923
403 513
32 875
135 187
1 21 56 676 756
170 933
92 454
26 337 503
170 566
598 943
53 68
67 82 354
4 194 257 340
4 68 103 105 128 411 491
60 80 329 984
288 511 631 869
50 58
37 118
21 224 269 893
26 406
51 139 166 458 620
114 429
260 511 517 526 598
23 714
31 105 120 173 727
93 101 105 316 478 576 615
158 454
46 627
35 342
4 44 71 292
441 715
9 500
417 900
10 108 217 308 316 463
259 364
218 573
232 582
155 400
79 323
122 134 155 766
6 788
48 53 57 237 639 842
266 413
18 364 447 619 794 803
22 309 366
66 82 118 355 504 679 826
266 648
10 107
2 46
2 88 634
1 192
71 340
143 408
24 54 56 552
188 851
16 57 623 629
46 220 965
5 63 66 268
130 312
100 167 583 838
133 570
37 331
70 124 606
2 229 397 433 891
16 251 467
73 271
14 253
9 936
3 10 382 460
407 703
25 31 96 294
52 103 257 604
176 245 435
83 92 691
5 21 72 362
39 806
6 46 58 104 199 553 964
232 992
16 102 186 306 725 762
36 58 179 203 316 533 800
7 63 310 614 707
11 475
112 238 279 299 851 880
53 135 163 215 453 603 777 976
44 307
127 309 426 498 871
110 740
34 67
11 78
157 184 850
14 20 28 247 630
25 208 818
129 181
41 971
1 198 273 479 599
56 515 638
207 366 502 518 608 924
15 45 81 665 990
202 715
26 62
10 91 516 808
414 621 780
18 456
424 554
64 104 466 475 776
127 404 551 732
48 75 80 370 713 804
47 51 967
4 28 236 382 615 833
265 349 672 828
16 342 526 554 733
13 230
28 29 959
122 192
165 326 499 918
346 360
21 33 592
174 188 240 891
39 64 77 430 493
156 623
20 65 226 929 998
78 718
348 760
278 339 949
6 231 583 862
42 72 122 494 520 538
89 128
56 378 587
226 355
28 502 719
55 199 466 875
3 270 712
417 661 795
324 390 533 701 981
41 467 747 786 908 912
154 204 278
223 283 604
76 799
38 112 115 262 322 423 741 825
48 75 161 365 406 423 518 564
71 83 95 158 220 710 893 910
483 499
35 631 843
830 907
240 401
12 965
476 938
67 213
25 169 300 370
64 113 148 472 558
70 796
3 36 101 279 426 551 955
5 73 142 226 323 355 448
276 945
108 217
319 383
39 85 995
43 95
19 225 269
24 60 147 919
35 117 288 504 571
6 381
32 277 773
102 415
363 569
9 221 405 408
201 741
63 115 793
113 901
121 757
47 54 162
18 53 385 398 862 934
547 978
71 136 340 410 641
33 437
3 71 774
123 144 329
23 196 258
63 117 165 201 815
549 609
128 564 824
267 337
45 246
120 491
4 6 78 94
223 771
34 55
9 261
28 344
269 581
10 36 279 445 904
108 217 927
29 423 594 612 743
8 681
22 115 154 523
31 239 295 840
544 586 628
9 340
105 120 645
37 130 328
86 139 510
23 49 254 294 356 827 999
246 767
19 189 207 440 494 544 811
131 173 193 206 398
63 215 326 339 412 446 896 982
12 13 144
29 42 295 492
52 170 983
201 360 412 662
3 10
101 348
32 45 763
43 83 140 158 829 922
481 959
106 405 450
9 76 143 284 600
60 113 275 621 780 853 894
693 781
87 116 433 560 920
31 679
80 622 932
38 90 379
62 805
25 372 818
470 930
21 394
212 308
15 164 506 728
235 275
98 135 488 696
6 590
2 836
316 577
176 281
32 145 849
167 199 381 534 601 623
2 219 229 396 634 859
153 783
614 751
178 200 301
30 224 557
26 384 579
30 63 191 278 586
11 32 57 287 369 709
185 432 477
149 461
84 907
105 109 190
60 621
217 308
34 241 797
27 97 317 513 521 539 589 717
99 121 166
5 178 265 438
8 332
256 547 753
146 420
46 92
17 32 78 84 480 640 827 848 964 985
14 293
12 13 89 123
85 675
204 210 882 949
175 602
2 16 18 186 559 822
24 944
47 430 885
62 898
214 616
27 31 48 282 300 573 726
36 85 359 456 605
43 258 260 303
38 90 430 596
107 116 186 218
73 357 627
44 129 700
509 729 821
42 538
15 25
72 653 683
351 682
86 175 358 458 895
353 371 484 570 635
365 420
21 88
346 882
173 193 205 778
34 436 531
8 86 175 447
91 469
116 762
35 132 900
243 569 642 718
17 444
2 98 244
102 270 391
528 841
22 139
32 33 310 738
175 946
14 41
34 871
31 969
489 578
33 948
18 364
10 60 453 734
81 272 369 566 636
40 337 441
14 68 73 100 233 245 293 574
2 327
35 446 588 863
71 206 209 225 285 942 988
23 81 160 191 943
42 43
6 466 529
6 237 310
94 201
67 241 403
211 223 502
8 59 332
37 242 305
15 79 591
13 25 35
256 668
11 248 855
263 529 855 924
179 279 463 516 867
16 195
6 640 670
31 258
5 66 177 874
49 917
11 695
50 58 137 233 342
313 721
196 294 652
228 594 673 753 770 832 918
424 486 571 870
92 220
6 97 106 119 222 814
31 95 158 196 935
624 635
95 158 184 548
229 327
23 294 300 689
827 841 989
312 632
40 403
4 543 764
3 34 486 549 554
23 282
73 343
515 550
595 698
213 713
73 76 149 271
52 71 206 209 285 431
18 44 126 181 385 578 598 987
353 366
10 15 66 107 171 967
7 208
8 59 119 937
2 88 311 611 816
8 467 865 997
86 909
16 152 170 195 415
1 26 286 291
27 39 40
29 74 437 517 727 834
32 156 185 284 771
93 107
14 133 253 608
13 633
14 245 485 574 766 971
37 117 288 358 549 554 562 609
345 472 995
96 532 605
9 47 76 685
154 262 275 923
57 654
82 132 260 354
3 826
47 931
138 850
186 470 914
17 80
27 286
11 167
41 769
729 867
77 212
128 255
45 246 348
273 505 963
11 148 817
14 70 162 297
153 314
33 150
174 240
3 93 101
372 541
9 65 76 164 396 600
117 511 514 929
200 525
92 138
1 111 143 168 181 234
381 917
144 823
108 127 309 369
23 31
136 149
2 10 74 135 179 229 478 634
22 137 880
190 255 415
16 255 321 832
17 801 844 901
226 508 881
228 446 851 852
23 303
35 118 526 571 661 886
19 122 123 180 429 807
61 193
85 214 588
108 308
93 107 304
102 306
296 657 835
6 656 907
386 582
7 29 74 131 134 182 743 883
112 274 427 492 741 815
30 33 439 636 676
12 501 831
22 204
80 273
81 176 197 352 477
37 118 549
255 306 314 654 865 908 933
53 193 384
22 57 63 250 299 612 735 843
401 835 914
203 457
26 39 47 65 97 212 219 224 575
5 31 935
17 39 113 192 210 447 513
2 187 816
24 517 699 761 765
33 229
22 275 295
206 847
318 411
27 83 134 336 357
11 104 849
216 479
706 707
32 369
15 42 538 837
38 183
82 168 208 250 459 568 884 950
171 215
54 59 77 227 814
20 200 265 746
61 68 136 194
424 861 991
113 298
64 289
98 327
24 174 644
46 566 691
2 135
66 73 226 290 367 769
393 822 908
13 49 163 180 239 452
811 846
14 462
9 439 500
3 10 370
17 21 150 269 416 545
4 149
211 236
30 33 392 506 610 756
328 386 651 721 777
13 51 121
30 84 224 281
147 334 419 480
18 214 345 828
338 398 402
53 205 666
399 917
57 199 231 695 821
188 204
44 355 1000
105 120
74 352 473
59 988
7 74
74 473 626 986
233 297
52 299 483
64 286
15 17 134 234 543 556 758 978
28 133 311 481 630 672
154 446
11 32 84
47 51 685
374 897
59 357
97 317 416 551
198 273 734
42 699
85 183 809
4 244 708 938
49 125 278 300 704 720 934
39 140 539
235 303 455 514 526 652 679 843 875
20 65 290
160 810
12 915
671 761
75 161
231 578
132 504 520
40 67 531 669
7 15
3 382 800
21 33
70 124 137 611
3 203
21 25 484 959
71 209 225 848 910 953
380 735
2 88 169
49 969
195 321 428 474 587
1 122 360 380
41 297 361 462
28 223
38 616
239 903
33 392 394 716
136 225 543
18 38 455
327 434 921
72 88 232 519
13 123 464
162 253
89 102 128 687
14 50 524
71 244
132 288 609
15 182 643
1 323 346
88 133 236 576 608 616 793
59 136 244 552 820 879
125 612 738
280 568
16 345 391 393 566 723
46 220
162 304 785
42 79
109 223 377
26 39 40 67 77 420 422
61 496
93 382
154 450
29 140 295 322
1 29 883
10 69 107 202 487 774
115 188 228 278 299 388 427
30 98 364 375 471 578 716 890
251 573 787 824 891
51 892
307 726
392 492 581
130 361
207 236 344 371 635
48 67
334 528 766
7 42 129 234 250 256 456 694 975
6 127
22 33 115 236
35 486
51 54 227
9 169 282
198 387
17 651 675
21 230 394
14 41 58 70 311
50 124 253 785
61 120 248 443
29 613 761
24 218 535
3 12 91 302 452 861
161 539
482 553
65 874
3 941
69 93
290 320 913 998
258 282 838
27 67 366 377 518 649 846 973
130 976
217 669 956
17 181
179 457 460
4 24 38 272 410 449 497 905
20 886
63 322 646
3 162 212 611 655 796 808
12 13 114 141 145
25 96 936
46 138
19 257 820
387 853
12 35 141 144 354 991
12 174 401 490
123 163
255 786
110 448
13 91 163 180 383 452 490
125 651 939
310 709
6 432
154 704
53 171 501 911
112 115 331 339 405
27 64
75 341 465
13 469
187 836
5 66 512
8 27 39 40 54 75 789
43 220 336 454
18 90 307 598 952
113 126 167 359 905
4 62 146 710 993
24 87 267 550 921
19 206 461
111 192 357
201 235
53 105 261 411
73 567
21 75 111 180 186 333 668
148 428 864 997
537 985
14 49 169 565 903
469 633
84 197
10 11
72 597 639 732
13 26 39 64 325 451 531 797 813
150 499 890
270 712
1 15 182 468 495
52 103 315 371 404 555
93 107 276 382 445 858
307 744
34 64 413 527
117 356
440 819
43 83 155 156
2 135 187 386 488 519 782
733 870
57 83 167 222
60 897
30 150 362 948
84 122
16 132 391 393
5 525 658
89 170
16 428
230 619
92 256 391
129 791
17 57 84 181
366 644
83 136 158 829
61 234 318 325 579
143 307 500
1 42 55 507 530 707
203 279 373
19 641
145 185 222 272 530
25 243 541
1 29 79
1 7 151 339 397 735
8 94
334 687
220 829
109 120 248
44 191 522 834
273 984
193 280
36 95 784
82 143 149 221 331 731 876
2 88
25 228 243
41 845
21 144
159 844
665 887
24 52 535 790 932 988
50 101
344 624 856 937
49 152 269 392 933 961
38 160 172 181 214 750
209 350
86 139 286
207 371 505 856
419 473 884
67 386 666 792
374 970
4 19 905
15 40 70 202 637 768
74 208
12 114 163
21 30 353 615 628
272 642 718
24 100 670
564 684
328 836
52 257
28 134 390
4 52
7 459
24 186 509 659
10 784
28 44 211
606 796
46 158 184 336 617
15 74
79 216 508 626
684 864
2 98 361
44 129 172 249 274 523 625
48 146
1 5 118 142 301 347 512 525
96 243
228 588
24 87 579
602 620 719 895
30 34 40 436 493 541
27 48 54 291 367 403 717
292 404
2 5 66
388 793
20 301
106 281 597 705
91 319 464
45 322 508 575
22 49 63 239 303 584
27 750
211 353
211 973
5 65 368 512 733 940
189 298 938 956
15 36 93 378 520 739
487 784
466 711
78 176 381
105 338 351 496
140 881
70 124 245 519 542
374 375 992
11 58 293 542
235 238 412 525 923
205 421
26 341
10 556 677
5 66 177 178 320 368 593
23 31 196 370
23 26 34 416 465 696 728
16 108 184 200 251 306
28 63 615 630
70 606
544 610
38 90 385 737
111 234 739
53 68 325 681 925
49 86 139 210 254 358
8 52 149 230 244
70 128 133 223 225 344 431 576 807
165 235 595 704 753
363 740
170 190 723
41 201 906
110 252 585 866
56 730
117 455
11 72 145 222 237 272 536
5 97 177 315 365
38 47 55 84 375 489 585 961 982
157 252
7 79
41 58 124 233 542 697
69 120 254 276 304 478
47 121 134 664 798 802 878
146 153 321 573
43 336 688 922
6 294
6 78 448 583 585 649 765
8 154
19 24 126 402 854
263 325 443 925
51 59 121 166
96 121 126 1000
287 558
13 141 535 565 633
22 125 156 197 235 418
70 137 162
20 73
291 497 898
14 233 247 349 686
29 42 138 494
5 142 593 769
555 702
65 66
173 261
139 510
751 994
61 338 748
151 182
12 180 945
65 301 567
222 237 352 489 536 705
43 46 138 184 418 673 730
128 435 474
2 30 33 207 224 305 362
39 713
93 350 431 460
17 90 249
314 415
4 19 21 283 396 847 921
188 322 442
12 163 319 329 383
117 826
50 171 873
43 951
748 831
86 302 358 909
3 69 276
76 408
23 399
4 285 846
1 122 208 250
560 776 928
746 820
30 592
350 555 758
449 552 912
228 275 454
13 329 565
88 98 135 168 178 187 229
76 205
18 160 183 249 413
477 534
26 91 144 464 470
330 433
2 130
3 904
150 537 888 951
11 425
58 233 293 462 697 785
172 942
31 254 281 284
40 657 889
61 68 261 503
7 335 876
32 106 465 629
2 50 58 226 245 271 293
90 803
62 64 114 179
69 808
395 954
328 488 782
94 222 423 595
9 76 600
83 95 336 742 922
14 50 162
17 23 38 139 359 379 399 616
96 532
6 32 81 156 482 618
41 68 120 351
5 242
76 143 221
11 57 167 432 597 680 763
37 303
8 104 119 227 332 650 773
17 249
45 561 760
147 326 548
10 414 457 531 894
750 813 974
155 643 703
7 323 397
7 134 744
58 91
114 521
52 244 404 410 458
1 613
98 194
10 107 516
79 198 473
28 29 250 256 591 626
308 993
302 358
130 232 519 976
27 34 335 416 710
40 264
12 13 21 383
30 632
28 353
46 95 238 282 360 388
356 571
115 274
379 503 614 778
9 84 284 711 764
195 865
125 188 346 442
636 819
6 57 84 106 187 211 553 590
828 833
37 110
4 19 52 389 731
4 71 189 196
117 288
12 144
15 140
81 127 134 333 371
125 299 918
43 46
177 290
7 79 703 975
4 19 942
15 111 334 400 547
8 54 781
8 332 852 968 979
427 436 584
3 36
287 583 590 597
717 904 981
94 309 312 669 946 956
120 313 356 790 862
26 48 496
4 22 175 189 275
82 157 400 692 866 872
137 183
31 179 714
112 405
26 32 291 416 980
686 833
96 179 304
21 30 74 948
125 586
110 642
185 486
70 524 574
23 49 689 749 999
3 276 425 445
6 263
17 307 801 953
18 345 736 954
50 845
60 80 94 135 147 326
3 115 698
8 702
258 935
11 148 251 960 968
104 448
61 171 402
22 112 418 442 645 752
12 490 565 603
227 552
312 812 927
68 205 248 772 798 994
16 165 262
53 61 671
20 65 315
89 206 902
21 44 249 413
1 74 883
450 594
119 789 879
187 232 787
28 64
3 101 129 173 304
104 216 587 971
199 653 682
1 151 966
27 146 158 406 797 868
31 196
26 86 139 510 998
111 122
36 152 321 359 837
677 762
32 106
26 40 75 212
298 421 746 759
64 69 241 493 692
16 72 281 409 529 553 723 725
152 195
8 39 403 589
4 285 350
172 259
36 47 51 931
260 562
338 501
4 206 476 555
324 701
124 462
31 34 294 468
7 56 100 218 787
361 958
260 277 952
99 757
247 502
240 550
47 219
29 591
7 29 209
35 562
41 70
109 402 443 682 825 831 958 991
129 345
3 36 69 373 463
96 119
90 126 444 736 834
426 465
111 676 962
80 810
14 51 99 193
72 284 623
8 54
106 580
109 372
54 59
4 292
223 484 644 771
69 577
86 94 262 926
55 67 97 540 857
7 151 688 916
228 979
5 37 69 331
63 754
277 354
37 114 802
5 467 747
1 494
224 440
20 200
29 975
380 982
537 888
48 64 289
4 708
60 80 147 266
130 194 285
271 343
22 360 388
29 323 333
61 277 417 504
133 545 719
23 33 45 663
245 297 955
395 575 646 754
3 562
6 87 100 231 788 889
202 876
112 442
93 722
173 313 664
171 248 491 890
10 14 324 556 577
147 770 940 984 987
231 284 287 647 724 821
4 13 103 141 144 189 283 476
77 219 685 898 928
35 82 132 238 260 514
178 593
73 142 177 748 767
5 874
14 611
39 164 286
7 151 234 300 508
8 581
13 86 91 114 123 155 175 185
9 221 546 716
20 32 108 315 320 380
12 603
580 656 680
104 650
318 540
2 66 99 142 315 589
36 475 560 914 930 955
28 377 712
113 191 376
89 613 684
60 80 198 963
4 19 103 209 667
618 706
30 439 610 756 962
5 160 191 227 399 596 700
215 563
43 83 617 627 926
9 76 539 546
299 380 405 896
88 347
16 474 662
11 81
7 131
1 7 22 72 176 517 946
468 660
55 506 545
25 151 230 292 551 618 794
155 989
48 75 372 394 498
213 341 406 521
41 485
16 102 128 170 199
8 54 332
104 246 265
6 80 231 237 577
85 897 939
133 207 624
111 131 397 852 950
21 224 305 374
17 38 44 456 791 913
23 95 663
77 267 335 441
28 570 608
37 417
8 612
100 515 535 839
25 26 230 346 794 818
592 610
112 204 339 584
251 687
4 19 21 52
159 522
50 524
177 368 864
76 143 533
17 61 96 522 619 824
482 738
55 100 435 674 930
97 271
43 357
97 335
217 389 800 977
56 919
98 347 742
167 176 309 557 812
101 977
33 440 545
104 475 580
109 261 384
110 569
214 266
2 232 238 999
36 425
35 82 132 455 514
14 485
69 576 600
643 989
66 188 274
292 420 854
1 83 151 351 421 878 911
54 690 789 810
108 204 500 632
24 100
8 814 885
392 839
12 114
266 522
1 12 15 341 877
87 100 330
17 44
250 495
28 247 316
94 262
143 408 546
19 30 149
542 655 745
134 140 151 168 182 414 468
159 411 720 801 809 913 957
47 51 219 433
53 171 173 205 664 779 825 857
19 283
361 853
2 89 152 153 437
19 42 637
194 209
35 82
81 96
1 7 131 626 694 768
33 305
137 293 485
173 282 351 427 451 563 873
11 78 116 237 674 695 926
19 136
24 560
87 601
13 123
16 40 102 152 210 255 837 997
393 725
568 721
176 263
112 154
89 270 867
10 263 471 773
153 190
62 64 804 871
10 25 142 194
6 32 185 197 497 855
10 39 113 376 596 736
10 701
11 572
20 164 592 767
176 210 302
53 109 120 451 563
57 106 231
378 638
34 48 67 441
33 396 961
208 479 520 699 878
65 241 438
