235 395
102 128
57 61 497
164 269
71 292 410 641
118 843
56 218 919
76 500 823
91 425 851
150 632 867
118 133
8 136
26 39 42 45 64 498 561
75 146
10 210 324 487
387 802
201 770
211 367 481 502 615
114 148 377 482 862
222 466
330 401
82 106 212 313
110 620
2 225 560 749 839
53 75
13 318
9 41 278 408 793
30 269
23 254 303 352 935
47 99 304 316 382 478 808
9 57
105 925
109 280 421 568
16 94 327 442 594
45 665
153 190 314 321
279 487 556 584 897 918 979
32 629
53 66
68 120 158 248 402 779
163 861
334 960
417 504 968
295 423
59 119
98 140 660
96 619
22 480 827 960
25 37 266 445 496 656 949
45 51 348 892
94 201 646 741
10 98 337 403
34 67 264 521
85 183
15 64 83 122 761 878 958
170 374 415 436 830 865
67 75 97 226 289 489 539 904
27 34 62 64 161 420 539 637
159 227 885
31 689
3 10 55 774
17 38 53
15 287 432 435 680 796
1 79 81 100 109 200 510
30 150 529 628 636
31 79 294 303
404 893
18 69 233 264 370 502 905
384 503 748
35 37 118 330 377 562 869 886
121 166
289 308 309
69 945
49 151 282 917
272 553 763
26 38 416 465 494
76 600
5 66
1 15 135 150 248 430 547 569
45 246 703
233 524 745 872
190 908
72 104 222 263 497
321 415 566
20 142 769
16 160 359
35 45 93 290
76 96 143
90 113 374
302 397 895
45 990
577 784
77 230 946
309 468
46 220 829
87 100 174 775 787 835
1 479 916
155 334 968
34 202 338 540 899
43 138
86 175 602
398 451
56 193
33 362 610
129 259 266 374 885 957
60 114 139 458 510 602 620
243 351 503 532
34 213 871
205 318
880 982
122 140 205 208 479 520 613 878
49 208 294
660 778 913
43 46 83 92 336 510 627 829
1 479
262 296 659 920
165 326 427 586
226 268
60 80 198 387 932
19 71 101 209 257 410 604
86 836
331 556 826
86 97 139 302
235 982
34 39 77 289 868 904
44 385 901
3 16
32 471
6 16 94 125 201 230 339 423 853
16 190 495 881
4 19 257
4 116 343 669
6 28 48 67 264 291 317 335 883
371 518
18 126
6 11 84 284 369 678 993
572 732
351 568 994
98 173 411 491 831
30 33 269 544
207 236
307 598 1000
97 137 365 501 849 959
31 247 349 363 370 672
23 49 303
33 50 104 136 244 396 788
388 923
5 7 58 83 122 134 168 271 567
177 268
32 310
109 614
243 253 954
129 444 445
33 172 181 307 913
19 103 136
2 27 225 229 317 589 724 816
4 19 52 476 702 880 952
5 28
41 58
50 107 911
6 477
204 339
179 457
31 151
20 65 78 320
6 57 185 583 650
3 867
40 164 347 696 797 816
47 51
36 382
38 266
60 198 621
29 111 256 494 591 694 768 976
42 90 706
247 477
201 278 646 698
149 189 194 731
25 372
16 574
150 305 439 962
283 476
281 817
18 82 117 430
24 56 87 921
9 465 600
123 503
68 664
108 308 956
51 121 166
207 483
1 703
201 262
120 248 340 398 421 424 443 715 721
70 785
14 120 233 535 655
5 66 73 368 429 567 784
635 719
32 947
19 854
102 474
19 363 740
12 114 163 440 603 726
123 581
11 24 580
33 890
25 103 714 935
12 224 767
192 626 694
3 43
193 579 751
185 255 306
161 365 710 974
169 303 611
320 435 525 658
2 135 201 836
14 50 124 219 253
6 32 106 199 475 509
509 590
51 773
38 44 379 413
33 121 166 260 342 392
274 754
24 132 144 176 554 744
17 266 720
10 43 69 93
5 279 343 677
112 483
78 81 149 156
345 726
53 109 337 338 376
35 89 117 288 916
138 184
65 66 80 622
15 42 743
6 215 584
4 19
54 135
7 151
24 98
299 360 923
137 162 167
86 503
282 300
27 75 930
35 115 132 217 514 585 609
243 537
137 906
37 132
76 840
15 978
5 47 51 66 178 242
25 63 165 299 595 673
148 985
47 99 118 757 778
1 7 17 459 517
55 657 701 848
289 317 465 792
89 181 183 432 564 687 747 933
86 139 358 447 458
25 159 200 220 683
50 137 253 796
51 99 219 789
2 122 168 221 232 600
284 821
48 337
18 38 345
95 922 951
20 80 894
454 922
304 533 977
21 30 437 545 756 962
1 232 462 725 872 984
177 506
101 276
6 284 352 369 482 623
48 87 434 573 750
12 125 165 588
270 941
56 100 154 173 296 330
133 223
36 190 255
681 712 814
79 234 297 507
33 394
45 702 838 887
28 48 117 172 230 332 383 771 873
27 39 51 62 161 760
101 179 276 316 453 463
5 20
123 141
17 375 648
44 191 791 803
40 43
74 517
112 594
151 459 495
235 309 755 994
12 32 174 531
26 75 178
1 134
58 88 120 156 348
310 399
27 34 40 77 981
9 76
382 968
69 445
5 66 73 265 268 355 367 368
119 297
32 354
111 182 507 781
210 302 949
19 71 257
202 856
197 709
712 729
10 324
92 234 395 491
53 248 491 563 873
50 594 612
3 62 69
128 255 321 393 564 933
52 213 286 306 319 768
252 515
3 10 217 325
275 483
21 305
2 256
154 326 388 418 442 646 752
249 359 596 801
22 115 239 346 418 735
22 274 388 423 427 698
104 409
147 690 780
36 279 556
242 286 439 440 506 716
108 946
163 232 469 749
58 124 233 524 785
152 170 416 723 908
1 7 42 79 192 419 520 591
187 229
119 681
47 202
30 335 420 804
168 195 883
180 383
10 18 36 107 445 542 800 955
6 773 849
1 42 407 494 495 772
291 400 841 989
53 57 61 105 203 566 799 862
2 3 32 36 77 110 232 264 677
9 76 196 546 975
39 286 493
91 141 329 861
189 298
142 456 474
31 254
5 228 492
215 246 990
25 125
2 88 519 582 976
31 778
96 713
154 278 304 492
262 412
44 85 129
13 19 209 667 790 905
17 113 129 181 209 379 522 744
89 128 824 832
110 569 642
19 731
102 321
4 52 910
489 557
11 106 107 144 477
35 526
8 427
42 111 364 397 418 851 917
186 195 535 550 573 928
8 112 188
195 473
302 458
27 406 898
40 62 146 291
4 26 426
37 117 424 511 526 554
4 12 24 56 100 240 449 601 633
25 532
13 307 321 490 603 941
97 403 813
127 462 927
578 654
472 801
2 238 274 339 346 380
27 64 241 717
384 540 934
64 80 168 273 621 622 894
130 488
68 77 261
24 56 223 378 433 515 573 787
7 78 133 923
1 151
198 273 963
186 333 668
50 233
7 56 100 116 559
165 275 357
9 76 143 546
920 921
16 18 38 183 566
148 447 527 985
17 113 379 943
297 745
112 218
4 708 807
93 101 203 487
328 347
173 193 293 742
23 168 282 663
86 203 369 593 797 906
35 71 103 206 244 285 298 476
22 851 877
58 260
68 205 215 614 665
325 831
159 413
135 859
86 146
110 157 291 636
317 728
397 877
17 18 604
622 690
139 175 238 249 412 620
441 465
17 160 505
29 256 485 591 967
52 189 342 350 708
5 73
23 689
40 713
69 93 808
30 150
120 451
5 63 998
16 96 217 551 619 804 818
335 531
25 230 243 372 541
2 25 386
84 106 122
91 464
41 70 937
179 808
10 107
67 341
182 653
7 74 122 694
6 572
13 91 464
4 19 283 292 543
394 581 839
66 343 512
8 59 449
635 649
614 798
5 130
85 598
4 52 136 149 194 431 555
384 798
118 514
282 663
152 255
100 174
3 17 42 102 850
26 34 64 75 212 571
608 771 846
98 605
132 504
58 277
29 41 504 870 877
46 94 122 138 765 883
8 54 59 332 539
3 373 453 540
179 425 453 516
1 7 234
285 431 782
89 865
22 346 793
69 79 93 216 317 613 707 950
157 569
413 615 624
252 642
173 242 940
35 37 82 571 737 870 929
185 237 372
6 81 84 176 287 558 738
14 41 58 611
108 195 314 812
37 929
298 559 562
21 164 171
211 354 356 924
7 246
25 31 96 165 532 999
413 625
153 251
139 187 314 339 396 822 866 907 915
215 501
504 876
11 72
12 40 104 131 280 353 545 846
2 189 347 488 634
2 460
132 455 972
4 71
11 45 176 310 738
204 986
82 288 354
35 795
46 546
200 376 995
7 15 256 508
67 267
14 15 46 245 415 621 942
34 48 63 142 193 212 228 533
74 234 407 517 699
93 179
174 601
32 185 381 432 536 656 711
28 223 366 377 608 811 856
13 141 354 490 915
8 119
224 545
17 159 675
45 115 175 561
211 371
12 114 429 452 490 565 633
46 59 76 551
1 468
11 855
22 28 90 407 521 827
186 280
5 177 370
2 35 130 328 609 886
11 289 419 486 709 769
3 10 28 283 671
9 143
13 126 246 452
155 331 417
12 123
32 122 165 236 276 550 983
178 271
331 455 733 843 972
12 180 490
75 97 117
81 435 475 534 590 640 653 678
193 384
4 225 292 868
2 88 98 130
166 931
595 936
42 133
79 459
70 796
11 176 199 352 629 657
333 884
53 105 173 248 421 491 496
10 21 101 276 304 487 729
26 286
4 10 21 162 452
10 18 138 259
36 93 955
42 60 71 191 558
65 537 988
177 355
699 727
33 61 84 98 327 511 711
62 77 426 589 757
486 554 795
20 367
803 970
23 169 714
9 94 223
441 864
188 499 523 575 584 741 753 754
72 113
58 520 895
50 233 253 404
27 195 228
323 761
3 206 340 410 800
4 149 350 641 758 820
26 67 212 797 993
127 308 479 802 881 927
45 510 741 863 990
45 246
118 284 294 525 854 1000
25 41 107 115 118 420
56 163 930
64 202 212
43 357 454 951
21 33 581
293 524 587
409 534
62 313 420 748
7 933
29 229
29 123 250
85 214
65 66 940 958
67 792
35 37 260
387 932
8 59 227
194 240 350 461 902 910
3 10
637 944
14 50
210 341 422 909
15 111 668
12 180 329
218 296 670
296 330 434 659
68 692 718
121 277 290 332 356 959
43 97
71 431
506 632
14 641 655
15 80 93 107 179
87 296
2 192 679
53 109 506
202 341
21 394
31 45 49
313 384 398 862
3 72 93 533 784
15 79 108 127
45 128 152 153 170
16 152 170 595 662 725 864
1 76 116 123 389 418 740
6 7
21 224 819
22 165 278 612
164 392
55 104
25 237 340 350 358 372 549 605
1 29
4 543 947
54 789
61 68 318 664 807
16 393 857 956
265 438 555 567 593
30 33 77 180 307 376 509 995
13 126 182 364 375 544 616 707 844
50 57 72 145 272 536 654 680 903
34 513
13 618
9 408
199 457
8 41 114 124 145 821
176 765
480 528 837
396 948
177 242
85 675
13 44 90 91 172 191 716
3 279 488
4 285 292 746 893
20 592
228 752
96 197
90 220 759 951
127 309
66 258
53 579 682
79 660
8 54 847
130 187 386 519
84 102 108 309
779 825
100 296 559
6 19 31 57 611 708
9 260 287 572
41 82 137 315 368 697 775 965
9 116 221 534
63 125 262 450 574 586 595 834 882
550 560 638 996
35 412 446 563 732
114 277 319
674 780
18 38 351
61 199 205 411 682 704
17 61 81 159 259 345
12 141
826 870
362 676 756
5 872
311 390 428 613 793
16 22 612
18 47 60 147 690 984
10 36 355 438 512 911
64 717
21 26 42
31 969
15 29
69 101 457 774
222 329 583
13 82 288 549 631
6 26 32 263 272 398 629
4 164 684
40 161 213 262 291
22 275 405 492 896
50 54 152 171 184 256 268 505 669
41 70 125 162 401 809 845
47 277
4 6 28 156 605 631 763
8 12
40 241
20 74 216 448 650
132 511 679 737
92 617
33 84 546 977
53 411
47 51 99
78 84 231
11 55 72 529 583 683
14 36 116 250
149 200 716 743 980
39 681
92 919
95 158 554
207 247
39 79 221
62 463
38 897
4 143 514 759 900 988
28 65
147 739 863 969
172 249 444 783 834 970
24 116
15 131 216 358
32 44 237 375 558 720 952
5 73 177 786
245 574
23 282
94 360 523
643 985 989
49 219 285 548 644 790 972
5 86 108 125 712
27 34 48 77 289 589 805
71 240
61 120 162
18 119 191 324 939
171 381 451 830
8 54 59 119
1 79 547
5 111 141 146 222 226 390 794
267 381 608 828 833 973
44 49 113 472
86 909
27 89 414 987
94 735 753
64 241
28 263 828
1 10 38 134 397 538
52 431 983
18 237 557 875
16 89 472
50 249
58 670 906
90 121
9 76 120 143 563 600 691
6 81 471 674
174 770
47 892
9 369 530 907
95 184 336 357 374 897 901
17 38 91 114 147 364 648
40 241 312 365 468 658 717
324 800
100 174 470 670
95 184 336 850
1 15 29 111 468 950
609 869
37 147 387 555
2 617
9 221 267 416
395 450
119 814
231 701 882
11 157 163
244 410
27 348 665 791 809
7 10 129 131 373 729
21 440
104 124 197 536 578
146 304
225 350
239 303 663
16 21 30 150 202 216 581 666 967
6 11 55 81 106 281 561 760
473 884
30 175 362 602
72 84 352 695
27 202 416 436
17 90
54 119
108 919
24 762
37 139 197 250 671
104 167 448 585
21 27 80 334 422 508 567 630
5 7 97 178 343 365 403 593 993
82 356 733
27 68 70 97 173 798
158 912
146 212
8 21 269 311 392 592 756
358 599
164 394 437 493 767
31 193 421 831
62 75 77
522 939
225 298
91 383
68 402
110 157 252 607 776
307 844
78 106 553 597
13 38 699
26 27
3 107
12 46 141 144 251 474 760 980
102 251
187 327 361
49 137 169 462 625 935
582 777 822
64 337 426 513 521 637 666 715
108 718
22 30 33 160 439
265 525
13 163
147 987
19 47 51 128 380
194 746
51 121
77 406
5 92 141 333
344 624
46 74 83 220 981
30 148 305 392 636 961
167 237 823
35 40 417 526 551 874
240 433 730
43 54 103 585 799 986
22 326
121 214
15 131 182 208 216 234 256
60 273 422
223 502 518 630
115 360
72 199 369 667
30 270 457 762 867 950
61 171
218 460
60 451 548 853 987
69 211
9 84 140 179 182 197 244 557 583
415 723
133 236 478
349 394
39 62 154 279 538 930
68 120 171
13 51 118 343 469
13 180 429
60 414 734 810
18 90 97 159
391 687
4 257 283
225 298 404
189 292
15 130 292 318 444 576 845
393 428 474
44 126
127 262
5 142 191
19 49 154 228 450 588
20 65 290
59 879
38 85 181 249
83 139
28 247 484 719
12 915
505 780
63 235
14 41 485
24 186
93 241 267 400
66 166 965
211 549 615
53 109 261 402 751
8 11 26 36 45 160 209 899
21 33
231 653 656 948
507 508 743
94 339 880 918
14 70 311
28 236 577 701
155 269 989
530 553
24 515
115 322 446 523 920
271 448 711 874
7 42 140 772
23 25 29 349 353 484
3 36 276 955
43 61 138 147 205 213 810
95 158 454
188 979
25 818
63 172 188 299
93 478
19 209
37 41 82 162 297 971
8 156
13 215 313 563 755 925
46 220
7 74 134
25 156 287 889
49 258
366 924
59 78 176 475 639 640 842 963
175 599 819
18 85 145 304 413 577
91 288 478 596 635 734 852 997
105 204 626
4 404 702
29 168 953
569 607
8 110 607 718 814 866
14 297
1 216 333 390 407 419 507
23 31 373
81 83 338 932
79 131
80 127 273
54 59 483 912
224 305
51 931
80 387
97 193 261 365 540 742 974 977
35 486
169 308 312
46 138 520
136 807
2 5 283 346 736
54 943 995
71 77 589
28 937 973
59 295 328 594 992
30 962
20 65 200 271 668
35 277 417 652
135 263
87 573
27 89
169 183 361
41 58 162 245 311 587
107 279
1 2 37 135 900
78 435
725 837
193 275 287 290 380 499 815
820 893
105 137 162 587
191 364
24 560 914
22 295 299
6 24 87 116 218 414 966
20 75 85 320 438
23 169
170 192 195 198 391 428 580 865 963
385 957
414 734
52 476
548 621
65 312 331 406
305 375
34 416
61 151 261 338
71 298 340
153 662 822 832
179 464 578 624 879
146 860 899
11 22 204 272 815
371 828
65 73 290 315 368
2 143 538
108 217 309 669 956
34 126 647
4 103 149 405 847 856
67 226 593
88 777
1 44 131 390 419 688
35 37
46 184 319 691
81 650 875
75 348 420
34 898
2 104 187 634
254 399
28 649
4 117 134
59 232 386
15 579
21 57 961
300 714
29 887
34 337 550
210 358
320 658 998
128 207 405
34 206 316
47 65 82 85 288 342 652 661 858
8 167
32 72 106 222 238 575 678 910
57 530
144 564 775
934 953
40 48
118 424 661 843
23 49 239 300 917
92 787
40 552
2 327 406
44 65
34 56 174 401 467
50 124 606
644 672
14 114 123 144
12 114 180 329
48 813 944
89 391
22 299 360 395 817
35 277
143 190 201 526
54 227 552
36 73 857 999
302 895
18 38 113 160 345 651 834 957
751 925 936
138 158
33 39 150 545 696 839
3 382 722
36 312 460 516 812
13 120 248
21 23 31 49 156 196 294 578 978
493 531 769
24 58 245 253 543 965 971
178 497
106 119 489
7 411 610
2 3 389
45 323
26 75 175
128 747 786
55 57 222 381
1 42 131 134 182 250 538 618 966
83 86 124
73 99 121
145 392 832
8 135 332 879
74 208
23 25 96 954
60 83 138 627
44 160 953
21 318 398 443
3 98 107 157 167 229 836
9 76 78 466 475 830
81 263 590
28 207 236 366 377
240 252 752
10 36 108 127 316 533 941
149 518 869 905 998
433 449 764
188 295 442
33 51 142
221 408
15 74
38 359 374
285 404 534 604
28 417 481 570 762
29 226 543 788 982
20 55 70 141 158 302 421 767 806
32 55
169 186 240 370 378 535 914
55 586 903
23 258
149 847
746 938
99 685
275 278 347 575
234 547
280 351
19 46 92 171 617 958
170 723
20 301
72 166 167 308 737
104 156 409 765 878
15 111 140 495
185 477 525
11 597
6 640
6 16 498 577 732 888 908
133 322 513
1 50 938
163 469 991
8 59
60 102 147 198 235 314
2 34
280 443 496
7 224
122 151 508 881 967
18 100
43 83 91
74 192 459 591
151 266
11 30 52 57 81 99 657 705 764
105 779
11 705
32 776
4 988
56 638
188 229 599 623 774
6 126
41 745
148 185
109 215
88 130
6 43 97 439 606 782 961
125 274 356
290 367 512 698
22 68 726
20 103 136 194 340
14 124 137 293
20 155
92 619 818
19 283 299
12 13 469 837
136 902
1 14 553
196 399
99 121 757
23 31 94 258 366 608
676 890
5 32 271 639 709
3 10 48 69 389 425 516 677
326 492
25 230 954
2 12 98 232 306 976
48 77 713
50 124 311 542 971
144 429
133 344 624
85 542
90 160 214 385 564
40 56 64 229 868
638 996
16 33 61 129 153 227 315 409
98 891
18 191 259 598
274 446 926
43 60 83 147 505 548 810 984
418 979
133 211 236
7 707
3 53 171 338
184 627
194 529 842
100 139
1 7 15 323 542 606 772
217 927
157 363
498 597 764
3 945
21 30 206 305
3 68
13 14 70 123 785
3 14 175 297 845
10 26 693 860 898
117 826
239 300
39 48 64 153 403 426 710
26 40 132 876
183 204 375 430 783
113 126 596 1000
24 218
96 230
91 319 607 991
42 74 323 727
67 128 436 539
9 381
22 112 395 499
47 105 301
56 161 213 258 619
67 460
3 453 463
281 287
41 70 162 293 873 907
99 209 441 498 513 517 551 724
111 140 407 473 613
204 926
15 688
307 598
126 183
66 874
17 18 44 90 102 172 334 616 952
2 187 328
14 124 253 485
157 164 363 544
183 214
306 379 522
52 103 820 983
10 389
3 270
631 692
106 230 265 301 541
4 46 206 209 218 330 461 559 942
103 189
144 163 781
5 20 301
39 40 409 521 557
1 939
30 115 222 848
352 423 664
728 981
24 928
123 144 184 464 603 685
252 740
102 148 155 528 537 841
160 198 276 444 596 616 771 885
55 471 590
87 159 454 812
154 265 530 944
92 95
17 934
585 695
20 142
38 336 456 651 736 829
63 926
14 82 172
54 662 684 736 786 864
34 625
228 852 863
30 33 391 592 824
196 254 308
37 618
13 319
63 412 896
5 63 110 125 380 754 882
155 766
522 801
24 48
8 80 628
9 840
145 237
11 135
2 254
6 28 31 294 300 303 411 821
22 31 53 115 618 634 852 916
15 134 192 692 887 966
15 42
13 126 144 383 452 565 603 749 861
26 792
203 516 722
13 224
43 46
6 219 231 281 931
56 116 186 449 730
55 654 842
14 16 84 255
44 220 239
21 26 41 269 819
49 59
3 36
12 88 582 693
113 415 747 913
38 45 246 348 647 700
16 29 62 190 997
61 280 320 402 626 721 849
177 178 181 357 720
47 65 99
60 80
197 695
555 902
12 14 314 344
110 157 182 866
154 499 645 684
116 434
17 90 359 616 914
94 238
17 181 183 700 850
344 518 959
66 226 268 438
12 32 180 329 980
146 173 215 335
9 23 408
12 89 91 152
223 231 236 346 366 686 722
112 132 146 397
11 55 106
580 683
325 748
5 20 142 467 472 667
26 73 84 148 334 528 537
643 766
250 419 547 626
25 59 410 561 783
58 611
43 158 336
107 425
22 94 326 405 586 588
703 758
281 362 371
9 143 185
70 170 434 532 535
20 29 295 408 693 964
211 251 255 428 467
56 186
68 105 109 351
82 117 511 929
174 378 401
214 379
39 65 127 130 200
153 414
47 96 121 166 794 892
225 758
9 331 342 500
102 113 824
715 817
53 61
363 399
16 52 71 310 776 811
27 267 400 480 888
424 549 571 790
2 11 859
841 888
422 620
273 781
226 301
28 112 481
48 264 441 827
293 524
9 83 87 129 190 360 400 541
89 306
115 161
371 484 686 805
73 512
31 196
57 78 272
62 137 710
254 388 688 706 761
129 249 266 359 443 700
52 72 284 345
673 727
11 235 237 536
29 597 671
23 49 689
36 203 316
450 612
95 221 461 789
148 643
48 264
113 430 744
16 61 257 271 568 679 696 823 859
181 456
6 448
7 43 46 739
35 48 217 523
232 777
29 234 794 896
32 482 705 825 964
463 528 844
24 496
142 368
155 168 347
103 755 947
11 23 39 80 95 196 261
67 104 134 353 672 730 858
63 112 235 380 412 645 680 918
63 75
13 587
17 251
69 210 447 458 909
19 110 244 257
151 333
145 185 432
544 615 948
1 7 122
8 152 227 552
25 73 178 242 315 541 940
140 706
7 884
242 301
58 485
6 72 219
501 911
18 191
46 184
376 803
37 661
22 37 386 446 584
87 601 835
28 759
27 39 161 493
57 231
71 133 342 565
322 986
98 241 388
173 213 406 568 750 860
89 195
16 140
39 213 286 964
14 19 364 686
190 306 391
53 101 217
3 101 401 795
73 355
167 171 199 825
155 527 609 773 904
24 64 136 243 402 514 519 648 960
39 991
8 129 259
5 367
204 704
11 199 281 529 531 735 738
853 894
210 278
63 238
170 203 389
153 251 393 588
70 150 180 233 462 574 610 633 655
55 84 145 176 482 763 788 855 889
62 78 156 456 639
44 181
109 223 247 630 644
39 161 291 666 805 806 871
52 88 198 385 427 602
29 42 150 208 216 461 473
1 29 44 739 838 975
88 361
799 994
1 78 208 580
396 599
139 175 210 447
51 60 164 470
28 207 481 576 719 833
10 112 556
57 74 489
154 405 943
7 111 188
101 742
105 313 579 721 857 891
81 243 466
38 675
247 349 353 484 570 924 936 937
182 390
83 373
27 396 724 813 876
300 838
372 605 623
79 111 355
18 66 208 272 651 682
141 152 687
8 570
2 361 386
286 403
69 382
186 399
12 114 442
8 54 227 310 552 623
231 509 558
570 649
149 244
274 970
36 69 203 270 846
117 288 858
10 29 200 270
43 86 95 220 922
8 54 260 332 733 768 912
42 131 134 192 494
946 996
96 293 349 353 377 632 811 833 992
14 58 697
11 50 889
5 20 166 187 315
433 900 921
172 376 945
12 565
95 617
20 73 105 109 177
259 267 285 436 728
26 804
6 284
158 357 978
622 802
103 731
120 205 261 501
486 562
502 576
189 753
36 373
10 63
85 214 325 625
37 88 110 117 118 127 354 855
145 471
40 88 327
207 344 576 973
92 691
21 30 676
14 70 604
238 871
74 250
19 189 206 854
17 791
23 294 370 903
48 101
57 875
62 212
41 245
214 295 362 440 592 610 628 890
54 78 119 227 393
17 205 275
228 566 582
140 273
68 325
7 168
37 571
145 848
132 148 356 455
49 239 282
11 52 197 263 466 572
112 115 322
480 527
125 131 165 673 704 770 815
378 383 515 659 928
4 19 99 196 219
4 17 159 647 901
16 169 467 497 997
9 76 96 221 500
70 697
60 80 674
437 642
130 328 361 488
1 645
16 44 128 312 385 422 949
470 891
188 575
33 82 260 455
39 67 176 341 806
252 323
87 116 470
527 601 835
87 100 101 378
15 194 206
4 52 71 938 942
9 49 55 95 258 969 999
14 245
47 400 685
24 560
18 809
143 500 840
13 123
20 178 265
51 219
67 974
224 437
135 816
92 138 614
2 17 88 136 142 229 268 606 992
26 335 341 750
270 324
22 322
23 31 52 167
47 192 766 975
2 10 187 519 782
562 652 886
