140 251 697 833 922
42 53 130
571 846
44 127 243
385 420 495
104 445 651
584 821
66 714
361 453
790 841
189 565
96 507 711
28 388
328 388 492 926 993
89 418 602
73 101 143 458
29 42 93 135 160 716
146 450 632
575 813
4 62 300
99 333 552 557 664
3 71
213 639
5 452 508 780
186 204 306 339 499
2 260 290 308
10 183
207 514
748 905
49 405 736 954
116 211 235 269 456
11 88 128
4 16 91 142 160 295 446 532 722
207 234 299 518 949
316 350
26 539
501 515 547 713
232 249 332
97 382 550 926 935 956
27 37 190 806
13 127 522 646 812
4 321 985
92 417 625 639
34 188
39 219 283 310 324 355 356 968
9 967
157 344 355 856
175 223 824
65 79 109
441 940
74 331
70 82 116
113 150 195 536 568 583 990
2 17 23 135 241 422 809 859
12 191 420 442 740
19 488
6 496 683
18 57 59 552
2 82 242 411 973
48 633
52 90 282 350 757 996
304 518 631 690 811 822 915
108 230 444 514 574 873 914
44 351 543 951
194 291
23 70 501 590 888
58 592
29 253
113 320 455 883
221 904
3 125 151
145 571
700 852
1 9 901
60 224 315 433 451 603 727
72 676 759
76 146 175 231
35 76 784
475 907
10 18 74 436 471
24 576
29 525 649
281 992
54 86 564
140 178
136 222
233 414 610 858 941
68 196 854
126 555
25 146
18 75 114 201 423 666
72 221
155 460
62 94 204 223 688
264 836
79 389 502 964
3 10 18 41 183
230 757
32 42 67 848
89 284 495
2 298 400 516
8 29 34 185 300
123 132 194 594 748 860
38 41 48 50 89 174 455 524 717
7 226
28 210 322
243 979
112 785 863
34 141 318 421 585
5 138
157 367
52 366
181 193 383 508
51 173
68 276 651
48 743
28 68 131 156 272 540 878
1 134 135 292
34 148 369
219 642
55 56 111 162 256 299
121 137 288 357 429
153 215
160 598
12 294
30 153 208 334 345 629
63 377
13 857
12 212 248 985
71 111 167 375 533
17 135 592
770 811
5 570 631
482 812
82 845 989
11 237
149 573 660
23 142 303
472 477 831
21 133 352
72 759 917
13 181 217 686
22 46 47 48 134 289 307 351 533
23 601
9 146 586
149 303
18 169 231 732 937
28 33 167 235 864
399 596
5 309
37 39
184 517
408 710
152 313 641 865
49 79 97 800
312 712
5 205 437 832
8 52 117 257
52 595
230 524 931
31 185 286
494 504 587
15 226 638 938 961
58 60
39 413 675
40 269 638 888
1 36 53 60 65 131 147 479 531
2 64 241 280 347 547 840 972
16 111 454 529
28 267
21 537
25 467 677
338 585
6 118 204
25 87 175
155 419
31 262
484 653 816
19 39 58 66 349
1 564
16 543
13 14 166 271 430
87 391
32 53 80
192 412
78 113 129 196 216 396
61 248 535 622 707
177 231 240 505 828 883
262 468 591
213 390 560 572 956
381 742
37 869
8 597 748 876 970 994
24 433
365 792
22 50 260 282 380
24 297 401 946
88 342 444
214 348
69 370 928
49 96 330 389 931
44 105 196 206 320 838
10 508
85 99 220 368 568 679 783 808
334 476 831
1 31 192
40 136 138 236 580 835
21 120 279 374 614 681 867
57 839
278 790
54 337 609
6 306 600 850 933
61 273 325 419 549 731
34 133 166 227 528 560
230 242 439
2 58 110
12 243 367
17 407 489
68 131
84 815 879
31 80 393 825 884
73 574
170 621 650
410 489
82 363 735
31 90 144
60 281
115 196
40 153 395 510
27 818
12 94
70 756
85 678
1 182 296
4 33 474 737
292 808 894
207 220 299 514 521 536
20 90 834 951
208 365
58 154 394 423 434
48 134 209 415 644 900
310 400 506 528 694 911
106 540
1 5 26 108 158
337 658
54 231 742
4 8 10 18 81 277 331 544
84 171 337
125 826
1 68 224 373 525 804 936
11 57 80 169
136 228 245 331
24 36 114 501 713
267 296
56 550
137 232
5 30 619 887
408 517
6 96 193 432 507 783
3 264 344 836
101 353 965
31 362
92 181 352
127 846 912
134 246 296 307 380 753
6 35 319
99 679 958
6 8 204 253
121 456 532 599 862 890
54 57 81 530
3 15 59 149 275 898
90 191 254
135 422 717
141 789
36 980
45 382
43 161 266 358 728 761 864 930 974
198 610
2 346
34 349
84 914
192 207 291 755 969
215 572
29 48 134
27 81 307 522 630
11 69
1 4 63 83 107 324 659 957
28 150
34 369 497 634
578 704
142 478
8 57 96
17 809
34 85 248 326 336 527 843 982
13 134
209 253 279 296
71 535
383 728
695 958
58 179 654 1000
39 147 182
314 506
296 360 498 622 750 764 857
21 109 216 298 470 911 999
11 257
14 199 682
40 50 282
57 136 326 376 482 646 829 987
174 211
56 746
176 215 435 863
11 67 135 303 515
65 126 636
32 217 229 587
51 220 388 578 725 903
19 23
91 172 404 467 502 552
88 175
41 107
10 52 137 943
376 844
385 449 715
11 137 250 332
10 25 267 818
5 85 416 435 996
19 44 154 156 380
69 782 803
96 907
119 168 710 949
44 524 951
4 8 31 42 91 185
91 145 467 984
47 54 112 123 131 181 185 210
201 430
23 52 88 100 129 647 791
2 8 13 70 110 837
90 179
95 365 728
93 278 966
43 121
26 786
108 201 250 332
46 216 684 802
59 176
16 242 541 817 1000
17 196 839
77 275
16 40 51 182 398 424 464 529 545
123 187 638
84 348
38 55 306 332 549 653 871
31 32 268 466
173 246
312 421 701 776
14 57 77 116 141 479 602 655 703
235 239 305
56 251
41 45 64 238 563 583 791 943
1 20
8 401 534
259 505
15 64 110 587 662 881 886
25 171 359
399 906
7 9 26 445 586
30 853
415 475
4 26 973
421 519 531
758 820
31 527
11 93 505
55 84 688
98 224 290
29 134 209 475
43 590 984
54 502 785 828 946
168 309 978
46 48 200 232 881
14 38 208 213 255 785
24 36 276 496 542 581 870
116 964
9 293 343
19 45
60 93 125 280 321 605
395 526
38 42 180 262 641 659
92 685
255 784
1 620
17 30 689
301 357
189 523
33 706 986
93 156 200
2 65
148 151 272 339 617
68 708
10 919
240 267 296
122 216
46 163 335 363 685
2 27 415
96 692
4 32 138 692
62 89 438
356 693
64 90 92 532
231 455
49 59 370
409 652 897
62 382
6 174
31 55 142 241 436 688
114 236 294 515 519 635 915
133 197
255 411
14 59 275 318
8 189 268
414 654 722
20 64 66 247 364 578 961
235 473 729
335 437 532 562 738 808 832
147 158 491
51 836
7 117 310 404 764
163 260 384 530 759 801 805
78 233
84 111 142
221 257 288 901
833 942
1 39 130
238 366 413 418 480 552 998
4 169
872 884 978
13 88 116 128 270 845 989
14 98 125 315 910
21 425 606 687 709 812 983
62 67 192 313
25 530
4 38 67 180 188 334 349 465 871
231 492
108 122 232 357 456 666
37 227 495 646 842
27 37 187 642
295 525 621 782
86 146
109 146 175 593 824
1 34
12 51
98 627
85 215
137 301
10 35 187
469 577 816
17 24 154 762
37 154 556 968
5 215 982
553 557
2 14 191
202 212 515
26 39 102
81 152
12 122 499
61 419
3 173 459
23 49 129
44 132 173 616 975 989
184 406 990
20 100 670
8 583
376 908
40 719
12 929
94 191 223
29 267
33 41 426
24 74
15 320
237 249 524 597 892
15 105 155 206 242 314 439 510
386 618
123 171
176 285 913
25 293 523
100 126 229
10 77 516 600 694 969
453 469
359 607 640
7 44
137 892
43 862
150 897
186 294 317 396
12 35 63 186 219 236 896 980
65 451
108 250
2 50 161 308 712
204 298 548
555 882
182 282 283 356 423 879
10 202 287 289 483
56 266
1 4 77 165 353 439 487 581
21 51 184 268 284 402 491 684 993
8 19 75 316 792
75 143 157 258 861
117 313
1 148 520
301 429
84 399
33 41
22 28 40 74 124 144 206 227 269
19 45 120 280
66 633
561 624
8 42 74 241 468
55 78
22 157 179 209 261 368 919
297 875
38 345
273 325 584 760
6 319 586
277 509 648
1 8 57 284 293 376 593 950
129 197 221 354 612 621 708
26 54
5 435
118 490
120 280 943
46 322 624 678 963
78 219 283
41 121
478 787 999
19 31 100 187 315 613
8 66 71 669 739 754 760
78 410 489
36 52 102 103 113 184 521 934
54 55 78 219 373 377
60 98 107 228 340
55 60 65 172 224
99 144
200 582
139 151 160
28 763 773
287 382 792
305 586 696
53 91 165
24 161 437 952
30 166 187 210 269 561 664 835 897
69 87 155 317
163 197 625 651
29 369 399
2 413 589 667 899
26 143 327
174 403
24 161 195
172 173
83 554 709
82 705
50 165 424
11 93 116 128
211 696
22 251 872
9 102 106 265 653
5 249 250
101 411
21 35 448 546 560 937
79 172 472 588 674
47 390
246 364 568 837 858
89 661 959
123 193 471 847
19 45 720
132 397
33 677
138 391 738
7 300 845
431 483 540
67 257
83 938
1 28 34 171 188 756 863
13 270
2 51 513 988
18 65 84 115 121 145 262 977
140 258
185 427 510 543 553
11 24 144 222 832
7 155 389 511 576
1 16 196 577 595
164 397
18 163 919
56 61 266 778 873
632 998
40 378 580 641
48 263
275 292 733
2 7 52 104 119 141 359 945 971
38 147 660
4 7 169 192 365 588 701 988
24 99
318 459 558 569
98 125 762
152 889
10 18 935
174 903
95 917
170 295
122 130
2 139 346
36 202 236 409 490 581
49 69 70 92 97 116 118
120 275 594 603
35 102 132 272 671 699 793
25 175 391 744
58 128 135 260 278 438
8 26 124 680 967
244 247 620 837
18 95 178 384
214 224
3 25 128
3 30 168 173 189 616
29 37 60 71 94 212 807 923
74 87 93 127 181 215 378 523
32 42 612 921 995
154 158 314 526
7 480
21 163 179 205 287 335 352 768
100 126 745
158 240 259 660 779 828
126 247 596 906
9 463 671 945
13 60 76 86 105 554 855
138 619
22 40 138 291 400 503 561 923
423 443 630 752
159 986
15 30 79 142 164 234 252 466 502
556 642 752
247 482
9 198 226 265 701 726 727 924
47 216
27 356
147 883
39 182
36 566
15 16 44
15 24 50 212 445 579
259 569
429 830 976
17 103
88 736
136 252 750
358 366
166 222
32 457 481
242 939
68 75 124 607 806 849
616 991
188 827
5 614
162 606
22 35 312 531
7 609 997
68 252 607 699
229 316
16 206 799 979
63 183 891
290 377 794 815
24 98 350
453 663 811 884
115 301
65 205 426 430
104 134 170 206 270 753
6 25 36 75 95 520 934 990
11 82 98 259 261
209 263 786 974
122 254
7 274 771
537 670 770
85 176 246 780
377 890
74 257 286
112 223 439 490 519 545 548 629
10 189
67 222 364 484
2 32 465 519 538 966
17 86 139 320 932
32 36 43 692 754
77 172
12 250 340
5 64 177
65 98 315 405 482 637
279 644 733
91 827
54 121 158 259 645 658 775
45 132 981
159 676 805
276 840
6 53 222 740 795
92 205 604
147 158 162 339 372 461 645 854
38 81 218
66 133
74 130
35 49
25 113 769
3 9 72 303 734
211 245
354 856
22 46 317 390 537 573 625
14 358 636
9 385
93 181
39 332 402 481
20 148 150 503
80 383 948
56 428
7 203 633
420 463 851
32 200 217 270 311 582
39 190 852
7 986
56 218 830
14 38 117 193 209 353 954 958
202 819
40 340
22 104
17 460
170 668
42 104
22 40 166 517 580 640
68 124 291 603 804
16 68
21 45 511 853
159 354
65 70
147 177
2 150 350 675 729
64 75 953 981
16 229 256 353 441 606 838 903 947
2 58
33 153 960 997
35 343 588
186 271 357 902
25 657
56 73 213 731
245 601
121 754
403 529
12 25 28 46 218 269 544
507 512
25 32 175 398 581 960
110 149 249 504 589
80 690
254 933
23 416
244 247 381
53 180
110 139
44 167 931
42 77 103 113 213 635 767
127 146
5 35 119 558 761
23 45
37 912
20 32 50 112 165 950
657 920
137 143 171
67 208
21 81 193 216 522 546
5 20 85
111 167 375 533
186 679 823
143 186 197 962
311 609
57 91 570 869
101 392
17 20 75 160 477 626
50 144 364 446 571 617
460 975
41 125 226 349 385 862
115 247
180 608
152 221 393
304 564
86 449 464 535 549
1 284 916
79 330
217 281 473 550 579 822 873
583 691 930
26 89
233 999
214 723
13 47 348 443 483 499 637 735 874
18 273 409 567 623 686
33 103 114 195 724
309 387 868
4 5 29 96 697 795 942
72 344 395 526
37 283
274 630
5 86 95 348
10 29 508 733
405 600 788
287 572 937
52 225 418 483 595
294 411 490 771 840
14 737
177 304
57 64 120 834
333 557
20 364
15 162 186 271 285 498 626 714 926
2 7 447 745 925
1 22 42
13 70 452
3 128 141
28 137 183 322 497 794 894
14 590
190 239 313 672 835 891
13 851
415 786
9 18 61 144 447 763 880
4 20 53 81 139 338 486 987
18 95 384
2 665
7 20 25 43 61 160 705 734
31 74
9 35 431 450 528 610
69 118 131 147 165 652
7 50 51 102 156 378 798
66 316 338 392
103 218 232 432 565 775
113 119 321 339 450 527
47 115 204 963
169 321
82 338 911
412 894
3 141
177 285
128 200 217 655
3 14 48 77 279 743
73 325 464
18 140 143
44 105
56 61 579 830
173 275 302
640 981
70 266 288 910
22 28 50 138 156
24 83 102 164 323 952
41 197 569 955
89 534
81 107
26 321 527 823 920
4 38
2 110 170
1 17 58 273 308
216 335 560
15 16 115 742 760
16 20 297
16 101
2 135
10 21 90 739 819 851
83 113 234 530
83 150 469
76 106 119 225 397 452 551 735
12 319 740 749
608 838
231 337 492
101 114 328 666
60 65 476 762
42 370 512 542
214 941 955
21 195
4 16 32 112 123 152 194 704 833
320 957 980
26 36 328 458 500 545 623 670 776
14 30
31 32 62 152
6 347
220 375 713
506 886
33 41 63 290 398
412 675
9 219 319
24 36 124 302 539
13 61 79 180 198 210 606 796 799
63 276 628 758
46 133 179 292 306 307 368 698
273 996
333 410
251 724
44 262 648 806
73 139 597
103 207 234 322 336 497 521 536 774
51 55 201 413
14 30 271
75 401
41 97 230 302 323 331 386
214 223 723
3 172 199 613 880
21 596 871
157 159 367 614 924 927
157 495
161 585
14 32 169 404
57 326 398 509 893
165 258 765
27 190 228 362 556
104 119 388 470 553 608 727
680 895
694 988
289 475
71 244
257 261 529 825
37 131 291
5 22 176 229 437 787 953
58 87 346
386 481
48 114 253 380
195 234 474 774
126 151 745 826
49 85 904
43 145 803 923
102 449
100 180
26 194
24 702
15 23 129 861
55 117 201 222 711 814
31 491
170 295 428 650 925
16 23 236 305 558 599 639 691
10 143 162
19 45 64 150 280 563
13 117 227 876 972
38 504 730 741 797
39 324 394 643 700 788
76 358
11 109 418 447
109 198 239 628 793
47 123 133 292 517 611
100 229
168 245 375 486 562
325 416 924
403 681
47 101
108 575 933
19 45 120 425 886
183 305
90 118 881
14 51 71 141 360 593 682
6 138 342
29 91
20 960
239 265 444 579 764 971
272 535
66 115 329
541 749 789
4 90 105 115 381 493 541
23 361
127 387
48 431
8 68 80 182 218 654 970
2 488
130 180
43 599 673
83 282 295 878
12 442 547
21 111 158 626 817 885
6 72
73 464
97 145 467
63 183
6 588
26 89 341 358 534 965
15 799
116 602 868 918
32 124 571 968
712 813
199 278
67 334
9 312
9 162 203 485 967
30 71 766
53 405
221 396 907
27 394
328 899
70 99 278 297 582
292 298 368
15 115 347 976
574 822
137 347 575
895 992
40 424
538 604
31 128
37 277
662 859
34 37 73 218 317 526 913 932
12 501 929
2 486
307 487
69 330
84 233
89 141
164 226 427
516 781
17 598
15 16 66 201 351 939
341 452
7 658 908 945
238 896
14 129 149 264 932
295 747
163 200 663
393 512
41 246 438 454 876
51 59 71 172 318 781 913
9 220 388 528
5 153
132 187 598 615 708
22 26 598 715
17 656
525 902
3 607 978
151 433 451 732
121 379
20 70 244
5 168 314 375 427 874
4 331 972
1 34 756
1 34 520
46 163 719
61 73
97 511 866
204 738 914 962
298 498 505
140 494 674 720 900
3 27 88 816 844
82 106 781 810 814
87 580
99 561
78 233 274 373 489 672
54 354
62 130 465 494 591 597 741
66 238 425 902 922
29 263
95 140
461 823
72 159
46 85 215
417 472
8 53 81 130 628 944
22 166 351
3 14 27 51 71 86 149 244 516
346 946
9 46 371 536
108 430 456
11 122 201 237 387 402 887
21 213
27 285 993 994
63 100 229 362 403 414 997
106 203 239 715
99 297 333 875
6 158 408 546 895
7 225
55 340
9 28 52 123 265 485 600 800 916
3 635
112 144 746 751
23 76 249
106 241 372
8 62 94 165 169 612 613 634 848
500 575
76 198
15 255 272 328 566
243 462 922
163 260
184 428 747 769
31 42 88 355 892
428 623 854 934
22 68 112 208 374
43 76 178 341 361 378 959
23 33 142 695 904
119 649
19 73 584 702 729 778 810 847
38 288 468 944
197 573
50 311 485 634
487 562
86 178 558
146 167 168 329 359 671
94 268 440
6 15
5 86 123 225 349 555 916
334 889
225 422 465 700 860
407 780
57 63 386
7 58 488 592 717
78 110
329 743
3 768 844 856
83 113 174 253 289 900 974
8 111 567
13 126
1 19 64 75 120 237
78 233 648
152 300 466 820
27 37 154 228 324 362 673
101 157 496 957
487 741
391 744
4 62 185 264 434 466 587 765
197 363
176 353 661 797 973
28 406 471
493 577
94 223 248 959
4 38 46 80 192 212 573
19 30 83 441
167 533
70 342 446 693
26 46 154 277
13 481
101 409 441 500
47 118 537
29 36 270 342 707
52 447
27 788
10 29 143 188 424 772
103 776
6 43
26 341
263 329 438 661
327 585
114 191
129 167 939
232 263 289
52 910 912
120 280
43 91
24 138
11 120 538 736 839 849 918
133 647
477 667
41 63 414 454 857
27 53 289 443 703 941 944
20 407
13 15 875
45 129 644 818 984
5 355
14 77 882
5 12 21 265 448 874
56 419 473
400 698
39 277 362 718
568 637 938
18 20 319 379
10 177 847 977
56 59
226 343 800
7 485
251 843
569 891
34 148 827
383 935 977
33 71 80 155 185 615
12 36
221 286
16 67 77 199 479
69 317
10 18 140 544 702 953
12 276 442
189 669
8 345 513
6 323
17 714
101 223
60 732
170 649 650
19 351
214 228 755
105 352 445 451 493 718 991
33 224 426 462
43 91 145 192
49 69 460 841
217 350 448 477 522 601 829 841
4 261 699 825
19 47 390
32 83 324 361 570
297 417 499
1 157 392
33 235
60 103 114 208 235 682
61 266
16 44 105 196 652 777 979
48 209 268
18 27 107 190 274 310 672 718 807
41 815
45 691 834
92 543 970
35 36 212 336 771 940
29 45 76 263 279 427 765
557 801
102 164 385 998
457 790
90 368 412 739 901
17 308 488 656
12 159
492 676
135 662
37 39 387 909
10 18 67 95 117 544 615
3 468
74 240 304 337 339 455 576
205 344
100 126
11 655 693 705
559 991
69 97 155 831
10 87 95 146 726
11 278 770
60 242 314 506 707
285 921
50 98
62 93 211 236 274 668 685 757 898
69 73 97 256 389 493 711 783
782 925
20 222
15 461
10 49 203 256 511 576 905
109 265
27 199 335 513
136 144 210 710
7 225 484 961
463 643
13 326
194 798
47 77 113 141 184 361 513
1 30 139 148
131 624 921
104 200 323 343 371
47 205 363 794
4 286
121 864
453 706
52 76 104 772
5 25 102 250 309 378 434
6 245 749 814
14 51 189 264 285 432 565 969
26 293 338 472
30 78 500
131 860
110 281 386 643 867
26 42 62
48 99 374 617
20 210 407
151 433
12 43 440 796
58 91
108 237 254 373
195 683
11 13 27 869 948 992
29 599
191 985
40 88 311 737 777
74 730 803
243 947
59 227 565 622
20 101 246 381 690 796
83 330
156 454
125 161
46 572
25 109 116
28 124 374 846
107 462 677
93 618
56 61
79 256 512
6 72 111 344 927
21 133
56 61 325 810
9 290 582
54 286 308
77 360 559
21 92 725
9 33 107
47 363
30 118 559
9 19
66 720
23 153 309
49 79
125 476 721
194 603
107 164 462
63 64 188 404 566 767 962
87 177
181 987
3 71 149
36 379 629 936
42 53 81 261 299 542 567
3 30 789
761 766 976
2 59 110 148 369
130 695
279 393 555 636 722 882
4 374
159 367 627 775 805
342 791
604 767
336 746 802
72 179 180 596
211 245 510 930
117 218
234 940
166 291
145 590
114 855
161 327 842
341 534
98 112
43 145
73 549 574
85 127 168 982
119 706
19 601
268 434
143 304 461 887
73 266 584 898
23 559
126 563 824
105 605
6 63 681 686
39 228 779
34 105 203 927
62 149
107 431
6 211
153 889
31 117 259 458 494
40 282
57 82
241 703 716 917
647 689 766 798
42 52 61 169 591 602
96 97
392 554
55 84
207 683
232 249
12 255 381 420 548
177 178 271 294
194 252
3 27 264 820
43 162
103 202 360 406 408 668
118 352
3 30
25 87 127 523
240 311
28 171
154 909
421 611
2 17 230 422
50 659 878
165 684 848
66 563
152 160 504 877
13 243 538 594 680
75 94 955
4 84 89 721 918 928
59 172 318
16 817
132 136
49 92
24 173 879
521 604 809
7 220 397 449 470 751
188 210 293 520
219 283 852
306 850
372 498
149 199 459 479 689 721
88 112 284 288 774
76 198 226 274
94 106 236 371 595 787
360 734
108 122 915
5 678
22 28
109 971
214 755
31 34 116 293 725
12 870
23 611
491 591
130 166 507
16 605
25 87 127
3 11 86 954
32 38 224 227 288 567 858
25 54
150 184
139 206 371 459 716
139 140 354 620
29 48 54 753 948
164 203
8 131 994
178 383
47 389 394
45 58 79 303 346 436 698 826
2 17 23 551
124 144
252 273 550
75 425
35 239
9 480
59 203 592
80 258
80 171 252 619 750
156 457 503 547 763
96 370 577 674 905 964
171 359
3 14 30 59 77 85 302 669
238 253 373 726
49 330
55 410
11 27 556 687 909
6 35 39 41 59 64 440 673 730
379 539
161 327
33 44 777 947
15 16 230 605 865 942
65 151
36 86 271 444
67 227 313 371 758 950
55 78 687
22 40 156
79 97 432 457 975
129 142 167
53 208 261 286 807
1 148 995
64 294 347
40 72 96 277
147 387
17 237
1 7 34 90 470 963
11 93 128 270 446 509
94 855 899
589 667
179 850
37 174 323
372 518 631
37 46 133 893
82 88 966
548 551
21 47 92 213 287 546 562
50 356 784
1 284
19 49 69 401
182 310 348 723 885 956
38 87 329 578 778
24 122 474 709 866
45 190
2 225 657
333 417
589 929
41 104 155 174 396 773
6 198
76 106 191 235 542 819
193 442 744
6 795
148 664
3 199
39 190
3 17 100 248
24 983
7 106 114 220 366 463 478 752
240 564 920
267 345 645
110 136 283 793
80 553
136 269
369 531
70 281
111 142 340 416
53 62
256 928
103 195 406 663 724
276 440 870 906
99 801
107 426
18 89 436 965
42 300
115 206 450 865
134 618
12 202 248
336 936
57 867
697 949
299 365 665
719 768 802 872
106 554
22 124
54 779 877
8 118 160 178 244 366 486 496 866
367 395 435
72 849
19 238
11 326 509 893
12 145 179 205 821
36 67
112 773
153 168 176 804
35 109 551 632
15 23 44 1000
94 212 255 566 896
10 140
38 74 877
51 108 234
44 541 696
514 843
72 81 627 859 952
78 176 287 345 355 751
102 316 478 593 772 842
11 13 82 376 908
3 30 302 880
458 545
8 9 312
497 769
20 35 151 175 380
21 384
251 474 570 890
48 159 162 207 254 343 518 540
104 608
33 305
63 183 258 290 377 983
55 233 665
164 372
254 301 402 813
35 105 272 704
237 357
11 13 281 539 609 829 868
170 181 370 390 471 473 480 656
443 995
821 861
315 476
23 111 853
22 28 132 187 202 503 594
75 322 382
228 885
65 125
4 262
18 92 95 178 379 384
15 49 122 132 260 429 731 747
217 469
33 327
193 258 888
53 797
109 119 448 484
