0.047440646073783725
0.04744064607377239
0.047440646073806915
0.04744064607378814
0.047440646073784426
0.04744064607380754
0.04787839465411706
0.04884721005756337
0.05231457624763334
0.059228137801151624
0.07793207733451085
0.07793207733447738
0.07848910359914783
0.13686651714162557
0.1394229539943441
0.13719789823157902
0.13608541874562974
0.12450410235654127
0.12322618779582299
0.11535136070958689
0.1112990147414265
0.10806654122888366
0.10806654122888366
0.09832905407288746
0.09665068735451297
0.05298953808769537
0.05245312356773918
0.05103481500067653
0.05050074691888514
0.050500746919298505
0.050448004027136055
0.050098672785573554
0.050092643742909414
0.04960958593735372
0.04894841169022504
0.04894841169022504
0.04894841169022504
0.04894841169022504
0.04894841169022504
0.04894841169022504
0.04894841169022504
0.04894841169022504
0.04865144169680948
0.04865144169680948
0.04839090739397235
0.048442723721688834
0.048442723721688834
0.048442723721688834
0.048442723721688834
0.048442723721688834
0.046902062340972994
0.046902062340972994
0.046902062340972994
0.046902062340972994
0.046902062340972994
0.046902062340972994
0.046902062340972994
0.046902062340972994
0.046902062340972994
0.046682436725616686
0.046682436725616686
0.046682436725616686
0.046682436725616686
0.046682436725616686
0.046682436725616686
0.046682436725616686
0.046682436725616686
0.046682436725616686
0.046682436725616686
0.046682436725616686
0.046682436725616686
0.046682436725616686
0.046682436725616686
0.046177281845536565
0.046177281845536565
0.045353999999999985
0.045353999999999985
0.045353999999999985
0.045353999999999985
0.045353999999999985
0.045353999999999985
0.045353999999999985
0.045353999999999985
0.045353999999999985
0.045353999999999985
0.045353999999999985
0.045353999999999985
0.045353999999999985
0.045353999999999985
0.045353999999999985
0.045353999999999985
0.045353999999999985
0.045353999999999985
0.045353999999999985
0.045353999999999985
0.045353999999999985
0.045353999999999985
0.045353999999999985
0.045353999999999985
0.045353999999999985
0.045353999999999985
