0.05037660090458597
0.050376600904658106
0.0503766009046423
0.05037660090457827
0.0503766009046267
0.050376600904617014
0.051191733501749485
0.05181625415794581
0.05463226149690108
0.06216227173790261
0.0821726991794358
0.08217269917940087
0.08316204520407737
0.12678905476920732
0.13476892292071732
0.1338551938282809
0.13540775590279389
0.1269971918258892
0.12550884623901404
0.11925079591850324
0.11729562303174575
0.11513544295737688
0.11503951761145696
0.10559628467922112
0.10328600442535725
0.06068532846888922
0.06060889614746199
0.05877291008947977
0.05877291008951747
0.05828674198691281
0.05672406970043646
0.056724069700413535
0.05684832005696478
0.05373884181834436
0.053921698528640934
0.053770948174700066
0.053770948174700066
0.053770948174700066
0.052935340024759296
0.052935340024759296
0.052935340024759296
0.052935340024759296
0.05131312419974391
0.05131312419974391
0.05131312419974391
0.050479026424407346
0.050479026424407346
0.050479026424407346
0.050479026424407346
0.050479026424407346
0.04988796389167497
0.04988796389167497
0.04889199999999998
0.04889199999999998
0.04889199999999998
0.04889199999999998
0.04889199999999998
0.04889199999999998
0.04889199999999998
0.04889199999999998
0.04889199999999998
0.04889199999999998
0.04889199999999998
0.04889199999999998
0.04889199999999998
0.04889199999999998
0.04889199999999998
0.04889199999999998
0.04889199999999998
0.04889199999999998
0.04889199999999998
0.04889199999999998
0.04889199999999998
0.04889199999999998
0.04889199999999998
0.04889199999999998
0.04889199999999998
0.04889199999999998
0.04889199999999998
0.04889199999999998
0.04889199999999998
0.04889199999999998
0.04889199999999998
0.04889199999999998
0.04889199999999998
0.04889199999999998
0.04889199999999998
0.04889199999999998
0.04889199999999998
0.04889199999999998
0.04889199999999998
0.04889199999999998
0.04889199999999998
0.04889199999999998
0.04889199999999998
0.04889199999999998
0.04889199999999998
0.04889199999999998
0.04889199999999998
0.04889199999999998
0.04889199999999998
