0.058954497944303116
0.058954497944328096
0.058954497944279004
0.05895449794429589
0.05895449794429944
0.058954497944294165
0.05993264969276729
0.06255123766185668
0.06538504720483015
0.07444015940627587
0.09754899224007976
0.09754899224008937
0.09798724529916296
0.15365909383974333
0.14976221905018122
0.14690743301913908
0.14429560833544264
0.12691916639626097
0.12571115309593967
0.11570512198557402
0.11149864607099658
0.11076413599332348
0.11076413599332348
0.10673591110380283
0.10613261711992772
0.06357286270652017
0.063572862706479
0.06313243232101493
0.0631324323210192
0.06313243232101493
0.06340470834715464
0.06317557494781498
0.06143909789346722
0.06150454361161103
0.060427474443359386
0.06054220061103608
0.06054220061103608
0.06054220061103608
0.05972370347001516
0.05972370347001516
0.05972370347001516
0.05972370347001516
0.05807000064905538
0.05807000064905538
0.05733044294172835
0.05733044294172835
0.05733044294172835
0.05733044294172835
0.05733044294172835
0.05733044294172835
0.05704599999999991
0.05704599999999991
0.05704599999999991
0.05704599999999991
0.05704599999999991
0.05704599999999991
0.05704599999999991
0.05704599999999991
0.05704599999999991
0.05704599999999991
0.05704599999999991
0.05704599999999991
0.05704599999999991
0.05704599999999991
0.05704599999999991
0.05704599999999991
0.05704599999999991
0.05704599999999991
0.05704599999999991
0.05704599999999991
0.05704599999999991
0.05704599999999991
0.05704599999999991
0.05704599999999991
0.05704599999999991
0.05704599999999991
0.05704599999999991
0.05704599999999991
0.05704599999999991
0.05704599999999991
0.05704599999999991
0.05704599999999991
0.05704599999999991
0.05704599999999991
0.05704599999999991
0.05704599999999991
0.05704599999999991
0.05704599999999991
0.05704599999999991
0.05704599999999991
0.05704599999999991
0.05704599999999991
0.05704599999999991
0.05704599999999991
0.05704599999999991
0.05704599999999991
0.05704599999999991
0.05704599999999991
0.05704599999999991
0.05704599999999991
0.05704599999999991
