0.05088895187855629
0.05088895187858003
0.05088895187857648
0.05088895187856834
0.05088895187858189
0.050888951878566416
0.051476451429429186
0.053321532689262444
0.05606082400107413
0.06642502213282597
0.08991891834582168
0.0899189183458008
0.09079815161881132
0.13616317466386962
0.14311641405749267
0.14333330655118717
0.1443369415834694
0.13328813091000052
0.12823976277523677
0.12258864178051367
0.12016394074714755
0.11737138333640584
0.11713911921575906
0.110678293236542
0.10593118583640852
0.06931137031731197
0.06708775710520866
0.06478422019591171
0.06396352341763172
0.06149383515977757
0.05874256455444691
0.056431461004061406
0.055229606043895395
0.055229606043862546
0.053449148442731804
0.052337034542613896
0.052337034542613896
0.05231936823741211
0.05123559483294921
0.050848337655532344
0.051018177017490625
0.051018177017490625
0.05002038596686069
0.05002038596686069
0.05002038596686069
0.05002038596686069
0.05002038596686069
0.05002038596686069
0.05002038596686069
0.05002038596686069
0.04959770219750154
0.04959770219750154
0.04959770219750154
0.04959770219750154
0.04959770219750154
0.04959770219750154
0.04959770219750154
0.04959770219750154
0.04959770219750154
0.04959770219750154
0.04959770219750154
0.04959770219750154
0.04959770219750154
0.04959770219750154
0.04959770219750154
0.04959770219750154
0.04959770219750154
0.049366
0.049366
0.049366
0.049366
0.049366
0.049366
0.049366
0.049366
0.049366
0.049366
0.049366
0.049366
0.049366
0.049366
0.049366
0.049366
0.049366
0.049366
0.049366
0.049366
0.049366
0.049366
0.049366
0.049366
0.049366
0.049366
0.049366
0.049366
0.049366
0.049366
0.049366
0.049366
0.049366
0.049366
