0.04213121959042997
0.04213121959039318
0.04213121959044549
0.0421312195903806
0.04213121959040188
0.04213121959037032
0.04320680857341075
0.04454405049048566
0.0476120214546868
0.052909022623315385
0.06747303389042472
0.06747303389041649
0.06792853356539237
0.1179170533423587
0.12242154306653517
0.12398211333605655
0.12472291883622003
0.13793204795630354
0.1350879506839303
0.12949409475421472
0.12497182030998218
0.1194093382691008
0.118214098069361
0.11130564113123305
0.11106970251509378
0.05635574645949955
0.05635574645948583
0.05020249403194892
0.050065138486776455
0.05003034842213326
0.04759771908875683
0.04759771908876263
0.04694978198121949
0.046859180852075126
0.04621841677938139
0.04403237538562773
0.04403237538562773
0.04403237538562773
0.04348305400645785
0.04348305400645785
0.04320579510484741
0.04320579510484741
0.04286681024619131
0.04286681024619131
0.04286681024619131
0.04286681024619131
0.04286681024619131
0.04286681024619131
0.04286681024619131
0.04286681024619131
0.04159743625405545
0.04159743625405545
0.04159743625405545
0.04159743625405545
0.04159743625405545
0.04159743625405545
0.04159743625405545
0.041393093049612625
0.041393093049612625
0.040648396803313065
0.040648396803313065
0.040648396803313065
0.040648396803313065
0.040648396803313065
0.040648396803313065
0.040648396803313065
0.040648396803313065
0.040648396803313065
0.040648396803313065
0.040648396803313065
0.04041400000000001
0.04041400000000001
0.04041400000000001
0.04041400000000001
0.04041400000000001
0.04041400000000001
0.04041400000000001
0.04041400000000001
0.04041400000000001
0.04041400000000001
0.04041400000000001
0.04041400000000001
0.04041400000000001
0.04041400000000001
0.04041400000000001
0.04041400000000001
0.04041400000000001
0.04041400000000001
0.04041400000000001
0.04041400000000001
0.04041400000000001
0.04041400000000001
0.04041400000000001
0.04041400000000001
0.04041400000000001
0.04041400000000001
0.04041400000000001
0.04041400000000001
0.04041400000000001
0.04041400000000001
0.04041400000000001
