0.061047251351799434
0.06104725135180588
0.061047251351793945
0.061047251351777757
0.06104725135183451
0.06104725135179208
0.06121824633268377
0.06271660098291224
0.06356792810989229
0.07033519676744578
0.08454102642140715
0.08454102642140285
0.08729205941349313
0.11914576613614852
0.12737114732668592
0.13272044866188062
0.1366095986736884
0.1206989931965351
0.11877827964047845
0.1168936053919997
0.1152018107902549
0.11276602215183128
0.11084167575642376
0.10632530883251688
0.10597414104763539
0.07479270526002095
0.07479270526003166
0.07277758828877984
0.07256852780046034
0.07247259801012446
0.07256744884012481
0.07181299752333642
0.07096188706208904
0.07074498120095968
0.06794646762687687
0.0680500521518363
0.06805005215190914
0.06805005215190175
0.06565126155588072
0.06565126155590233
0.06490270717739254
0.06490270717739036
0.06490270717739356
0.06386987039510411
0.06391815718199455
0.06327805978608211
0.06277340545458931
0.06277340545458795
0.06205383664792869
0.06205383664800779
0.060341424272818446
0.060341424272818446
0.060341424272818446
0.060341424272818446
0.060341424272818446
0.060341424272818446
0.060341424272818446
0.060341424272818446
0.060341424272818446
0.060341424272818446
0.060341424272818446
0.060341424272818446
0.060341424272818446
0.060341424272818446
0.060341424272818446
0.060341424272818446
0.060341424272818446
0.060341424272818446
0.060341424272818446
0.060341424272818446
0.060341424272818446
0.060341424272818446
0.060341424272818446
0.060341424272818446
0.060341424272818446
0.060341424272818446
0.060341424272818446
0.060341424272818446
0.060341424272818446
0.060221999999999935
0.060221999999999935
0.060221999999999935
0.060221999999999935
0.060221999999999935
0.060221999999999935
0.060221999999999935
0.060221999999999935
0.060221999999999935
0.060221999999999935
0.060221999999999935
0.060221999999999935
0.060221999999999935
0.060221999999999935
0.060221999999999935
0.060221999999999935
0.060221999999999935
0.060221999999999935
0.060221999999999935
0.060221999999999935
0.060221999999999935
0.060221999999999935
