0.04357358405108309
0.04357358405109817
0.04357358405103023
0.04357358405110013
0.04357358405109307
0.04357358405108427
0.044962407775029786
0.04589044581513855
0.04966881188562853
0.060507032473906514
0.08061708061003231
0.0806170806100302
0.08250865577020224
0.1358822680640216
0.1378522331283105
0.13608547034167778
0.13568881473635463
0.13715997625580922
0.13322869430894546
0.1286079014314444
0.12682589008903786
0.12582878828117325
0.12585702847436653
0.1196607597934904
0.11516468568969455
0.06596862094260979
0.06483005678103454
0.059182251146566514
0.05918225114650853
0.05918225114658032
0.05657848469055456
0.0551536169594347
0.05465721646671615
0.0535545875175221
0.05309011730776217
0.049203193716673574
0.048950599920113975
0.048950599920113975
0.04753196765570442
0.04753196765570442
0.047501523743854815
0.04530054523045629
0.04455065415821481
0.04455065415821481
0.04455065415821481
0.04474955763397368
0.04474955763397368
0.04474955763397368
0.04474955763397368
0.04474955763397368
0.04303756201275678
0.04303756201275678
0.04303756201275678
0.04303756201275678
0.04303756201275678
0.04303756201275678
0.04303756201275678
0.04303756201275678
0.04204799999999999
0.04204799999999999
0.04204799999999999
0.04204799999999999
0.04204799999999999
0.04204799999999999
0.04204799999999999
0.04204799999999999
0.04204799999999999
0.04204799999999999
0.04204799999999999
0.04204799999999999
0.04204799999999999
0.04204799999999999
0.04204799999999999
0.04204799999999999
0.04204799999999999
0.04204799999999999
0.04204799999999999
0.04204799999999999
0.04204799999999999
0.04204799999999999
0.04204799999999999
0.04204799999999999
0.04204799999999999
0.04204799999999999
0.04204799999999999
0.04204799999999999
0.04204799999999999
0.04204799999999999
0.04204799999999999
0.04204799999999999
0.04204799999999999
0.04204799999999999
0.04204799999999999
0.04204799999999999
0.04204799999999999
0.04204799999999999
0.04204799999999999
0.04204799999999999
0.04204799999999999
0.04204799999999999
0.04204799999999999
