0.04196056791793552
0.041960567917941206
0.041960567917925705
0.04196056791794541
0.04196056791791094
0.04196056791795594
0.04318954243605603
0.045003475896093006
0.04743907099897032
0.052126176854113124
0.06700325309140592
0.06700325309140419
0.06818945873960308
0.12152407226004845
0.12202169129071015
0.12312050808499174
0.12275492700476702
0.1315630509332006
0.128988075480964
0.12108547734559014
0.11636266958199419
0.11468020288061696
0.1146556761599293
0.10960021227968078
0.10520362868940976
0.05714960176430711
0.05714960176422848
0.05430816386785856
0.05382242830011654
0.053934465601717434
0.05075192335532868
0.04910027520141749
0.047567097763347554
0.04644287341404572
0.04462942625877424
0.04346831579226065
0.04346831579226065
0.04346831579226065
0.04346831579226065
0.04346831579226065
0.04346831579226065
0.04335643320020084
0.043017275364229474
0.043017275364229474
0.043017275364229474
0.043017275364229474
0.043017275364229474
0.043017275364229474
0.043017275364229474
0.043017275364229474
0.04052545271629758
0.04052545271629758
0.04052545271629758
0.04052545271629758
0.04052545271629758
0.04052545271629758
0.04052545271629758
0.04052545271629758
0.04052545271629758
0.0402431293881644
0.0402431293881644
0.0402431293881644
0.0402431293881644
0.0402431293881644
0.0402431293881644
0.0402431293881644
0.0402431293881644
0.0402431293881644
0.0402431293881644
0.0402431293881644
0.0402431293881644
0.0402431293881644
0.0402431293881644
0.0402431293881644
0.0402431293881644
0.0402431293881644
0.0402431293881644
0.0402431293881644
0.0402431293881644
0.0402431293881644
0.0402431293881644
0.0402431293881644
0.0402431293881644
0.0402431293881644
0.0402431293881644
0.0402431293881644
0.0402431293881644
0.0402431293881644
0.0402431293881644
0.040184
0.040184
0.040184
0.040184
0.040184
0.040184
0.040184
0.040184
0.040184
0.040184
0.040184
0.040184
