0.04168529608529365
0.04168529608528757
0.041685296085293755
0.04168529608529272
0.041685296085301575
0.04168529608530266
0.04281878996675247
0.04518398628161785
0.048814997462865814
0.05933594925798853
0.07907034281206501
0.07907034281208444
0.08027511179791684
0.13879035189663863
0.13735826208198648
0.13768775053404106
0.13658281305025183
0.1311930713555186
0.13234032192641967
0.12670221473908827
0.12409670470434289
0.12010082616157945
0.11818560241567136
0.11467801114529329
0.11289144808769029
0.05456883535600788
0.05456883535600967
0.053911721747357075
0.0541764758037652
0.053372265868625694
0.05072664891457493
0.04968059719305234
0.0487983119318723
0.04709654963238383
0.04709654963238741
0.046149008666355726
0.046149008666353394
0.045976222183684724
0.044431101343886344
0.043909922970425695
0.043909922970425695
0.043909922970425695
0.04198309371663047
0.04205900240110778
0.04205900240110778
0.04205900240110778
0.04205900240110778
0.04205900240110778
0.04205900240110778
0.04205900240110778
0.040867329260508706
0.040867329260508706
0.040867329260508706
0.040867329260508706
0.040867329260508706
0.040867329260508706
0.040867329260508706
0.040867329260508706
0.040867329260508706
0.040867329260508706
0.040867329260508706
0.040867329260508706
0.040867329260508706
0.040867329260508706
0.040867329260508706
0.040867329260508706
0.040867329260508706
0.03998600000000003
0.03998600000000003
0.03998600000000003
0.03998600000000003
0.03998600000000003
0.03998600000000003
0.03998600000000003
0.03998600000000003
0.03998600000000003
0.03998600000000003
0.03998600000000003
0.03998600000000003
0.03998600000000003
0.03998600000000003
0.03998600000000003
0.03998600000000003
0.03998600000000003
0.03998600000000003
0.03998600000000003
0.03998600000000003
0.03998600000000003
0.03998600000000003
0.03998600000000003
0.03998600000000003
0.03998600000000003
0.03998600000000003
0.03998600000000003
0.03998600000000003
0.03998600000000003
0.03998600000000003
0.03998600000000003
0.03998600000000003
0.03998600000000003
0.03998600000000003
