0.046080687488157294
0.04608068748814489
0.04608068748815076
0.04608068748820471
0.046080687488160736
0.046080687488201676
0.04677108732941036
0.04905086327043223
0.051371560605356775
0.06106249490349364
0.08048037918439473
0.08048037918437614
0.08059449279030066
0.1321683770127193
0.13116707856458634
0.12986133045152606
0.12788620014644012
0.12527193139573797
0.125799729671665
0.11717009161224953
0.11592390773537989
0.11531063362156331
0.11531063362156331
0.1090815416860872
0.10838896548778766
0.06448793026415149
0.06334794783875242
0.06269290777430124
0.06269290777429753
0.0613261082387849
0.061536367715943764
0.06063658302120028
0.0570644745726379
0.05390092089298136
0.05390092089298136
0.05076387700458697
0.05076387700458697
0.05076387700458697
0.05043886597235279
0.0488426724746867
0.0488426724746867
0.0488426724746867
0.047330391216837076
0.047330391216837076
0.0460099465797435
0.0460099465797435
0.0460099465797435
0.0460099465797435
0.0460099465797435
0.0460099465797435
0.044751999999999965
0.044751999999999965
0.044751999999999965
0.044751999999999965
0.044751999999999965
0.044751999999999965
0.044751999999999965
0.044751999999999965
0.044751999999999965
0.044751999999999965
0.044751999999999965
0.044751999999999965
0.044751999999999965
0.044751999999999965
0.044751999999999965
0.044751999999999965
0.044751999999999965
0.044751999999999965
0.044751999999999965
0.044751999999999965
0.044751999999999965
0.044751999999999965
0.044751999999999965
0.044751999999999965
0.044751999999999965
0.044751999999999965
0.044751999999999965
0.044751999999999965
0.044751999999999965
0.044751999999999965
0.044751999999999965
0.044751999999999965
0.044751999999999965
0.044751999999999965
0.044751999999999965
0.044751999999999965
0.044751999999999965
0.044751999999999965
0.044751999999999965
0.044751999999999965
0.044751999999999965
0.044751999999999965
0.044751999999999965
0.044751999999999965
0.044751999999999965
0.044751999999999965
0.044751999999999965
0.044751999999999965
0.044751999999999965
0.044751999999999965
0.044751999999999965
