0.05792378303945809
0.05792378303945829
0.05792378303946894
0.05792378303946849
0.057923783039500534
0.05792378303947606
0.06504029232373765
0.07581986676503363
0.11408529100709121
0.13752849691073588
0.14579061037877158
0.14579061037877186
0.14409188288744373
0.1160909388946909
0.11540099530223628
0.1148200581172253
0.11293453165671287
0.04744701823245067
0.04682989686239419
0.04488761352676414
0.04402337616824171
0.04402337616824171
0.04402337616824171
0.0426316830755087
0.0426316830755087
0.04251025171065481
0.04251025171065481
0.04081215772179618
0.04081215772179618
0.04081215772179618
0.04081215772179618
0.04081215772179618
0.04081215772179618
0.04081215772179618
0.04081215772179618
0.04081215772179618
0.04081215772179618
0.04041400000000001
0.04041400000000001
0.04041400000000001
0.04041400000000001
0.04041400000000001
0.04041400000000001
0.04041400000000001
0.04041400000000001
0.04041400000000001
0.04041400000000001
0.04041400000000001
0.04041400000000001
0.04041400000000001
0.04041400000000001
0.04041400000000001
0.04041400000000001
0.04041400000000001
0.04041400000000001
0.04041400000000001
0.04041400000000001
0.04041400000000001
0.04041400000000001
0.04041400000000001
0.04041400000000001
0.04041400000000001
0.04041400000000001
0.04041400000000001
0.04041400000000001
0.04041400000000001
0.04041400000000001
0.04041400000000001
0.04041400000000001
0.04041400000000001
0.04041400000000001
0.04041400000000001
0.04041400000000001
0.04041400000000001
0.04041400000000001
0.04041400000000001
0.04041400000000001
0.04041400000000001
0.04041400000000001
0.04041400000000001
0.04041400000000001
0.04041400000000001
0.04041400000000001
0.04041400000000001
0.04041400000000001
0.04041400000000001
0.04041400000000001
0.04041400000000001
0.04041400000000001
0.04041400000000001
0.04041400000000001
0.04041400000000001
0.04041400000000001
0.04041400000000001
0.04041400000000001
0.04041400000000001
0.04041400000000001
0.04041400000000001
0.04041400000000001
0.04041400000000001
0.04041400000000001
