0.06568640955835595
0.06568640955837907
0.06568640955836483
0.06568640955835178
0.06568640955837957
0.06568640955835137
0.0728084100440444
0.0880325320586953
0.12542888211696102
0.14961693458606498
0.15885498008618226
0.15885498008617907
0.15840210936417845
0.12560056245984283
0.12246853003127516
0.11917740749158959
0.11836597671312275
0.057918722259299504
0.056499624784153615
0.056499624784145934
0.0556452729525849
0.054675271262931244
0.05197573538947558
0.05188856458816497
0.051800375510934464
0.051920859841912595
0.05061072862880084
0.049366
0.049366
0.049366
0.049366
0.049366
0.049366
0.049366
0.049366
0.049366
0.049366
0.049366
0.049366
0.049366
0.049366
0.049366
0.049366
0.049366
0.049366
0.049366
0.049366
0.049366
0.049366
0.049366
0.049366
0.049366
0.049366
0.049366
0.049366
0.049366
0.049366
0.049366
0.049366
0.049366
0.049366
0.049366
0.049366
0.049366
0.049366
0.049366
0.049366
0.049366
0.049366
0.049366
0.049366
0.049366
0.049366
0.049366
0.049366
0.049366
0.049366
0.049366
0.049366
0.049366
0.049366
0.049366
0.049366
0.049366
0.049366
0.049366
0.049366
0.049366
0.049366
0.049366
0.049366
0.049366
0.049366
0.049366
0.049366
0.049366
0.049366
0.049366
0.049366
0.049366
0.049366
