0.07653327413478195
0.07653327413476016
0.07653327413477425
0.07653327413475348
0.07653327413478746
0.07653327413477838
0.08722166281042744
0.1067096757706473
0.13146915524173133
0.15373475889580884
0.15436160714103678
0.1543616071410368
0.15407401854166544
0.116251473996806
0.11374499339314754
0.11294155656413497
0.1094862480532376
0.06167010771108873
0.06167010771108177
0.06093087191909081
0.06093087191909622
0.06093087191906903
0.06093087191908376
0.058656375216837316
0.05865637521681067
0.05704599999999991
0.05704599999999991
0.05704599999999991
0.05704599999999991
0.05704599999999991
0.05704599999999991
0.05704599999999991
0.05704599999999991
0.05704599999999991
0.05704599999999991
0.05704599999999991
0.05704599999999991
0.05704599999999991
0.05704599999999991
0.05704599999999991
0.05704599999999991
0.05704599999999991
0.05704599999999991
0.05704599999999991
0.05704599999999991
0.05704599999999991
0.05704599999999991
0.05704599999999991
0.05704599999999991
0.05704599999999991
0.05704599999999991
0.05704599999999991
0.05704599999999991
0.05704599999999991
0.05704599999999991
0.05704599999999991
0.05704599999999991
0.05704599999999991
0.05704599999999991
0.05704599999999991
0.05704599999999991
0.05704599999999991
0.05704599999999991
0.05704599999999991
0.05704599999999991
0.05704599999999991
0.05704599999999991
0.05704599999999991
0.05704599999999991
0.05704599999999991
0.05704599999999991
0.05704599999999991
0.05704599999999991
0.05704599999999991
0.05704599999999991
0.05704599999999991
0.05704599999999991
0.05704599999999991
0.05704599999999991
0.05704599999999991
0.05704599999999991
0.05704599999999991
0.05704599999999991
0.05704599999999991
0.05704599999999991
0.05704599999999991
0.05704599999999991
0.05704599999999991
0.05704599999999991
0.05704599999999991
0.05704599999999991
0.05704599999999991
0.05704599999999991
0.05704599999999991
0.05704599999999991
0.05704599999999991
0.05704599999999991
0.05704599999999991
0.05704599999999991
0.05704599999999991
0.05704599999999991
