0.0633073453505334
0.06330734535053882
0.06330734535051823
0.0633073453505286
0.06330734535052518
0.06330734535053076
0.07007377399766351
0.08616445183455271
0.1174914404074261
0.14819728190360398
0.1539817364316749
0.15398173643166388
0.15368052941442312
0.12170444006655572
0.11824192432416938
0.11665105356285668
0.11360539052879606
0.05320234827542314
0.052610590101778786
0.04935748312061216
0.04935748312061216
0.04832621765934891
0.04832621765934891
0.046737602359817734
0.046737602359817734
0.04598371954842538
0.04543691080688758
0.044446596619460946
0.044446596619460946
0.044446596619460946
0.044446596619460946
0.044446596619460946
0.044446596619460946
0.044446596619460946
0.04359912376779838
0.04204799999999999
0.04204799999999999
0.04204799999999999
0.04204799999999999
0.04204799999999999
0.04204799999999999
0.04204799999999999
0.04204799999999999
0.04204799999999999
0.04204799999999999
0.04204799999999999
0.04204799999999999
0.04204799999999999
0.04204799999999999
0.04204799999999999
0.04204799999999999
0.04204799999999999
0.04204799999999999
0.04204799999999999
0.04204799999999999
0.04204799999999999
0.04204799999999999
0.04204799999999999
0.04204799999999999
0.04204799999999999
0.04204799999999999
0.04204799999999999
0.04204799999999999
0.04204799999999999
0.04204799999999999
0.04204799999999999
0.04204799999999999
0.04204799999999999
0.04204799999999999
0.04204799999999999
0.04204799999999999
0.04204799999999999
0.04204799999999999
0.04204799999999999
0.04204799999999999
0.04204799999999999
0.04204799999999999
0.04204799999999999
0.04204799999999999
0.04204799999999999
0.04204799999999999
0.04204799999999999
0.04204799999999999
0.04204799999999999
0.04204799999999999
0.04204799999999999
0.04204799999999999
0.04204799999999999
0.04204799999999999
0.04204799999999999
0.04204799999999999
0.04204799999999999
0.04204799999999999
0.04204799999999999
0.04204799999999999
0.04204799999999999
0.04204799999999999
0.04204799999999999
0.04204799999999999
0.04204799999999999
0.04204799999999999
