0.057048701379343175
0.05704870137933719
0.0570487013793194
0.057048701379325835
0.057048701379355624
0.05704870137932716
0.06197802865168706
0.07155715408790574
0.09905249614131037
0.13788309816880037
0.1465640715077499
0.1465640715077513
0.14477930005141837
0.11910335991290702
0.11510091104297174
0.11163237155132413
0.1088812702385788
0.046711091170935776
0.0447371508159651
0.04166104022348179
0.04166104022348179
0.04104694360013498
0.04104694360013498
0.04052542725802053
0.04052542725802053
0.0405143495254048
0.0405143495254048
0.0405143495254048
0.0405143495254048
0.0405143495254048
0.0405143495254048
0.04035555555555547
0.04035555555555547
0.04035555555555547
0.04035555555555547
0.04035555555555547
0.040184
0.040184
0.040184
0.040184
0.040184
0.040184
0.040184
0.040184
0.040184
0.040184
0.040184
0.040184
0.040184
0.040184
0.040184
0.040184
0.040184
0.040184
0.040184
0.040184
0.040184
0.040184
0.040184
0.040184
0.040184
0.040184
0.040184
0.040184
0.040184
0.040184
0.040184
0.040184
0.040184
0.040184
0.040184
0.040184
0.040184
0.040184
0.040184
0.040184
0.040184
0.040184
0.040184
0.040184
0.040184
0.040184
0.040184
0.040184
0.040184
0.040184
0.040184
0.040184
0.040184
0.040184
0.040184
0.040184
0.040184
0.040184
0.040184
0.040184
0.040184
0.040184
0.040184
0.040184
0.040184
