0.061819990836146706
0.0618199908361736
0.061819990836185085
0.06181999083618505
0.06181999083617691
0.06181999083615446
0.07042149719077108
0.08809990238066376
0.12123564591682547
0.14292128694522352
0.13922416436160903
0.13922416436160825
0.13843092858689357
0.11043079645655843
0.10760876865519953
0.10570033365300696
0.10620617643480856
0.053041467810539845
0.053041467810539845
0.049275348764710354
0.049275348764710354
0.04865101214574907
0.04865101214574907
0.04865101214574907
0.04732741935483856
0.044751999999999965
0.044751999999999965
0.044751999999999965
0.044751999999999965
0.044751999999999965
0.044751999999999965
0.044751999999999965
0.044751999999999965
0.044751999999999965
0.044751999999999965
0.044751999999999965
0.044751999999999965
0.044751999999999965
0.044751999999999965
0.044751999999999965
0.044751999999999965
0.044751999999999965
0.044751999999999965
0.044751999999999965
0.044751999999999965
0.044751999999999965
0.044751999999999965
0.044751999999999965
0.044751999999999965
0.044751999999999965
0.044751999999999965
0.044751999999999965
0.044751999999999965
0.044751999999999965
0.044751999999999965
0.044751999999999965
0.044751999999999965
0.044751999999999965
0.044751999999999965
0.044751999999999965
0.044751999999999965
0.044751999999999965
0.044751999999999965
0.044751999999999965
0.044751999999999965
0.044751999999999965
0.044751999999999965
0.044751999999999965
0.044751999999999965
0.044751999999999965
0.044751999999999965
0.044751999999999965
0.044751999999999965
0.044751999999999965
0.044751999999999965
0.044751999999999965
0.044751999999999965
0.044751999999999965
0.044751999999999965
0.044751999999999965
0.044751999999999965
0.044751999999999965
0.044751999999999965
0.044751999999999965
0.044751999999999965
0.044751999999999965
0.044751999999999965
0.044751999999999965
0.044751999999999965
0.044751999999999965
0.044751999999999965
0.044751999999999965
0.044751999999999965
0.044751999999999965
0.044751999999999965
0.044751999999999965
0.044751999999999965
0.044751999999999965
0.044751999999999965
0.044751999999999965
0.044751999999999965
