0.06446731596985299
0.0644673159698944
0.0644673159698893
0.06446731596988726
0.06446731596986133
0.06446731596985372
0.0712646876959022
0.09202057839702141
0.1257610355739276
0.15107798323974633
0.15477036990711765
0.15477036990711707
0.15334470738553932
0.13088285668514088
0.12468292035281607
0.12306445769763927
0.1226410479191866
0.05475827311906721
0.054135969275140215
0.053306320881907385
0.05298704699230576
0.05166006931423777
0.05166006931423777
0.046276456876456824
0.046276456876456824
0.046032952641997894
0.046032952641997894
0.046032952641997894
0.046032952641997894
0.046032952641997894
0.046032952641997894
0.046032952641997894
0.046032952641997894
0.046032952641997894
0.046032952641997894
0.045353999999999985
0.045353999999999985
0.045353999999999985
0.045353999999999985
0.045353999999999985
0.045353999999999985
0.045353999999999985
0.045353999999999985
0.045353999999999985
0.045353999999999985
0.045353999999999985
0.045353999999999985
0.045353999999999985
0.045353999999999985
0.045353999999999985
0.045353999999999985
0.045353999999999985
0.045353999999999985
0.045353999999999985
0.045353999999999985
0.045353999999999985
0.045353999999999985
0.045353999999999985
0.045353999999999985
0.045353999999999985
0.045353999999999985
0.045353999999999985
0.045353999999999985
0.045353999999999985
0.045353999999999985
0.045353999999999985
0.045353999999999985
0.045353999999999985
0.045353999999999985
0.045353999999999985
0.045353999999999985
0.045353999999999985
0.045353999999999985
0.045353999999999985
0.045353999999999985
0.045353999999999985
0.045353999999999985
0.045353999999999985
0.045353999999999985
0.045353999999999985
0.045353999999999985
0.045353999999999985
0.045353999999999985
0.045353999999999985
0.045353999999999985
0.045353999999999985
0.045353999999999985
0.045353999999999985
0.045353999999999985
0.045353999999999985
0.045353999999999985
0.045353999999999985
0.045353999999999985
0.045353999999999985
0.045353999999999985
0.045353999999999985
0.045353999999999985
0.045353999999999985
0.045353999999999985
0.045353999999999985
0.045353999999999985
