0.06589150174887863
0.06589150174888256
0.06589150174887004
0.06589150174888933
0.0658915017488789
0.06589150174887119
0.07464107297236482
0.09296851951146486
0.13245275839729673
0.1542124988208389
0.14768098938435953
0.14768098938436253
0.1450725266931785
0.11348325375232417
0.11130310040056667
0.10914202431066032
0.10670885241799766
0.05849874604973421
0.058191948470209226
0.05825970658478333
0.05825970658478333
0.05825970658478333
0.05825970658478333
0.05606198234894753
0.05606198234894753
0.051562311557788953
0.051562311557788953
0.050624096385542106
0.050624096385542106
0.050624096385542106
0.050624096385542106
0.050624096385542106
0.050624096385542106
0.04889199999999998
0.04889199999999998
0.04889199999999998
0.04889199999999998
0.04889199999999998
0.04889199999999998
0.04889199999999998
0.04889199999999998
0.04889199999999998
0.04889199999999998
0.04889199999999998
0.04889199999999998
0.04889199999999998
0.04889199999999998
0.04889199999999998
0.04889199999999998
0.04889199999999998
0.04889199999999998
0.04889199999999998
0.04889199999999998
0.04889199999999998
0.04889199999999998
0.04889199999999998
0.04889199999999998
0.04889199999999998
0.04889199999999998
0.04889199999999998
0.04889199999999998
0.04889199999999998
0.04889199999999998
0.04889199999999998
0.04889199999999998
0.04889199999999998
0.04889199999999998
0.04889199999999998
0.04889199999999998
0.04889199999999998
0.04889199999999998
0.04889199999999998
0.04889199999999998
0.04889199999999998
0.04889199999999998
0.04889199999999998
0.04889199999999998
0.04889199999999998
0.04889199999999998
0.04889199999999998
0.04889199999999998
0.04889199999999998
0.04889199999999998
0.04889199999999998
0.04889199999999998
0.04889199999999998
0.04889199999999998
0.04889199999999998
0.04889199999999998
0.04889199999999998
0.04889199999999998
0.04889199999999998
0.04889199999999998
0.04889199999999998
0.04889199999999998
0.04889199999999998
0.04889199999999998
0.04889199999999998
0.04889199999999998
0.04889199999999998
0.04889199999999998
