0.07255334517831512
0.07255334517829103
0.07255334517828979
0.07255334517829301
0.07255334517829122
0.07255334517829422
0.07870401641693675
0.09310526869289064
0.13063123418211625
0.1564107974099534
0.14851911163882994
0.14851911163882822
0.14663878086189713
0.11785702034756387
0.11445185748900523
0.113091560023712
0.10995531995119412
0.06530181869575545
0.06451875725941766
0.0632832151300235
0.0632832151300235
0.0632832151300235
0.0632832151300235
0.06243103486937991
0.06243103486937991
0.060653042992741504
0.060653042992741504
0.060653042992741504
0.060653042992741504
0.060653042992741504
0.06047402945113779
0.060221999999999935
0.060221999999999935
0.060221999999999935
0.060221999999999935
0.060221999999999935
0.060221999999999935
0.060221999999999935
0.060221999999999935
0.060221999999999935
0.060221999999999935
0.060221999999999935
0.060221999999999935
0.060221999999999935
0.060221999999999935
0.060221999999999935
0.060221999999999935
0.060221999999999935
0.060221999999999935
0.060221999999999935
0.060221999999999935
0.060221999999999935
0.060221999999999935
0.060221999999999935
0.060221999999999935
0.060221999999999935
0.060221999999999935
0.060221999999999935
0.060221999999999935
0.060221999999999935
0.060221999999999935
0.060221999999999935
0.060221999999999935
0.060221999999999935
0.060221999999999935
0.060221999999999935
0.060221999999999935
0.060221999999999935
0.060221999999999935
0.060221999999999935
0.060221999999999935
0.060221999999999935
0.060221999999999935
0.060221999999999935
0.060221999999999935
0.060221999999999935
0.060221999999999935
0.060221999999999935
0.060221999999999935
0.060221999999999935
0.060221999999999935
0.060221999999999935
0.060221999999999935
0.060221999999999935
0.060221999999999935
0.060221999999999935
0.060221999999999935
0.060221999999999935
0.060221999999999935
0.060221999999999935
0.060221999999999935
0.060221999999999935
0.060221999999999935
0.060221999999999935
0.060221999999999935
0.060221999999999935
0.060221999999999935
0.060221999999999935
0.060221999999999935
0.060221999999999935
0.060221999999999935
