0.10678161785304581
0.10678161785304521
0.10678161785304897
0.10678161785304705
0.10678161785304577
0.10678161785304607
0.1281572808107763
0.13848116872864696
0.14080396978929224
0.13104424718336105
0.09569173291047073
0.09569173291047872
0.09332805818795545
0.04932792992549064
0.04900445586333889
0.04900445586333889
0.04900445586333889
0.04900445586333889
0.04900445586333889
0.04900445586333889
0.04844848484848481
0.046032952641997894
0.046032952641997894
0.046032952641997894
0.046032952641997894
0.046032952641997894
0.046032952641997894
0.046032952641997894
0.046032952641997894
0.046032952641997894
0.046032952641997894
0.046032952641997894
0.045353999999999985
0.045353999999999985
0.045353999999999985
0.045353999999999985
0.045353999999999985
0.045353999999999985
0.045353999999999985
0.045353999999999985
0.045353999999999985
0.045353999999999985
0.045353999999999985
0.045353999999999985
0.045353999999999985
0.045353999999999985
0.045353999999999985
0.045353999999999985
0.045353999999999985
0.045353999999999985
0.045353999999999985
0.045353999999999985
0.045353999999999985
0.045353999999999985
0.045353999999999985
0.045353999999999985
0.045353999999999985
0.045353999999999985
0.045353999999999985
0.045353999999999985
0.045353999999999985
0.045353999999999985
0.045353999999999985
0.045353999999999985
0.045353999999999985
0.045353999999999985
0.045353999999999985
0.045353999999999985
0.045353999999999985
0.045353999999999985
0.045353999999999985
0.045353999999999985
0.045353999999999985
0.045353999999999985
0.045353999999999985
0.045353999999999985
0.045353999999999985
0.045353999999999985
0.045353999999999985
0.045353999999999985
0.045353999999999985
0.045353999999999985
0.045353999999999985
0.045353999999999985
0.045353999999999985
0.045353999999999985
0.045353999999999985
0.045353999999999985
0.045353999999999985
0.045353999999999985
0.045353999999999985
0.045353999999999985
0.045353999999999985
0.045353999999999985
0.045353999999999985
0.045353999999999985
0.045353999999999985
0.045353999999999985
0.045353999999999985
0.045353999999999985
0.045353999999999985
