0.08423764395718172
0.08423764395718306
0.08423764395718289
0.08423764395718092
0.08423764395718214
0.08423764395717942
0.10572795246131188
0.1303051972434161
0.13998871833743737
0.13415602549038144
0.10472187937092742
0.10472187937092742
0.10423342093785061
0.04372023533253287
0.04372023533253287
0.04372023533253287
0.04372023533253287
0.0405143495254048
0.0405143495254048
0.0405143495254048
0.0405143495254048
0.0405143495254048
0.0405143495254048
0.0405143495254048
0.040184
0.040184
0.040184
0.040184
0.040184
0.040184
0.040184
0.040184
0.040184
0.040184
0.040184
0.040184
0.040184
0.040184
0.040184
0.040184
0.040184
0.040184
0.040184
0.040184
0.040184
0.040184
0.040184
0.040184
0.040184
0.040184
0.040184
0.040184
0.040184
0.040184
0.040184
0.040184
0.040184
0.040184
0.040184
0.040184
0.040184
0.040184
0.040184
0.040184
0.040184
0.040184
0.040184
0.040184
0.040184
0.040184
0.040184
0.040184
0.040184
0.040184
0.040184
0.040184
0.040184
0.040184
0.040184
0.040184
0.040184
0.040184
0.040184
0.040184
0.040184
0.040184
0.040184
0.040184
0.040184
0.040184
0.040184
0.040184
0.040184
0.040184
0.040184
0.040184
0.040184
0.040184
0.040184
0.040184
0.040184
