0.08423764395718632
0.08423764395718195
0.08423764395718251
0.08423764395718517
0.08423764395718185
0.08423764395718542
0.10572795246131009
0.13030519724341497
0.13998871833744295
0.13415602549037597
0.10472187937092742
0.10472187937092742
0.10423342093785061
0.04372023533253287
0.04372023533253287
0.04372023533253287
0.04372023533253287
0.0405143495254048
0.0405143495254048
0.0405143495254048
0.0405143495254048
0.0405143495254048
0.0405143495254048
0.0405143495254048
0.040184
0.040184
0.040184
0.040184
0.040184
0.040184
0.040184
0.040184
0.040184
0.040184
0.040184
0.040184
0.040184
0.040184
0.040184
0.040184
0.040184
0.040184
0.040184
0.040184
0.040184
0.040184
0.040184
0.040184
0.040184
0.040184
0.040184
0.040184
0.040184
0.040184
0.040184
0.040184
0.040184
0.040184
0.040184
0.040184
0.040184
0.040184
0.040184
0.040184
0.040184
0.040184
0.040184
0.040184
0.040184
0.040184
0.040184
0.040184
0.040184
0.040184
0.040184
0.040184
0.040184
0.040184
0.040184
0.040184
0.040184
0.040184
0.040184
0.040184
0.040184
0.040184
0.040184
0.040184
0.040184
0.040184
0.040184
0.040184
0.040184
0.040184
0.040184
0.040184
0.040184
0.040184
0.040184
0.040184
0.040184
