0.11297186063960657
0.11297186063960331
0.11297186063960428
0.1129718606396015
0.11297186063960023
0.11297186063959845
0.14165589577977414
0.14858970988671444
0.1458029492315252
0.1313799084821801
0.10066479159543511
0.10066479159542478
0.0998839943637574
0.05840678391959797
0.05840678391959797
0.05840678391959797
0.05840678391959797
0.05704599999999991
0.05704599999999991
0.05704599999999991
0.05704599999999991
0.05704599999999991
0.05704599999999991
0.05704599999999991
0.05704599999999991
0.05704599999999991
0.05704599999999991
0.05704599999999991
0.05704599999999991
0.05704599999999991
0.05704599999999991
0.05704599999999991
0.05704599999999991
0.05704599999999991
0.05704599999999991
0.05704599999999991
0.05704599999999991
0.05704599999999991
0.05704599999999991
0.05704599999999991
0.05704599999999991
0.05704599999999991
0.05704599999999991
0.05704599999999991
0.05704599999999991
0.05704599999999991
0.05704599999999991
0.05704599999999991
0.05704599999999991
0.05704599999999991
0.05704599999999991
0.05704599999999991
0.05704599999999991
0.05704599999999991
0.05704599999999991
0.05704599999999991
0.05704599999999991
0.05704599999999991
0.05704599999999991
0.05704599999999991
0.05704599999999991
0.05704599999999991
0.05704599999999991
0.05704599999999991
0.05704599999999991
0.05704599999999991
0.05704599999999991
0.05704599999999991
0.05704599999999991
0.05704599999999991
0.05704599999999991
0.05704599999999991
0.05704599999999991
0.05704599999999991
0.05704599999999991
0.05704599999999991
0.05704599999999991
0.05704599999999991
0.05704599999999991
0.05704599999999991
0.05704599999999991
0.05704599999999991
0.05704599999999991
0.05704599999999991
0.05704599999999991
0.05704599999999991
0.05704599999999991
0.05704599999999991
0.05704599999999991
0.05704599999999991
0.05704599999999991
0.05704599999999991
0.05704599999999991
0.05704599999999991
0.05704599999999991
0.05704599999999991
0.05704599999999991
0.05704599999999991
0.05704599999999991
0.05704599999999991
0.05704599999999991
