6
14
7
6
5
5
5
5
6
5
5
5
5
14
11
5
6
11
8
5
6
6
5
5
5
7
5
11
5
6
5
29
5
5
5
6
5
6
6
8
5
5
5
5
6
5
5
5
6
10
6
7
8
5
5
5
14
5
5
5
5
7
6
5
7
5
5
6
5
6
5
5
6
5
6
8
7
5
6
5
6
6
5
5
6
7
8
5
5
6
5
5
11
5
5
6
5
5
5
5
5
5
6
6
6
6
5
5
5
6
5
6
6
5
6
5
8
5
6
6
5
6
5
6
7
5
5
5
5
6
5
6
5
5
5
5
5
6
5
6
6
6
5
6
6
6
5
5
5
5
9
5
5
6
5
5
7
5
5
5
5
8
5
5
5
6
5
5
5
5
5
5
7
7
5
6
6
6
7
5
5
5
7
5
6
6
5
5
5
6
5
5
6
6
6
6
5
6
5
5
6
5
5
6
5
5
5
6
6
5
5
5
5
6
6
5
5
5
5
6
11
5
5
5
5
6
6
5
5
5
5
5
6
6
6
5
5
6
5
5
6
5
5
5
6
5
5
5
5
5
5
5
5
5
