5
13
6
6
5
5
6
5
5
5
6
5
15
5
6
23
6
6
10
7
7
20
6
8
5
5
5
5
6
7
9
7
8
7
7
5
6
5
6
6
8
7
7
5
6
5
5
7
7
5
23
8
5
7
6
6
5
6
6
7
6
5
7
8
6
6
12
7
8
5
7
6
5
5
6
7
5
6
5
7
7
7
5
5
5
5
11
5
22
7
6
5
6
5
5
5
5
5
5
6
5
6
9
5
8
6
5
5
6
8
8
6
5
5
5
6
7
6
6
7
5
7
5
5
6
5
10
5
5
6
6
9
6
7
5
6
5
5
6
7
5
5
8
6
7
5
6
7
5
6
5
5
5
7
7
5
6
7
6
5
5
6
6
14
5
6
7
7
9
6
5
14
7
5
6
6
5
10
6
5
5
6
5
7
5
5
8
5
6
5
5
5
5
6
5
5
10
7
5
5
6
5
6
6
5
6
7
6
5
6
5
5
5
6
7
6
5
5
6
6
6
5
7
11
5
5
6
5
5
5
7
6
5
6
5
5
7
5
5
6
6
5
7
6
5
6
6
5
7
5
5
6
5
7
6
6
7
7
5
5
5
5
5
6
6
5
7
7
6
7
5
5
5
7
6
6
5
6
5
5
7
5
5
5
5
5
5
5
5
5
