4
304
32
4
108
4
4
41
4
5
4
4
6
4
4
5
4
4
4
5
5
14
5
46
4
4
6
4
4
4
5
4
5
4
4
5
6
4
4
45
6
5
4
7
5
5
5
4
4
4
4
4
5
4
4
6
6
6
4
5
4
5
5
4
6
4
6
7
5
5
4
4
5
4
9
5
5
4
6
5
4
5
4
6
6
4
4
21
4
5
5
4
4
5
4
6
4
7
5
5
4
5
4
5
5
4
4
6
4
5
5
6
4
6
4
14
4
4
4
9
14
5
4
5
15
4
5
4
4
5
6
14
5
4
6
5
5
4
5
4
6
4
6
5
4
5
4
4
4
6
7
5
6
6
5
4
4
5
4
6
6
5
4
4
4
4
6
4
4
7
4
5
4
4
4
5
4
4
4
5
5
6
5
4
4
4
13
4
5
10
4
5
6
5
4
4
4
5
5
4
5
8
6
5
4
4
4
4
4
4
4
4
9
4
4
5
5
4
4
4
5
4
4
4
4
6
5
6
4
4
4
4
4
4
4
5
4
4
4
4
4
5
5
4
4
4
4
4
4
4
4
4
4
4
