7
8
5
5
31
6
5
5
6
5
5
56
6
6
5
6
5
5
8
6
5
32
50
5
6
7
5
6
5
5
5
28
6
6
6
7
5
15
5
6
35
5
6
6
6
8
5
5
12
7
14
8
6
5
7
5
5
21
5
22
7
6
7
5
6
5
5
7
5
6
7
7
7
23
8
6
6
30
8
5
6
7
9
8
41
5
5
6
5
7
5
6
9
6
5
6
11
6
5
5
7
12
7
6
6
5
5
6
5
5
6
5
6
5
5
20
5
6
6
7
5
6
5
5
6
5
6
7
7
5
6
5
6
7
6
6
5
6
5
7
5
5
5
5
5
7
7
9
7
5
5
6
7
6
5
5
7
7
6
5
5
8
6
8
5
5
5
5
9
5
9
6
6
8
6
6
5
5
6
9
15
7
5
12
7
5
7
5
6
6
5
5
9
5
6
6
6
5
6
7
5
6
6
5
5
5
6
5
6
6
6
14
5
5
5
18
5
6
7
5
5
5
7
7
6
5
7
5
5
5
5
6
6
6
5
5
5
5
5
5
7
5
7
5
9
6
5
7
5
6
5
5
5
5
5
5
6
5
8
5
5
6
5
5
5
5
7
5
5
5
8
7
6
5
5
5
5
6
5
5
