7
5
5
6
5
5
6
5
5
11
7
7
6
5
22
5
6
6
7
5
6
26
5
6
7
5
6
5
5
5
18
6
6
6
7
5
15
5
6
22
5
6
6
6
6
8
7
5
5
5
12
5
7
6
8
5
5
7
19
5
7
7
6
7
5
6
5
7
6
5
6
5
5
6
5
31
6
7
6
7
8
7
6
6
5
6
7
23
9
13
9
6
5
5
6
5
7
13
5
6
5
6
5
5
7
6
12
7
6
5
6
5
5
6
6
5
6
5
12
5
6
5
7
5
5
6
7
5
6
7
9
5
5
5
5
6
5
5
6
5
5
6
16
5
6
6
6
5
14
6
7
6
9
6
5
6
5
7
5
7
6
11
6
7
6
8
8
7
5
6
7
6
5
5
7
7
6
5
5
8
6
5
6
6
5
5
5
5
5
6
9
6
5
5
6
9
6
5
12
7
5
7
5
6
7
6
5
5
6
6
6
6
5
7
5
6
5
5
5
6
5
6
5
6
6
14
5
5
7
5
7
5
5
5
8
7
7
6
7
5
5
5
5
5
5
5
6
5
5
5
5
7
6
5
9
5
5
6
5
8
5
5
5
5
5
5
5
7
8
6
7
5
5
6
5
5
5
5
5
5
7
5
5
5
7
6
5
6
6
5
