3
3
21
6
3
14
3
3
16
3
3
13
8
4
3
3
9
3
9
3
3
31
3
3
3
3
4
17
3
3
9
3
4
3
5
3
3
3
3
18
3
3
3
3
4
4
3
3
5
3
3
12
15
3
3
13
3
9
3
3
3
8
3
3
3
3
3
5
3
3
12
3
3
3
19
3
3
4
3
3
5
3
3
3
3
3
10
4
7
3
3
13
3
3
3
3
3
3
3
5
3
4
6
3
14
3
3
3
4
3
4
3
3
4
4
8
3
3
4
3
3
4
3
3
3
3
3
3
3
3
3
3
4
4
3
5
3
3
3
5
3
4
3
3
3
3
3
3
3
4
3
3
3
3
3
3
3
3
3
3
3
3
3
3
3
3
3
3
3
3
3
3
4
3
3
3
3
4
3
3
3
3
3
3
3
3
3
3
3
3
3
3
3
3
3
3
4
3
3
3
3
3
3
3
3
3
3
3
3
3
3
3
3
3
3
3
4
3
3
3
3
3
3
3
3
3
3
3
3
3
3
3
3
3
3
3
3
3
3
3
3
3
3
3
3
3
3
3
3
3
3
3
3
3
3
3
3
3
3
3
3
3
3
3
3
3
3
3
3
3
3
