6
55
9
6
7
5
5
6
6
5
46
5
5
7
42
5
5
6
7
11
7
34
8
45
10
5
5
5
27
7
5
5
57
5
5
5
5
6
6
6
21
5
7
5
8
5
6
5
8
5
15
10
12
6
49
8
5
7
5
5
5
5
7
5
5
5
7
6
6
6
5
7
7
5
5
13
9
7
7
6
6
9
5
5
6
7
12
12
5
6
5
5
5
28
5
8
5
5
6
5
5
6
5
6
5
5
6
5
6
6
5
5
20
6
7
5
5
22
6
6
5
7
6
5
5
7
5
5
5
7
9
7
5
6
5
5
6
5
5
5
5
5
6
8
5
6
6
5
5
6
5
5
7
5
9
5
5
5
13
5
12
5
18
7
5
8
5
5
5
5
18
5
5
5
5
9
5
14
5
7
7
5
6
6
6
5
7
5
5
5
7
6
6
5
5
6
5
6
6
6
6
8
5
5
5
6
5
6
5
5
5
6
6
5
5
5
5
6
6
5
7
7
6
10
7
12
5
5
5
5
6
7
9
6
5
5
5
5
5
5
6
6
6
8
5
5
6
5
5
6
5
5
5
6
5
5
5
5
5
5
5
5
5
