6
6
31
5
5
54
6
8
5
6
7
5
5
8
6
6
20
5
5
6
6
6
5
9
7
5
12
6
5
6
6
8
7
5
5
8
7
6
7
5
5
6
7
5
5
5
7
19
8
6
5
6
5
7
22
5
5
8
5
8
15
17
5
7
11
5
8
6
5
5
5
5
5
6
6
9
5
7
5
6
5
6
9
5
7
9
6
5
5
6
5
40
6
6
7
7
5
6
6
7
5
8
5
5
5
8
5
5
7
6
5
5
5
7
5
12
7
5
5
5
5
7
5
6
11
6
12
5
5
7
8
7
8
6
7
5
6
8
6
5
8
8
6
22
9
17
7
9
5
6
5
5
6
6
5
5
5
7
5
7
7
5
5
26
5
6
8
6
6
5
16
5
5
19
6
5
5
7
5
5
6
6
5
5
6
5
8
12
5
5
7
6
5
9
5
5
5
8
5
5
6
8
6
7
5
6
5
6
5
6
6
5
5
5
6
5
5
7
5
5
6
5
5
5
5
7
8
5
7
5
5
6
5
7
5
6
6
5
5
5
5
6
5
5
7
8
6
8
6
5
5
5
5
5
6
6
5
5
5
6
6
5
6
7
5
5
8
5
6
5
5
5
5
5
