6
24
5
6
5
29
6
7
5
6
7
5
7
5
8
6
6
16
5
6
5
6
6
5
9
7
5
12
6
5
6
8
7
5
5
5
8
7
6
7
5
5
6
7
5
5
5
8
5
6
6
5
7
22
5
6
5
5
5
7
15
5
9
5
6
5
5
5
5
6
6
9
5
7
5
6
5
5
6
7
9
6
5
5
9
6
5
6
7
7
15
6
5
5
6
6
11
7
5
8
5
5
7
5
5
7
6
5
5
5
5
7
5
12
7
5
5
5
5
7
5
6
11
6
6
7
5
5
5
7
7
7
6
7
6
5
6
5
7
6
18
9
17
6
9
5
6
5
5
5
5
6
6
5
5
5
7
7
5
7
5
5
17
5
6
8
6
5
5
16
5
5
6
5
5
7
5
7
5
6
5
5
5
5
6
6
5
5
5
5
9
5
5
5
8
5
5
6
8
6
7
11
5
6
5
5
6
6
6
5
5
5
6
5
5
7
5
5
6
5
5
5
7
8
5
7
5
5
6
5
7
5
6
6
5
5
5
5
6
5
5
7
6
6
5
5
5
5
5
6
6
5
5
5
7
7
6
6
5
6
6
7
5
5
8
5
6
5
5
5
5
5
