87
5
34
4
7
4
36
93
48
8
6
4
95
5
5
78
5
4
5
57
8
11
4
4
62
4
4
4
5
84
8
8
5
118
17
5
4
19
6
13
4
4
5
4
11
4
5
4
23
4
4
4
5
4
9
7
4
6
7
4
4
4
6
4
4
4
6
5
7
4
4
4
4
5
4
6
30
4
5
4
4
10
32
5
5
4
5
4
4
4
7
4
4
4
4
4
6
6
5
5
4
5
4
6
4
4
4
4
4
4
5
4
5
6
7
7
7
7
4
4
6
5
18
4
4
6
5
4
22
5
5
5
5
5
4
7
5
5
11
4
4
4
4
6
5
4
4
4
5
4
4
13
4
4
4
4
4
5
6
8
16
5
5
4
4
6
4
5
4
4
5
4
4
4
5
4
4
5
4
4
4
7
4
4
7
4
4
4
4
5
5
4
4
5
4
4
5
4
4
4
4
4
14
6
7
4
4
7
4
5
5
4
5
5
4
4
4
4
4
4
4
4
4
5
5
5
5
4
4
4
4
4
5
4
5
4
4
4
4
4
4
4
