4
166
6
5
4
6
4
6
4
4
4
4
4
4
5
7
137
4
63
5
6
12
6
5
5
5
28
6
7
4
7
4
14
4
6
4
12
91
4
14
5
38
4
4
11
4
4
5
4
56
4
32
5
5
6
4
5
4
4
6
8
4
25
4
6
4
12
4
4
5
21
10
5
73
7
6
7
9
4
4
5
18
4
4
5
5
4
4
8
4
4
6
5
4
6
7
5
6
6
4
12
5
5
4
18
7
7
10
5
4
4
4
4
5
6
6
4
5
5
4
7
4
4
4
10
5
5
4
5
4
4
6
4
4
4
14
26
5
4
5
4
6
5
5
4
5
6
4
4
4
5
5
6
4
5
4
4
5
4
6
15
4
7
14
4
5
4
4
4
5
5
6
4
8
4
6
5
6
5
5
4
4
4
5
5
5
7
5
6
5
4
4
5
4
4
4
6
4
4
4
4
5
4
4
6
4
5
4
6
5
4
5
4
4
4
6
4
5
4
5
4
5
4
4
4
7
4
4
4
4
6
4
4
6
4
4
4
4
4
4
4
4
4
4
5
4
5
4
4
4
5
4
4
