19
17
13
7
3
17
7
3
20
3
12
3
3
22
3
9
3
10
3
5
3
3
21
22
3
22
5
5
3
4
3
3
4
3
3
11
3
11
3
6
3
3
3
6
7
3
3
3
4
3
9
3
10
3
6
3
3
3
5
4
3
3
3
3
3
3
3
3
3
9
3
4
3
4
3
3
3
9
3
7
3
3
4
3
3
3
3
3
3
4
3
3
3
3
3
3
3
3
3
3
10
3
3
3
3
3
3
14
6
5
3
3
3
3
3
3
5
3
6
5
3
3
3
3
3
4
4
3
3
5
3
3
3
3
3
3
4
3
3
3
3
3
3
3
3
5
3
4
3
3
3
3
3
3
3
4
3
3
3
3
3
3
3
3
3
3
3
4
4
3
3
3
3
3
4
5
3
3
3
3
3
3
3
3
3
3
3
3
3
3
3
3
3
3
3
3
3
3
4
3
3
3
4
3
3
3
3
3
5
3
3
3
3
3
3
5
3
3
3
3
3
3
4
3
3
3
3
3
3
3
3
3
3
3
3
3
3
3
3
3
3
3
3
3
