5
27
5
16
4
7
4
4
6
5
25
7
5
4
12
5
8
5
5
5
4
5
29
4
4
4
4
5
4
25
4
4
4
5
5
20
5
4
13
4
4
5
4
5
11
6
7
4
4
4
5
4
6
4
5
4
5
4
22
4
6
8
27
4
4
4
5
4
4
4
4
4
4
23
4
8
4
4
4
6
5
5
4
5
4
4
4
19
5
4
5
4
16
4
5
4
4
5
31
23
13
4
4
7
5
5
4
4
4
8
5
4
4
4
4
4
4
4
6
6
4
5
5
4
5
4
4
5
4
4
4
4
4
4
5
4
4
5
4
5
5
7
7
7
5
16
5
4
7
4
5
5
4
5
4
4
5
5
9
4
4
5
4
4
4
4
5
5
5
5
4
4
5
4
4
4
5
5
5
5
6
5
4
4
5
5
5
4
7
4
4
4
4
5
4
4
4
4
4
4
4
6
4
4
4
4
4
4
4
5
7
5
5
4
5
5
5
4
4
4
4
4
5
4
4
4
5
4
4
4
4
4
5
4
4
5
4
4
4
4
4
4
4
4
5
5
4
4
5
4
4
5
5
4
4
4
4
4
4
4
4
4
5
5
4
5
5
4
4
4
4
4
4
4
4
4
4
4
5
5
5
4
4
4
4
4
5
4
5
4
5
4
4
5
4
4
4
4
4
