8
75
5
7
14
45
5
6
5
5
5
5
6
6
5
20
6
5
5
5
6
5
29
5
6
51
9
6
8
8
20
5
5
5
6
7
9
6
8
7
8
7
5
6
5
7
5
5
5
5
9
9
6
5
7
6
6
5
6
6
7
12
5
6
5
10
9
8
9
8
6
5
6
12
5
5
5
7
8
7
7
5
6
5
6
6
5
6
7
9
6
8
6
8
7
5
5
5
5
5
5
5
11
5
6
9
5
8
6
5
5
6
8
8
6
11
5
5
8
6
7
6
6
9
7
7
17
5
7
6
5
5
5
9
6
5
5
9
7
5
6
5
5
6
7
11
5
5
9
7
5
5
7
5
6
5
5
7
7
22
7
5
5
6
8
6
5
5
5
6
5
6
27
6
5
5
6
5
17
7
6
5
7
10
5
6
6
5
5
6
5
8
5
7
5
7
5
5
8
6
5
5
5
6
5
5
7
5
6
10
7
5
6
5
5
6
6
7
6
7
14
6
8
5
7
10
6
5
7
9
6
6
5
5
5
7
6
6
7
5
8
6
5
5
7
5
7
5
5
5
7
7
6
8
6
5
5
6
7
5
6
5
7
5
5
6
7
5
5
6
5
5
5
5
6
7
6
5
5
6
8
6
5
5
5
5
5
5
