6
49
9
6
7
5
5
6
6
5
40
5
5
7
5
32
5
6
5
7
11
7
7
8
5
8
10
5
5
36
5
27
7
5
5
57
5
5
5
6
5
6
6
5
5
8
7
5
8
5
6
5
8
5
8
12
6
10
48
8
7
5
5
5
5
5
7
5
5
5
7
6
6
6
5
7
7
5
5
13
7
5
6
6
9
5
5
6
7
12
12
5
6
5
5
5
15
5
8
5
5
5
5
5
6
5
6
5
5
6
5
6
6
5
5
20
6
7
5
5
15
6
6
5
7
6
5
7
5
5
5
7
9
5
7
5
6
5
5
6
5
5
5
5
5
6
8
5
6
6
5
6
5
6
5
5
7
5
9
5
5
5
13
5
5
18
7
5
8
5
5
5
5
18
5
30
5
5
5
9
5
14
5
7
7
5
6
6
6
5
7
5
5
5
7
6
6
5
5
6
5
6
5
6
6
6
7
5
5
5
6
5
5
6
5
5
6
6
5
5
5
5
6
6
5
7
5
6
10
7
12
5
5
5
5
6
7
6
5
5
5
5
5
5
6
6
6
8
5
5
6
5
5
6
5
5
5
6
5
5
5
5
5
5
5
5
5
