5
8
5
5
5
31
7
5
7
10
5
6
65
6
6
5
6
5
8
6
5
37
50
5
6
7
5
6
5
5
5
28
6
6
6
7
5
15
5
10
39
5
6
6
6
6
8
5
5
29
7
8
6
5
7
5
5
21
5
22
7
6
7
5
6
5
5
7
5
6
7
7
7
23
9
6
6
31
8
5
6
7
9
8
41
5
5
6
5
7
5
6
9
6
5
6
11
6
5
5
7
12
7
6
6
5
5
6
6
5
5
9
5
6
5
5
20
5
6
6
7
5
6
5
5
6
5
6
7
7
5
6
5
6
7
6
6
5
6
5
7
5
5
5
5
5
7
7
7
5
6
5
7
6
5
5
7
7
6
5
5
8
15
6
8
5
5
5
5
9
5
9
6
6
8
6
6
5
5
6
9
5
12
25
7
5
7
5
6
9
6
5
5
9
5
6
6
6
5
6
7
5
5
6
6
5
6
5
5
6
6
6
14
5
5
25
5
6
5
7
5
5
5
7
7
6
5
5
5
5
5
6
6
6
5
5
5
5
5
5
7
5
7
9
5
9
6
5
7
5
6
5
5
5
5
5
5
6
5
8
5
5
6
5
5
5
5
7
5
5
5
8
7
6
5
5
5
5
6
5
5
