5
3
5
3
3
3
51
3
4
47
3
3
3
3
3
15
17
3
3
5
3
8
5
3
11
3
16
4
6
13
3
3
15
3
5
4
3
3
30
3
4
3
3
5
3
3
3
3
20
3
5
3
3
5
3
3
5
5
3
3
3
4
12
4
3
6
3
3
3
5
8
5
4
3
3
3
3
4
4
7
3
3
3
3
3
3
7
6
3
3
6
3
3
3
3
13
4
4
3
3
8
3
3
3
3
3
3
3
3
3
3
3
3
3
3
3
4
3
3
3
3
3
3
3
3
3
3
11
3
3
3
3
4
3
3
3
3
3
3
3
3
3
3
3
3
3
3
3
3
3
3
3
4
4
3
3
3
3
3
3
3
3
3
3
3
3
3
3
3
3
8
3
3
3
3
3
3
3
3
3
3
3
3
3
3
3
3
3
3
3
3
3
3
3
3
3
3
3
3
3
3
3
3
3
3
3
3
3
3
3
3
3
3
3
3
3
3
3
3
3
3
3
3
3
3
3
3
3
3
3
3
3
3
3
3
3
3
3
3
3
3
3
3
3
3
3
3
4
3
3
3
3
3
3
3
3
3
3
3
