16
17
5
42
4
4
21
4
28
4
4
4
4
4
4
6
4
4
4
4
4
4
4
29
4
10
7
4
4
4
5
5
5
4
4
4
7
5
5
4
4
5
6
4
4
4
4
6
4
5
4
6
4
4
5
5
5
15
13
4
26
5
4
4
4
4
6
4
5
6
9
4
4
5
4
4
4
17
5
4
8
6
5
5
9
11
4
5
9
6
4
4
4
4
4
4
7
4
5
4
13
4
4
4
4
19
5
4
5
5
4
4
8
4
4
5
21
5
6
4
4
5
4
7
4
5
4
7
4
5
4
4
4
4
5
5
4
5
4
11
4
6
8
5
4
4
4
5
5
8
4
12
4
4
5
4
4
9
4
5
5
6
4
4
5
5
4
4
5
4
4
4
4
4
5
5
5
5
5
5
4
4
4
4
4
4
4
4
9
4
5
5
4
4
8
4
5
4
4
4
4
8
4
4
5
6
5
4
5
4
4
4
5
5
4
5
4
4
5
7
4
4
4
4
4
4
4
4
4
5
4
4
4
4
5
5
4
4
6
4
4
4
4
5
4
4
4
5
4
4
4
4
4
6
4
4
4
5
4
4
4
4
4
5
5
5
4
4
4
4
4
5
5
4
4
4
4
4
4
4
5
4
4
4
5
5
5
5
4
4
4
4
