6
31
7
8
6
5
5
5
5
6
5
5
5
12
5
6
5
5
5
7
5
24
5
6
5
7
11
7
7
8
5
8
6
5
5
5
5
6
6
5
6
5
8
6
20
5
7
5
5
26
5
5
50
5
5
5
6
5
6
6
5
5
8
7
5
8
5
6
5
8
5
8
5
6
10
35
7
5
5
5
5
5
5
7
23
7
7
7
6
7
5
7
5
5
13
6
5
6
6
8
5
5
6
7
5
5
6
9
5
5
5
5
5
5
5
5
5
6
5
6
6
5
5
5
6
5
6
5
7
5
5
18
6
5
5
6
6
5
7
5
5
5
7
9
6
5
7
5
6
5
6
5
5
6
5
6
8
6
6
7
5
6
6
6
5
7
5
9
5
5
6
5
7
5
5
10
10
7
7
5
5
5
5
5
10
5
11
5
5
6
5
5
5
14
5
5
7
5
6
6
6
5
5
5
7
7
5
6
6
5
5
7
6
5
6
6
7
5
5
6
5
5
6
5
5
6
6
5
5
5
5
6
5
7
6
5
7
11
5
5
5
5
5
6
7
5
6
5
5
7
5
5
6
6
5
5
5
6
5
5
6
5
5
5
6
5
5
5
5
5
5
5
5
