8
23
5
7
14
38
5
6
5
5
5
5
6
6
5
18
5
6
5
5
5
6
5
25
5
6
44
9
6
8
6
8
7
8
8
7
5
6
5
8
7
16
6
6
5
5
5
7
8
7
5
5
7
5
5
5
5
9
6
6
6
5
8
7
9
12
6
5
5
12
6
7
5
5
7
8
7
7
5
17
22
5
8
7
6
5
6
6
5
9
6
8
6
8
7
5
5
5
9
5
5
5
5
11
5
5
6
9
7
5
8
6
5
8
8
5
10
5
5
8
6
7
6
7
5
7
5
5
9
9
6
7
5
5
6
7
11
5
5
9
7
5
5
6
8
5
6
7
5
6
6
5
5
5
7
7
5
6
7
6
5
5
5
6
5
6
27
6
5
5
6
5
20
17
7
6
5
7
10
5
5
6
8
6
5
10
6
5
5
6
5
7
5
7
5
6
8
5
5
6
5
7
7
5
5
10
7
6
5
5
7
6
7
14
6
8
6
5
5
7
6
7
5
5
5
6
5
5
6
5
6
5
7
5
5
5
6
5
7
6
5
7
5
5
5
7
7
6
5
8
5
6
5
5
6
5
7
5
6
6
6
6
7
7
5
5
5
6
5
5
5
6
7
6
5
5
6
6
5
6
5
5
6
5
5
6
6
5
5
5
5
