23
10
4
3
30
4
3
3
3
3
3
6
3
3
3
3
4
3
3
3
3
3
12
3
3
3
5
3
4
3
3
20
17
3
3
3
3
16
3
4
12
3
4
3
3
6
3
6
5
3
3
10
3
3
8
9
3
3
5
3
4
3
7
3
3
5
3
10
3
3
3
6
3
3
3
7
3
3
3
3
5
3
3
3
3
9
3
3
4
7
4
3
3
3
3
3
3
3
3
3
3
3
5
3
3
3
3
3
3
3
3
3
4
3
9
3
3
3
3
3
3
3
3
3
3
3
5
3
3
3
3
3
3
3
3
6
3
3
3
3
3
5
3
3
3
3
3
3
3
3
3
3
3
3
3
3
3
3
3
3
3
3
3
3
3
3
3
3
3
11
3
3
3
3
3
3
3
3
3
3
3
3
4
4
3
3
3
3
3
3
3
6
3
3
3
3
3
3
3
3
3
3
3
3
3
3
3
3
3
3
3
3
3
3
3
3
3
3
3
3
3
3
3
3
3
3
3
3
3
3
3
3
3
3
3
3
3
4
3
3
3
3
3
3
3
3
3
3
3
4
3
3
3
3
3
3
3
3
3
3
3
3
3
3
3
3
3
3
3
3
3
3
3
3
3
3
3
3
3
3
3
3
3
