19
3
8
21
3
10
3
3
10
10
3
3
10
8
3
4
3
3
3
5
13
3
10
3
3
3
15
35
3
3
3
10
3
3
3
3
14
3
3
3
3
3
7
7
3
31
3
3
3
21
5
3
4
25
8
5
3
3
3
3
3
3
3
4
9
3
5
3
6
3
5
3
3
3
3
3
4
3
10
5
3
3
9
3
3
3
3
4
3
3
3
3
3
3
3
3
3
3
3
11
3
3
6
3
4
4
5
5
6
3
3
3
3
3
3
3
3
3
3
3
3
3
3
3
6
3
3
3
3
5
3
3
6
3
4
3
6
5
3
3
3
3
7
4
3
3
3
3
3
3
3
3
3
3
3
3
3
3
3
3
3
3
3
3
3
3
3
3
4
3
3
5
3
5
3
3
3
3
3
3
3
3
3
3
3
3
3
3
3
3
3
3
3
3
3
3
3
3
3
3
3
3
3
3
3
3
4
3
3
3
3
3
3
3
3
3
3
3
3
3
3
3
3
3
3
3
3
4
3
3
3
3
3
3
3
3
3
3
3
3
3
3
3
3
3
3
3
3
3
3
3
3
3
3
3
3
