4
5
8
14
4
4
5
10
13
27
4
4
4
6
4
4
31
14
5
5
5
5
5
5
4
5
4
5
5
5
5
8
4
11
4
4
5
6
4
5
4
5
4
4
29
4
5
7
4
5
4
5
4
5
4
13
4
6
4
5
4
4
23
4
4
4
4
4
4
22
5
4
4
4
6
5
10
5
4
4
4
4
30
4
5
4
5
4
14
5
4
4
4
4
4
4
20
5
4
11
5
4
5
4
5
6
4
4
5
4
15
4
4
5
5
5
5
4
4
4
4
5
5
5
4
4
4
5
5
6
5
4
5
5
5
14
5
5
5
4
4
4
4
4
5
5
4
4
5
25
4
4
4
4
5
6
4
10
4
4
4
4
5
4
4
4
5
5
4
4
4
6
4
4
9
4
5
4
4
4
4
6
4
4
4
5
4
4
5
4
5
5
4
5
4
5
4
4
5
5
5
5
4
4
9
6
15
4
7
5
4
4
4
4
4
4
5
4
5
6
4
4
5
4
4
4
4
4
4
4
4
5
4
5
5
4
6
4
4
4
5
4
4
5
5
4
5
4
5
4
5
6
4
4
4
5
4
4
4
4
4
4
4
4
6
5
4
4
5
5
4
4
4
4
4
4
5
4
4
4
5
8
4
4
4
4
4
5
4
4
4
4
4
5
5
4
4
5
4
4
4
4
4
4
4
5
4
4
4
