3
11
24
6
3
22
3
3
17
3
3
13
8
4
3
3
10
3
15
3
3
32
3
3
3
3
4
17
13
3
3
4
3
5
3
3
3
3
24
3
5
3
5
3
4
3
5
3
3
12
18
3
3
13
3
3
3
3
8
3
3
5
3
3
3
3
3
12
3
3
3
19
3
3
4
3
3
5
3
3
3
3
10
4
7
3
3
15
3
3
3
3
3
3
3
5
3
5
6
15
3
3
3
4
3
4
3
3
4
3
4
8
3
3
4
3
4
3
3
3
3
3
3
3
3
3
3
4
3
5
9
4
3
5
3
3
3
3
3
3
3
4
3
3
3
3
3
3
3
3
3
3
3
5
3
3
3
3
3
3
3
3
3
3
3
3
4
3
3
3
3
3
3
3
3
3
3
3
3
3
3
6
3
3
3
4
3
3
3
3
3
3
3
3
3
3
3
3
3
3
3
3
3
3
4
3
3
3
3
3
3
3
3
3
3
3
3
3
3
3
3
3
3
3
3
3
3
3
3
3
3
3
3
3
3
3
3
3
3
3
3
3
3
3
3
3
3
3
3
3
3
3
3
3
3
3
3
3
