5
11
5
6
5
5
5
5
9
6
6
5
5
6
5
5
5
6
5
15
5
6
14
6
6
7
5
11
5
5
5
6
6
6
8
5
6
5
6
6
8
7
6
5
6
5
6
5
5
6
5
7
5
7
5
5
5
5
6
8
5
5
6
5
6
6
6
5
7
6
6
5
5
6
7
5
5
5
11
16
5
7
6
5
6
5
5
6
5
5
5
5
11
6
5
7
5
5
6
6
6
6
5
5
6
5
5
5
6
5
6
5
5
5
6
5
5
6
5
5
5
6
5
6
5
6
6
5
5
5
5
5
7
6
6
5
6
5
5
6
6
7
6
9
6
5
11
5
6
6
5
5
5
5
7
6
6
5
8
5
6
5
5
5
6
5
6
5
5
5
5
6
5
7
5
5
6
5
5
6
6
6
5
5
5
5
5
5
6
5
5
6
5
5
6
6
6
5
6
5
5
6
5
5
6
5
6
6
5
5
5
5
5
5
5
6
6
5
6
5
5
6
6
5
5
6
5
5
6
5
5
6
6
6
5
5
6
5
6
5
5
5
5
5
5
5
