4
27
6
5
4
6
4
4
56
4
6
4
4
4
4
4
5
7
35
6
4
46
5
9
6
6
4
5
5
18
6
6
4
4
4
6
4
12
68
4
5
4
4
5
5
4
11
4
4
6
5
36
4
47
4
27
5
5
6
12
4
5
5
4
22
4
6
4
6
4
20
4
5
4
12
4
4
5
11
10
5
7
51
6
5
7
12
9
4
4
5
11
4
4
5
5
4
4
6
5
4
4
4
5
6
5
6
5
6
13
6
4
12
4
5
5
5
4
7
10
15
6
6
10
5
5
12
4
6
4
4
4
5
6
6
5
4
5
5
4
4
4
4
5
6
5
4
11
4
5
4
4
6
4
4
6
26
4
5
4
5
4
6
5
5
4
5
7
6
4
4
4
5
5
6
4
4
5
4
5
4
4
5
4
6
14
4
14
7
4
5
4
4
4
5
5
6
4
4
6
5
6
5
4
5
4
4
4
4
5
5
5
11
5
6
5
4
4
5
4
6
4
4
4
6
4
4
4
4
5
4
4
6
4
5
4
4
6
5
4
5
5
6
4
4
4
6
4
5
4
5
4
5
4
4
4
4
4
4
4
4
6
4
4
6
4
5
6
4
4
4
4
4
4
4
4
4
4
5
4
5
4
5
5
4
5
4
4
4
