44
5
5
8
5
4
4
5
5
4
4
5
4
4
5
5
4
23
5
16
4
5
12
4
17
23
4
7
4
4
8
4
4
33
6
14
5
4
9
5
8
5
8
5
4
13
5
4
5
4
4
13
24
5
4
4
5
5
5
15
4
4
28
4
4
6
10
4
4
7
8
4
4
4
4
5
5
5
4
4
5
4
6
4
27
4
5
7
9
4
5
5
5
16
5
4
4
4
5
4
4
4
5
4
5
4
5
4
5
4
4
4
5
7
4
4
4
13
6
8
4
4
5
4
5
5
4
4
5
5
4
4
5
4
4
4
5
4
5
4
4
5
5
5
4
5
4
4
4
4
5
4
7
4
11
5
5
4
5
5
4
4
5
4
5
5
6
6
4
7
4
5
4
4
4
5
4
4
4
4
4
5
4
5
5
4
10
4
4
4
4
4
4
5
5
4
6
4
5
4
4
4
4
4
5
4
4
4
5
4
5
5
4
4
5
4
4
5
4
4
4
7
5
4
5
5
6
4
8
5
5
6
4
5
4
7
4
4
5
5
4
4
4
5
5
4
5
5
6
4
6
6
5
4
5
5
4
4
4
5
4
5
4
4
4
4
4
5
4
5
4
5
4
4
5
5
4
4
4
4
5
4
4
4
5
4
