3
3
3
3
5
3
44
3
4
29
3
3
3
3
3
15
3
3
5
3
5
6
3
11
3
13
4
6
13
3
3
15
3
5
3
4
4
3
3
3
30
3
4
3
3
5
3
3
3
20
4
3
3
5
3
4
3
3
4
3
4
3
3
5
3
4
3
5
3
12
3
5
4
3
3
3
3
4
3
3
3
3
4
3
7
3
3
3
3
3
3
3
3
7
6
3
3
3
6
3
3
3
3
8
12
3
4
4
3
3
8
3
3
3
3
3
3
3
3
3
3
3
3
3
3
3
4
3
3
3
3
3
3
3
3
3
11
3
3
3
3
3
4
3
3
3
3
3
3
3
3
3
3
3
3
3
3
3
3
3
3
3
4
3
3
3
3
3
3
3
3
3
3
3
3
3
3
3
3
3
8
3
3
3
3
3
3
3
3
3
3
3
3
3
3
3
3
3
3
3
3
3
3
3
3
3
3
3
3
3
3
3
3
3
3
3
3
3
3
3
3
3
3
3
3
3
3
3
3
3
3
3
3
3
3
3
3
3
3
3
3
3
3
3
3
3
3
3
3
3
3
3
3
3
3
3
3
3
3
4
3
3
3
3
3
3
3
3
3
3
3
