5
6
5
5
51
5
61
6
7
5
6
5
6
6
6
45
5
5
5
6
31
6
5
5
6
7
5
9
5
7
5
5
13
5
7
43
5
5
5
5
5
6
7
7
5
9
31
7
7
7
6
6
5
9
6
5
6
9
37
7
5
5
11
7
6
7
5
5
6
8
10
6
5
44
5
6
5
12
7
5
6
7
8
8
5
5
5
6
7
5
5
39
16
7
6
8
5
6
6
7
5
7
7
7
5
5
8
7
5
7
6
8
6
6
6
5
5
5
8
49
5
5
6
6
5
5
11
39
5
6
7
9
5
5
5
5
5
5
5
5
5
6
6
6
7
6
6
5
5
6
5
7
7
6
5
6
6
10
5
8
5
5
7
5
6
6
5
5
5
6
8
9
6
6
5
5
7
5
6
7
7
5
6
5
7
7
5
5
6
6
6
6
7
6
32
7
5
5
7
5
5
7
6
5
6
6
9
8
6
7
5
5
9
5
5
6
5
5
8
5
5
5
5
5
6
5
5
5
6
5
5
6
6
8
6
5
7
5
7
5
5
5
5
6
7
5
5
5
7
5
5
6
6
5
6
6
9
6
6
5
5
5
5
5
5
6
5
6
5
5
5
5
7
5
5
7
5
5
5
