5
6
5
5
23
5
6
7
5
8
7
5
6
5
6
6
6
6
5
27
5
5
6
5
5
5
5
7
5
5
5
6
21
5
5
5
5
5
5
6
7
7
7
7
7
7
6
7
6
26
6
5
6
5
6
21
6
5
5
11
7
6
6
7
5
5
6
8
7
6
6
5
5
6
5
12
16
7
5
6
5
7
7
5
5
5
6
7
5
5
7
7
6
5
6
6
6
5
5
7
7
5
5
8
7
33
5
7
6
6
6
6
5
5
5
5
6
7
5
5
6
28
6
6
5
5
5
5
7
11
24
5
5
6
5
5
5
5
5
5
5
6
6
6
7
6
6
6
6
5
5
6
5
7
7
6
5
6
6
5
5
23
5
7
5
6
6
5
5
5
6
6
6
5
7
5
6
7
6
7
5
5
6
7
5
7
7
5
5
5
5
5
9
5
6
6
6
6
5
7
6
26
7
5
5
5
7
5
7
8
6
5
5
6
6
6
8
6
5
7
5
5
5
6
5
6
5
5
5
5
5
6
5
5
5
5
5
6
5
5
6
6
6
6
5
7
5
7
5
5
5
5
6
7
5
5
5
7
5
5
6
6
5
6
6
6
6
5
5
5
5
5
5
6
5
6
5
5
5
5
7
5
5
7
5
5
5
