93
5
75
4
23
4
32
6
4
4
4
59
6
4
29
31
4
47
4
60
4
23
4
28
4
4
4
4
5
5
5
4
6
4
4
37
13
5
18
4
7
24
6
4
4
8
4
4
4
5
5
5
5
20
6
31
5
4
4
8
4
13
6
6
12
4
5
4
4
4
22
5
4
6
6
6
5
5
13
4
4
4
6
4
4
5
4
4
4
6
6
7
5
5
4
8
4
6
4
4
6
5
5
4
5
7
5
4
4
6
5
4
4
4
6
5
6
5
15
4
4
4
6
5
8
4
5
4
4
4
15
6
4
5
6
4
4
5
6
4
5
4
4
4
5
5
6
5
6
5
5
5
5
11
4
4
4
4
4
4
4
4
5
10
5
4
14
4
5
4
5
4
4
6
4
7
6
4
5
4
5
4
5
4
6
5
5
8
5
6
4
7
4
4
4
4
4
4
4
4
4
4
5
4
4
5
5
4
4
4
4
5
4
4
6
4
5
4
4
4
4
4
4
5
4
6
5
4
4
4
5
6
5
5
4
6
6
6
5
5
6
4
4
4
4
4
4
5
4
4
5
5
5
5
4
4
4
4
