3
4
3
3
16
3
3
3
3
5
17
3
31
3
3
3
5
7
10
5
16
3
4
17
4
3
3
6
3
3
21
3
4
7
3
3
3
3
22
3
3
4
3
3
3
7
3
16
5
3
3
4
6
3
3
3
3
3
3
10
3
3
3
3
3
3
7
14
6
3
3
3
3
3
4
17
8
4
3
3
6
6
9
3
3
3
3
3
3
4
3
6
3
3
5
3
4
4
4
3
3
3
3
3
3
3
3
3
3
3
3
6
3
4
3
3
3
3
3
3
3
3
3
3
3
3
3
9
3
4
3
3
3
3
3
3
3
3
3
3
3
3
3
3
3
3
3
3
3
7
3
3
3
3
3
3
3
3
3
3
5
3
3
3
3
3
3
3
4
5
3
3
3
3
3
3
3
3
3
6
3
3
3
3
3
3
3
3
3
3
3
3
3
3
3
3
5
3
3
3
3
3
3
3
3
3
3
3
3
3
3
3
3
3
3
3
3
3
3
3
3
3
3
3
3
3
3
3
3
3
3
3
3
3
3
3
3
3
3
3
3
3
3
3
3
3
3
3
3
3
3
3
3
3
3
3
3
3
3
3
3
3
3
3
3
