27
42
7
6
10
5
7
7
5
6
5
10
5
7
24
33
6
5
10
5
6
5
5
5
28
7
31
7
14
5
5
9
7
21
8
5
5
7
6
5
5
6
8
5
7
6
7
50
7
6
5
12
5
66
5
5
5
6
6
6
5
5
6
5
6
6
5
6
5
5
7
7
7
5
8
5
11
11
7
5
5
5
6
5
8
16
6
6
5
6
7
5
8
6
7
43
8
6
9
6
6
6
5
5
7
6
21
6
5
7
15
5
5
6
5
5
5
6
7
5
8
6
7
5
5
6
5
8
5
5
5
5
5
5
8
10
12
9
8
6
6
5
5
9
8
9
6
6
5
6
25
5
6
5
6
6
6
7
6
5
6
6
6
6
6
7
5
5
6
5
8
5
10
5
10
10
5
6
5
8
7
6
6
6
8
6
9
5
5
5
5
5
7
7
5
6
9
5
6
6
5
7
5
6
5
5
5
7
10
8
15
5
5
5
5
7
9
5
7
5
6
5
5
6
5
5
5
8
6
7
6
5
5
5
6
5
6
5
5
5
5
7
6
7
5
5
5
5
7
5
6
7
6
6
5
6
5
7
7
6
5
5
5
5
5
5
5
5
5
6
5
5
5
5
