4
7
9
4
27
4
25
4
4
4
22
4
9
4
4
21
48
4
5
5
4
5
6
4
4
15
4
5
4
5
27
6
4
4
58
4
4
4
5
4
5
4
4
4
4
5
4
4
4
5
6
4
4
4
4
5
4
4
5
4
4
5
4
4
4
5
4
5
4
4
4
4
4
12
4
5
5
5
4
4
4
6
7
5
5
4
4
5
5
4
5
5
4
5
4
5
9
4
9
4
5
5
4
4
5
5
4
4
16
20
4
5
5
4
4
4
5
4
5
5
4
5
18
10
4
4
5
4
5
4
5
4
5
5
4
4
5
5
6
4
4
4
4
5
4
4
12
5
4
5
10
6
4
5
4
4
5
6
5
4
5
5
4
8
4
5
4
6
4
5
4
5
4
4
5
6
7
5
6
4
5
4
4
7
4
4
5
4
5
5
4
4
5
4
4
4
4
4
4
5
4
4
4
5
4
5
4
5
4
5
5
4
8
4
4
7
4
5
9
4
5
4
5
5
4
5
4
5
4
5
4
6
5
4
4
4
4
4
4
4
5
4
4
4
4
4
4
5
4
4
4
4
4
5
4
4
4
4
6
5
4
4
4
4
4
4
4
5
4
4
4
4
4
5
5
4
4
4
4
4
4
5
4
4
4
