20
94
4
86
4
5
4
4
4
109
5
4
4
5
4
18
19
16
4
5
15
4
4
4
59
6
18
6
5
4
6
10
8
5
4
5
24
4
4
4
39
4
4
5
5
24
5
37
5
4
6
4
7
4
4
12
4
4
6
12
4
4
9
7
8
4
4
4
7
6
4
5
5
18
4
5
4
4
41
4
5
6
4
6
5
6
5
6
4
4
5
4
4
4
4
9
5
4
4
15
5
4
13
4
5
5
16
4
4
8
6
4
6
5
5
5
5
4
4
6
4
4
4
5
5
4
5
4
5
5
4
4
11
4
5
4
4
5
4
7
18
5
5
4
5
4
5
4
5
5
15
4
4
4
4
5
4
6
4
4
4
4
5
4
5
5
6
8
4
6
6
4
6
4
4
4
5
4
4
5
4
6
4
4
5
10
4
4
4
5
4
5
6
5
6
5
6
5
4
4
9
5
5
4
5
5
4
6
5
5
4
6
5
4
9
4
4
4
5
6
5
4
4
4
5
5
4
5
4
4
5
4
4
4
4
5
5
4
4
6
5
4
4
4
5
5
4
4
4
5
4
4
5
5
