17
5
6
16
5
5
7
28
8
5
14
6
5
7
7
6
6
5
7
6
7
5
17
30
5
5
5
6
17
5
5
8
40
6
6
6
5
6
61
5
5
6
7
5
5
5
7
5
5
9
6
5
8
5
7
5
5
6
8
5
7
6
5
5
5
5
8
6
7
7
5
5
6
6
6
5
5
7
6
5
7
5
6
5
6
8
5
5
6
6
7
5
5
5
6
7
7
6
7
12
6
6
5
6
5
9
6
5
25
5
5
5
12
6
7
5
7
6
5
5
5
22
5
6
6
5
7
6
5
7
7
6
7
5
5
5
6
7
5
5
5
5
6
8
6
5
6
6
7
8
9
9
5
5
5
5
5
6
5
5
8
5
6
5
6
5
5
7
5
6
6
5
6
5
5
6
7
7
5
5
5
6
5
6
5
5
6
6
6
5
5
6
7
6
7
6
6
6
5
6
5
5
6
7
5
5
6
5
5
7
5
5
5
6
5
5
7
10
5
7
5
5
8
5
6
5
5
6
5
6
5
5
5
7
5
6
6
5
5
6
5
5
5
6
6
5
5
5
5
7
5
6
6
5
5
5
6
5
5
5
7
6
5
5
6
