30
4
3
3
16
3
3
3
3
5
25
3
37
3
3
3
5
7
10
5
16
3
6
3
6
3
3
22
3
4
7
3
3
3
3
22
3
4
3
3
3
7
3
17
5
3
3
4
6
3
3
3
3
3
3
3
3
10
3
3
3
3
3
3
14
6
3
3
3
3
3
5
18
9
4
3
6
15
3
3
3
3
3
3
4
3
6
3
3
5
3
4
6
4
3
4
3
3
3
3
3
3
3
3
3
6
3
4
3
3
3
3
3
3
3
3
3
3
3
3
12
3
3
3
3
3
3
3
3
3
3
3
3
3
5
3
3
3
3
4
3
3
3
3
7
3
3
3
3
3
3
3
3
3
3
5
3
3
5
3
3
3
3
4
5
3
3
3
3
3
3
3
3
6
3
3
3
3
3
3
3
3
3
3
3
3
3
3
3
3
5
3
3
3
3
3
3
3
3
3
3
3
3
3
3
3
3
3
3
3
3
3
3
3
3
3
3
3
3
3
3
3
3
3
3
3
3
3
3
3
3
3
3
3
3
3
3
3
3
3
3
3
3
3
3
3
3
3
3
3
3
3
3
3
3
3
3
3
3
3
