31
4
3
3
16
3
3
3
3
5
25
3
47
3
3
3
10
5
16
3
6
3
6
3
3
22
3
4
7
3
3
3
3
22
3
4
3
3
3
7
3
17
11
3
3
4
6
3
3
3
7
3
3
3
10
3
3
3
3
3
3
14
6
3
3
3
3
3
5
19
9
4
3
6
15
3
3
3
3
3
3
4
3
6
3
3
5
3
4
6
4
3
3
3
3
3
3
3
3
3
7
6
3
4
3
3
3
3
3
3
3
3
3
3
3
3
12
3
3
3
3
3
3
3
3
3
3
3
3
3
5
3
3
3
3
4
3
3
3
3
7
3
3
3
3
3
3
3
3
3
3
5
3
3
5
3
3
3
3
4
5
3
3
3
3
3
3
3
3
3
3
3
3
3
3
3
3
3
3
3
3
3
3
3
3
5
3
3
3
3
3
3
3
3
3
3
3
3
3
3
3
3
3
3
3
3
3
3
3
3
3
3
3
3
3
3
3
3
3
3
3
3
3
3
3
3
3
3
3
3
3
3
3
3
3
3
3
3
3
3
3
3
3
3
3
3
3
3
3
3
3
3
3
3
3
