0.04075686585227485
0.040756865852265636
0.04075686585233497
0.04075686585228143
0.040756865852335906
0.04075686585233646
0.04147263325409084
0.04212349817654514
0.044189038175881094
0.052158559088516125
0.08073632478625853
0.08073632478625266
0.08097744266795306
0.14721087467597677
0.14710536007715638
0.14570109679176652
0.14521483216871733
0.16060851581330565
0.15761475612267845
0.15045820682154215
0.1473349635852249
0.14422931695438546
0.14325342966148935
0.133514573699626
0.1279630653202137
0.06196385551483895
0.0618271605512861
0.059218267701200984
0.059218267701209956
0.058130120191064324
0.0561597462775959
0.055532282379443874
0.05405169099127073
0.053012802052445476
0.05101779392612412
0.05013451483615913
0.050134514836155324
0.05013451483608295
0.048486855999921544
0.04848685599985733
0.04848685599985819
0.04802874982121723
0.04802874982128336
0.04761804431722011
0.04761804431721414
0.04715697763552673
0.04507668918625374
0.045076689186263404
0.044718283045107714
0.044600875574334654
0.04120940968718461
0.04120940968718461
0.04120940968718461
0.04120940968718461
0.04120940968718461
0.04120940968718461
0.04120940968718461
0.04120940968718461
0.04052147887323928
0.04052147887323928
0.04052147887323928
0.04052147887323928
0.04052147887323928
0.04052147887323928
0.04052147887323928
0.04052147887323928
0.04052147887323928
0.040161856999570034
0.040161856999570034
0.03998600000000003
0.03998600000000003
0.03998600000000003
0.03998600000000003
0.03998600000000003
0.03998600000000003
0.03998600000000003
0.03998600000000003
0.03998600000000003
0.03998600000000003
0.03998600000000003
0.03998600000000003
0.03998600000000003
0.03998600000000003
0.03998600000000003
0.03998600000000003
0.03998600000000003
0.03998600000000003
0.03998600000000003
0.03998600000000003
0.03998600000000003
0.03998600000000003
0.03998600000000003
0.03998600000000003
0.03998600000000003
0.03998600000000003
0.03998600000000003
0.03998600000000003
0.03998600000000003
0.03998600000000003
0.03998600000000003
0.03998600000000003
