0.045441700552885204
0.04544170055288153
0.045441700552849795
0.04544170055285477
0.045441700552857865
0.04544170055286096
0.045992610088965366
0.04738310374476389
0.049659539770783696
0.06088895558513749
0.07439617053754857
0.0743961705375194
0.07746224545823358
0.13770522137349683
0.13596557472861565
0.14610015297711682
0.14422594054313215
0.15445670555975818
0.15240187752679607
0.13897817933431045
0.13525504229456475
0.13284199966274235
0.1301342830341581
0.12084542868028597
0.11889351176362377
0.06520505544623623
0.06520505544624222
0.06153876217657146
0.0615387621765744
0.0590049138763758
0.05614488808008342
0.056154926861412845
0.054874950810342424
0.05315278972798595
0.052551253262983835
0.051986209426911956
0.05154033312162899
0.05154033312162899
0.050968955829293366
0.050968955829293366
0.050968955829293366
0.050048641764739374
0.049411569125883716
0.049411569125883716
0.049063646583353146
0.049063646583353146
0.049063646583353146
0.049063646583353146
0.049063646583353146
0.049309462301205316
0.047008702408702335
0.047008702408702335
0.047008702408702335
0.047008702408702335
0.047008702408702335
0.04640586174388973
0.04640586174388973
0.04640586174388973
0.04640586174388973
0.04640586174388973
0.04564767028357792
0.04564767028357792
0.04564767028357792
0.04564767028357792
0.04564767028357792
0.04564767028357792
0.04564767028357792
0.04564767028357792
0.04564767028357792
0.04564767028357792
0.04564767028357792
0.04564767028357792
0.04564767028357792
0.044751999999999965
0.044751999999999965
0.044751999999999965
0.044751999999999965
0.044751999999999965
0.044751999999999965
0.044751999999999965
0.044751999999999965
0.044751999999999965
0.044751999999999965
0.044751999999999965
0.044751999999999965
0.044751999999999965
0.044751999999999965
0.044751999999999965
0.044751999999999965
0.044751999999999965
0.044751999999999965
0.044751999999999965
0.044751999999999965
0.044751999999999965
0.044751999999999965
0.044751999999999965
0.044751999999999965
0.044751999999999965
0.044751999999999965
0.044751999999999965
0.044751999999999965
