0.060552936858942176
0.06055293685894372
0.06055293685893393
0.06055293685894165
0.060552936858937936
0.060552936858913185
0.061047979107153594
0.0625276315520209
0.06572062034199241
0.0735899868694475
0.08179221737093686
0.08179221737094143
0.08822735725425533
0.13760137101951347
0.13957168768865574
0.14743717308288778
0.15752071421502506
0.1565318107022973
0.15459319288803533
0.1443325386211221
0.13944890631676615
0.13658600204781857
0.13357751258840778
0.12335681767073171
0.11787306238140474
0.07879793034736321
0.07783202019040056
0.07747128841502618
0.07751475457167302
0.07751475457171052
0.07255537519057373
0.07232088120754472
0.07217934059238636
0.06984794558893176
0.06684015247819544
0.06734274789658466
0.06734274789658451
0.067308387555548
0.06562131931871487
0.06562131931871275
0.06539688608051368
0.0653968860805218
0.0641490353613384
0.06313737618431856
0.06313737618431856
0.06313737618431856
0.06318812608881051
0.06318812608881051
0.06268358637861852
0.06256594940335994
0.060221999999999935
0.060221999999999935
0.060221999999999935
0.060221999999999935
0.060221999999999935
0.060221999999999935
0.060221999999999935
0.060221999999999935
0.060221999999999935
0.060221999999999935
0.060221999999999935
0.060221999999999935
0.060221999999999935
0.060221999999999935
0.060221999999999935
0.060221999999999935
0.060221999999999935
0.060221999999999935
0.060221999999999935
0.060221999999999935
0.060221999999999935
0.060221999999999935
0.060221999999999935
0.060221999999999935
0.060221999999999935
0.060221999999999935
0.060221999999999935
0.060221999999999935
0.060221999999999935
0.060221999999999935
0.060221999999999935
0.060221999999999935
0.060221999999999935
0.060221999999999935
0.060221999999999935
0.060221999999999935
0.060221999999999935
0.060221999999999935
0.060221999999999935
0.060221999999999935
0.060221999999999935
0.060221999999999935
0.060221999999999935
0.060221999999999935
0.060221999999999935
0.060221999999999935
0.060221999999999935
0.060221999999999935
0.060221999999999935
0.060221999999999935
0.060221999999999935
