0.04326992803096317
0.04326992803100489
0.043269928031013614
0.04326992803102328
0.04326992803100028
0.04326992803102586
0.044865904908441896
0.0460485806315423
0.048158812345126
0.05773258327603183
0.0777764473820654
0.07777644738206935
0.07787792366007777
0.13139307982332354
0.12790068220942757
0.13564919472909898
0.1394361823970084
0.16848482519477695
0.16057168544974623
0.1441055667811623
0.1426651453282657
0.13673433520215236
0.13488398143847302
0.1286620043196466
0.1260058130354715
0.06381917383190856
0.0632841096707335
0.06287834025859303
0.06291186193714232
0.06178919109266502
0.06033144514304148
0.059593109517821916
0.05909864408155714
0.05754564605987534
0.054997333343980354
0.05330798149783362
0.053307981497829955
0.0533079814978141
0.051897374829112365
0.05185418393990785
0.05185418393990355
0.051902607866435885
0.0500141664675955
0.049108689225426556
0.04894387462992231
0.048927140383610575
0.04892714038361413
0.04892714038360588
0.048927140383611234
0.04887961999775546
0.04511630910798878
0.04471407913519296
0.04416731283422454
0.043740246779842056
0.043740246779842056
0.043740246779842056
0.043740246779842056
0.043740246779842056
0.04317718812877243
0.04317718812877243
0.04317718812877243
0.04317718812877243
0.04317718812877243
0.04317718812877243
0.04317718812877243
0.04317718812877243
0.04317718812877243
0.04317718812877243
0.04317718812877243
0.04317718812877243
0.04317718812877243
0.04317718812877243
0.04317718812877243
0.04317718812877243
0.04317718812877243
0.04317718812877243
0.04317718812877243
0.042649761785355976
0.042649761785355976
0.042649761785355976
0.042649761785355976
0.042649761785355976
0.042649761785355976
0.042649761785355976
0.042649761785355976
0.04204799999999999
0.04204799999999999
0.04204799999999999
0.04204799999999999
0.04204799999999999
0.04204799999999999
0.04204799999999999
0.04204799999999999
0.04204799999999999
0.04204799999999999
0.04204799999999999
0.04204799999999999
0.04204799999999999
0.04204799999999999
0.04204799999999999
0.04204799999999999
