0.05789411689153721
0.057894116891595605
0.0578941168915908
0.05789411689158502
0.057894116891594335
0.057894116891582206
0.05827668713375039
0.05979321056408292
0.061378613661055466
0.06696839387731449
0.08939071573588642
0.08939071573588513
0.09822691864931744
0.16538641970039167
0.16071798385410158
0.15969029508549848
0.16122703631075624
0.1491388769193182
0.14681258816356477
0.13759882737658552
0.13250533248307567
0.13079175366506984
0.12989214517933373
0.12116024715509444
0.11868268534809527
0.07483554624725404
0.07441935901314443
0.07321624967269574
0.07321624967269517
0.07283962770246472
0.07261665546836148
0.07201588592240554
0.06994456230043528
0.06929359118032065
0.06808030154985481
0.06545084222301437
0.06478970006004085
0.0634775379800784
0.06225353871372397
0.06225353871372397
0.06225353871372397
0.06074482037976476
0.06074482037976476
0.06074482037976476
0.06020792757983127
0.06020792757983127
0.06020792757983127
0.06020792757983127
0.05992323017011657
0.05992323017011657
0.05704599999999991
0.05704599999999991
0.05704599999999991
0.05704599999999991
0.05704599999999991
0.05704599999999991
0.05704599999999991
0.05704599999999991
0.05704599999999991
0.05704599999999991
0.05704599999999991
0.05704599999999991
0.05704599999999991
0.05704599999999991
0.05704599999999991
0.05704599999999991
0.05704599999999991
0.05704599999999991
0.05704599999999991
0.05704599999999991
0.05704599999999991
0.05704599999999991
0.05704599999999991
0.05704599999999991
0.05704599999999991
0.05704599999999991
0.05704599999999991
0.05704599999999991
0.05704599999999991
0.05704599999999991
0.05704599999999991
0.05704599999999991
0.05704599999999991
0.05704599999999991
0.05704599999999991
0.05704599999999991
0.05704599999999991
0.05704599999999991
0.05704599999999991
0.05704599999999991
0.05704599999999991
0.05704599999999991
0.05704599999999991
0.05704599999999991
0.05704599999999991
0.05704599999999991
0.05704599999999991
0.05704599999999991
0.05704599999999991
0.05704599999999991
0.05704599999999991
