0.041227083985888126
0.04122708398587832
0.04122708398587551
0.0412270839858934
0.04122708398587417
0.04122708398588432
0.0419894643625679
0.04396377664300498
0.04720011438668685
0.051933084873790065
0.06453320622244263
0.0645332062224327
0.06486765237092823
0.1376866192081472
0.13562135436729192
0.13471011085371754
0.13662894609274007
0.14680987547400617
0.1446832899101293
0.13248412757396336
0.12840800029941496
0.12398884478272888
0.12384413941716754
0.11779569630848338
0.11397295286331409
0.05738714806621178
0.05675030172320866
0.05428150065320409
0.05428150065314203
0.05428150065317722
0.05456728730227855
0.05388696255841592
0.05044195387056074
0.04914509910908151
0.04715011232239109
0.046280830570261416
0.04628083057032816
0.04582221816115774
0.04499042385318491
0.045333004676803665
0.045333004676781884
0.045243710538343834
0.0417192963948261
0.0417192963948261
0.0417192963948261
0.0417192963948261
0.0417192963948261
0.041514788732394205
0.041514788732394205
0.041514788732394205
0.04041400000000001
0.04041400000000001
0.04041400000000001
0.04041400000000001
0.04041400000000001
0.04041400000000001
0.04041400000000001
0.04041400000000001
0.04041400000000001
0.04041400000000001
0.04041400000000001
0.04041400000000001
0.04041400000000001
0.04041400000000001
0.04041400000000001
0.04041400000000001
0.04041400000000001
0.04041400000000001
0.04041400000000001
0.04041400000000001
0.04041400000000001
0.04041400000000001
0.04041400000000001
0.04041400000000001
0.04041400000000001
0.04041400000000001
0.04041400000000001
0.04041400000000001
0.04041400000000001
0.04041400000000001
0.04041400000000001
0.04041400000000001
0.04041400000000001
0.04041400000000001
0.04041400000000001
0.04041400000000001
0.04041400000000001
0.04041400000000001
0.04041400000000001
0.04041400000000001
0.04041400000000001
0.04041400000000001
0.04041400000000001
0.04041400000000001
0.04041400000000001
0.04041400000000001
0.04041400000000001
0.04041400000000001
0.04041400000000001
0.04041400000000001
0.04041400000000001
