0.04077336092490968
0.040773360924915535
0.040773360924919226
0.04077336092491038
0.04077336092490021
0.04077336092497453
0.041608829439977596
0.042797362679767754
0.04575307506820247
0.05064851692325208
0.06624727809330062
0.06624727809326898
0.06638136294096839
0.14427159360941547
0.14647838067372407
0.1476152699918124
0.14490006201378644
0.1548175969034257
0.15084305757849895
0.14428970034173147
0.13706052492294682
0.13420753695685295
0.13349987047423084
0.12338216383514314
0.11992369018593942
0.07857652106210251
0.07857652106217106
0.07684439811341161
0.07655389818232755
0.0757729160966028
0.07298732192431208
0.06981833682435046
0.06753766146491566
0.06400829181554528
0.05933303112378399
0.0573296313228432
0.057170767011132086
0.05634963341659944
0.05537571134809437
0.05537571134809196
0.05531939540730286
0.054544317426759296
0.053743013190997314
0.053743013190997314
0.05374301319135796
0.05278782562668677
0.05136597794505163
0.05065811843561834
0.049811312018718495
0.049811312018718495
0.04401109252422683
0.04401109252422683
0.04303997515642264
0.04303997515642264
0.04303997515642264
0.04303997515642264
0.0424431153105219
0.0424431153105219
0.0424431153105219
0.0424431153105219
0.0424431153105219
0.0424431153105219
0.04147274556429466
0.04147274556429466
0.04147274556429466
0.04147274556429466
0.04147274556429466
0.04147274556429466
0.04106592504787079
0.04106592504787079
0.04106592504787079
0.04106592504787079
0.04106592504787079
0.040184
0.040184
0.040184
0.040184
0.040184
0.040184
0.040184
0.040184
0.040184
0.040184
0.040184
0.040184
0.040184
0.040184
0.040184
0.040184
0.040184
0.040184
0.040184
0.040184
0.040184
0.040184
0.040184
0.040184
0.040184
0.040184
0.040184
0.040184
