0.046669867727028407
0.04666986772704371
0.04666986772703504
0.04666986772703852
0.04666986772705532
0.04666986772704404
0.04768889334315589
0.04847504792851433
0.05216127966803768
0.05902800363648011
0.07263571049394271
0.07263571049394008
0.07296081721737124
0.14012712523387075
0.15457367772744257
0.15375063869154734
0.15608789998205963
0.1490639619489811
0.14595454607096994
0.13821809305948696
0.13388054324814988
0.12634152150271022
0.12634152150271022
0.11904473207415327
0.11603353832703835
0.06323584451990248
0.06254885711083764
0.06232583886909092
0.062325838869120284
0.06209289611343042
0.05936705055118696
0.05853971384097673
0.05633477327480571
0.05635833069806345
0.052936538493352545
0.052398960617766104
0.05239896061770542
0.05190862307550292
0.051908623075438184
0.0519086230754825
0.051110311179682316
0.05106607197686461
0.05029599665327686
0.050295996653342584
0.04973030808037286
0.048684512805849595
0.048684512805849595
0.048684512805849595
0.048684512805849595
0.048684512805849595
0.047010469330661525
0.047010469330661525
0.047010469330661525
0.047010469330661525
0.047010469330661525
0.04684450916022433
0.04684450916022433
0.04684450916022433
0.04684450916022433
0.04684450916022433
0.04684450916022433
0.04684450916022433
0.04684450916022433
0.04684450916022433
0.04684450916022433
0.04684450916022433
0.04684450916022433
0.04684450916022433
0.04684450916022433
0.04684450916022433
0.04684450916022433
0.04585883967692546
0.04585883967692546
0.04585883967692546
0.04585883967692546
0.045353999999999985
0.045353999999999985
0.045353999999999985
0.045353999999999985
0.045353999999999985
0.045353999999999985
0.045353999999999985
0.045353999999999985
0.045353999999999985
0.045353999999999985
0.045353999999999985
0.045353999999999985
0.045353999999999985
0.045353999999999985
0.045353999999999985
0.045353999999999985
0.045353999999999985
0.045353999999999985
0.045353999999999985
0.045353999999999985
0.045353999999999985
0.045353999999999985
0.045353999999999985
0.045353999999999985
0.045353999999999985
0.045353999999999985
