0.04973126136216581
0.049731261362165095
0.04973126136213858
0.04973126136216999
0.049731261362153036
0.049731261362158614
0.050565965310175924
0.05230852452666317
0.05565172581785809
0.05931353437786204
0.08502440799460163
0.08502440799459543
0.08635261222961156
0.1535031241393922
0.1559123971763756
0.15410121978263894
0.15137366292386595
0.15300775027600505
0.14642195698297655
0.14084788931252779
0.13818424379863162
0.13546240338970383
0.1347545500541064
0.12679954183541128
0.1226272442883895
0.07248057342695827
0.07125879499118508
0.0686086942214298
0.06703329460157387
0.06644315051008357
0.06485784980649006
0.06404382088652379
0.061001993502461244
0.05819930091022752
0.056653165433615385
0.055360280599609436
0.055360280599609436
0.05509123004146886
0.05501213135035475
0.05501213135035475
0.05478662407534639
0.05478662407534639
0.05406276162079486
0.05406276162079486
0.0537893707554463
0.0537893707554463
0.0537893707554463
0.05327229802246299
0.05288504152792218
0.053040469605572654
0.05065606723559696
0.05065606723559696
0.050107354767194676
0.050107354767194676
0.050107354767194676
0.050107354767194676
0.050107354767194676
0.050107354767194676
0.0497892909295234
0.0497892909295234
0.0497892909295234
0.0497132551500655
0.0497132551500655
0.0497132551500655
0.0497132551500655
0.0497132551500655
0.0497132551500655
0.0497132551500655
0.0497132551500655
0.0497132551500655
0.0497132551500655
0.0497132551500655
0.0497132551500655
0.0497132551500655
0.0497132551500655
0.0497132551500655
0.0497132551500655
0.0497132551500655
0.0497132551500655
0.049366
0.049366
0.049366
0.049366
0.049366
0.049366
0.049366
0.049366
0.049366
0.049366
0.049366
0.049366
0.049366
0.049366
0.049366
0.049366
0.049366
0.049366
0.049366
0.049366
0.049366
0.049366
