0.04962733006303091
0.04962733006302773
0.04962733006309909
0.049627330063094464
0.04962733006303085
0.04962733006302224
0.049796042152638026
0.05106096231580938
0.0538099937869178
0.060166854102811355
0.08193222159303852
0.08193222159302853
0.0837912663245742
0.1542446875781361
0.1533641254504534
0.15919922558700694
0.16421537656643626
0.15846310237472835
0.152437799191202
0.1429058890123045
0.14012653632482067
0.13672781492613786
0.1354053858598059
0.1233276951483063
0.1225389696881312
0.07186501205984251
0.0715820596853078
0.07002870312373324
0.06851312273889286
0.06822231568945485
0.06400288828584703
0.06278205453029471
0.06119048447205237
0.05931045624882846
0.057731203610793515
0.0564736152493081
0.054842060188087904
0.05484206018811112
0.052909841547318905
0.0526664624215795
0.0526664624215795
0.0526664624215795
0.0526664624215795
0.0526664624215795
0.0526664624215795
0.051669269735834744
0.051669269735834744
0.051669269735834744
0.051669269735834744
0.051669269735834744
0.05139981942577377
0.05139981942577377
0.05139981942577377
0.05139981942577377
0.0505652245923414
0.0505652245923414
0.0505652245923414
0.0505652245923414
0.04965690562892108
0.04965690562892108
0.04978697839209143
0.04978697839209143
0.049301033535388714
0.049301033535388714
0.049301033535388714
0.049301033535388714
0.049301033535388714
0.049301033535388714
0.049301033535388714
0.049301033535388714
0.049301033535388714
0.049301033535388714
0.049301033535388714
0.049301033535388714
0.049301033535388714
0.049301033535388714
0.049301033535388714
0.049301033535388714
0.049301033535388714
0.049301033535388714
0.049301033535388714
0.049301033535388714
0.049301033535388714
0.049301033535388714
0.049301033535388714
0.049301033535388714
0.049301033535388714
0.049301033535388714
0.049301033535388714
0.049301033535388714
0.049301033535388714
0.049301033535388714
0.04889199999999998
0.04889199999999998
0.04889199999999998
0.04889199999999998
0.04889199999999998
0.04889199999999998
0.04889199999999998
0.04889199999999998
0.04889199999999998
