0.05455237355331674
0.05455237355336297
0.05455237355337618
0.05455237355335602
0.0545523735533642
0.05455237355336861
0.05886949142031584
0.06993464931928486
0.09737705577584643
0.14673214485274647
0.16268158413927888
0.1626815841392725
0.1621799649499875
0.15373349209441664
0.14959552959072378
0.14560913716784704
0.142274174061348
0.0627360222322802
0.06003461448875419
0.05863534711004722
0.05829288922226346
0.0566924823069404
0.052143368696159854
0.04944097071523059
0.04766950882519293
0.04541543450014042
0.045257376492574
0.045257376492574
0.044048778299198434
0.044048778299198434
0.04332133965189891
0.04177756079489837
0.04177756079489837
0.04160768500948754
0.040558941648948646
0.040558941648948646
0.040558941648948646
0.040558941648948646
0.040184
0.040184
0.040184
0.040184
0.040184
0.040184
0.040184
0.040184
0.040184
0.040184
0.040184
0.040184
0.040184
0.040184
0.040184
0.040184
0.040184
0.040184
0.040184
0.040184
0.040184
0.040184
0.040184
0.040184
0.040184
0.040184
0.040184
0.040184
0.040184
0.040184
0.040184
0.040184
0.040184
0.040184
0.040184
0.040184
0.040184
0.040184
0.040184
0.040184
0.040184
0.040184
0.040184
0.040184
0.040184
0.040184
0.040184
0.040184
0.040184
0.040184
0.040184
0.040184
0.040184
0.040184
0.040184
0.040184
0.040184
0.040184
0.040184
0.040184
0.040184
0.040184
0.040184
