0.06306520214264283
0.0630652021426249
0.06306520214263148
0.06306520214262605
0.06306520214261804
0.06306520214263317
0.07029344802626473
0.08541764039774985
0.12600839968757244
0.17404998704537986
0.17486101602602533
0.17486101602602683
0.173873826224351
0.1401473477471501
0.13438460582356232
0.13307801788007714
0.1274839302276465
0.0633793838627017
0.05899810770517119
0.056645551553522425
0.0557937627470325
0.05542730847315435
0.05542730847321958
0.053019803559984126
0.053019803559984126
0.049986870559159624
0.049986870559159624
0.049986870559159624
0.049986870559159624
0.049366
0.049366
0.049366
0.049366
0.049366
0.049366
0.049366
0.049366
0.049366
0.049366
0.049366
0.049366
0.049366
0.049366
0.049366
0.049366
0.049366
0.049366
0.049366
0.049366
0.049366
0.049366
0.049366
0.049366
0.049366
0.049366
0.049366
0.049366
0.049366
0.049366
0.049366
0.049366
0.049366
0.049366
0.049366
0.049366
0.049366
0.049366
0.049366
0.049366
0.049366
0.049366
0.049366
0.049366
0.049366
0.049366
0.049366
0.049366
0.049366
0.049366
0.049366
0.049366
0.049366
0.049366
0.049366
0.049366
0.049366
0.049366
0.049366
0.049366
0.049366
0.049366
0.049366
0.049366
0.049366
0.049366
0.049366
0.049366
0.049366
0.049366
0.049366
0.049366
