0.0557496547313323
0.05574965473132887
0.05574965473133078
0.055749654731353175
0.055749654731349366
0.05574965473132778
0.06644324845570446
0.08742434857410482
0.11881210347436758
0.1588094013207101
0.17188332832014727
0.17188332832015235
0.1701279556590131
0.1326227845244067
0.13000999774623442
0.12742822988891836
0.12436081503502154
0.057292864773265326
0.056321071189450365
0.05324227439611155
0.052691851211345515
0.05269185121134659
0.05269185121135459
0.05183422797536757
0.05092845052733899
0.04618085000497639
0.04609367751144943
0.04609367751144943
0.04609367751144943
0.04609367751144943
0.04609367751144943
0.04609367751144943
0.04609367751144943
0.04425044383950743
0.04425044383950743
0.04425044383950743
0.04358415607449009
0.04358415607449009
0.04358415607449009
0.04358415607449009
0.04358415607449009
0.04358415607449009
0.04358415607449009
0.04358415607449009
0.04358415607449009
0.04358415607449009
0.04358415607449009
0.04358415607449009
0.04358415607449009
0.04358415607449009
0.04303756201275678
0.04204799999999999
0.04204799999999999
0.04204799999999999
0.04204799999999999
0.04204799999999999
0.04204799999999999
0.04204799999999999
0.04204799999999999
0.04204799999999999
0.04204799999999999
0.04204799999999999
0.04204799999999999
0.04204799999999999
0.04204799999999999
0.04204799999999999
0.04204799999999999
0.04204799999999999
0.04204799999999999
0.04204799999999999
0.04204799999999999
0.04204799999999999
0.04204799999999999
0.04204799999999999
0.04204799999999999
0.04204799999999999
0.04204799999999999
0.04204799999999999
0.04204799999999999
0.04204799999999999
0.04204799999999999
0.04204799999999999
0.04204799999999999
0.04204799999999999
0.04204799999999999
0.04204799999999999
0.04204799999999999
0.04204799999999999
0.04204799999999999
0.04204799999999999
0.04204799999999999
0.04204799999999999
0.04204799999999999
0.04204799999999999
0.04204799999999999
0.04204799999999999
0.04204799999999999
0.04204799999999999
0.04204799999999999
0.04204799999999999
0.04204799999999999
