0.07458281961893956
0.07458281961893604
0.07458281961892003
0.07458281961893037
0.07458281961890185
0.07458281961890431
0.08128015724642054
0.09282604249720687
0.13180381474042616
0.18149592991940547
0.17713080301558098
0.17713080301558362
0.17663977828646096
0.14612453453042032
0.14140573726078184
0.1389472559345838
0.13508440012827502
0.07322446621806505
0.07157521282688213
0.0668292824934363
0.0668292824934304
0.06504839877888458
0.06504839877888242
0.06520168737993935
0.06391019833194721
0.06047402945113779
0.06047402945113779
0.06047402945113779
0.06047402945113779
0.06047402945113779
0.06047402945113779
0.060221999999999935
0.060221999999999935
0.060221999999999935
0.060221999999999935
0.060221999999999935
0.060221999999999935
0.060221999999999935
0.060221999999999935
0.060221999999999935
0.060221999999999935
0.060221999999999935
0.060221999999999935
0.060221999999999935
0.060221999999999935
0.060221999999999935
0.060221999999999935
0.060221999999999935
0.060221999999999935
0.060221999999999935
0.060221999999999935
0.060221999999999935
0.060221999999999935
0.060221999999999935
0.060221999999999935
0.060221999999999935
0.060221999999999935
0.060221999999999935
0.060221999999999935
0.060221999999999935
0.060221999999999935
0.060221999999999935
0.060221999999999935
0.060221999999999935
0.060221999999999935
0.060221999999999935
0.060221999999999935
0.060221999999999935
0.060221999999999935
0.060221999999999935
0.060221999999999935
0.060221999999999935
0.060221999999999935
0.060221999999999935
0.060221999999999935
0.060221999999999935
0.060221999999999935
0.060221999999999935
0.060221999999999935
0.060221999999999935
0.060221999999999935
0.060221999999999935
0.060221999999999935
0.060221999999999935
0.060221999999999935
0.060221999999999935
0.060221999999999935
0.060221999999999935
0.060221999999999935
0.060221999999999935
0.060221999999999935
0.060221999999999935
0.060221999999999935
0.060221999999999935
0.060221999999999935
0.060221999999999935
0.060221999999999935
0.060221999999999935
0.060221999999999935
0.060221999999999935
0.060221999999999935
