0.07435527478893113
0.0743552747889275
0.07435527478892387
0.07435527478890144
0.07435527478892495
0.07435527478891842
0.08073574150356776
0.09740575492854711
0.13119903615292006
0.18659247516837127
0.17452566114599571
0.1745256611459921
0.17261577349244459
0.1340125240399173
0.1320513316532311
0.12703723814724363
0.12496774644874384
0.07364056712201139
0.07364056712200798
0.07080337585450988
0.06808048437494549
0.06341570771661383
0.06341570771660807
0.06229616104543999
0.062296161045509287
0.0599780833545539
0.059151912026162566
0.059002799712849975
0.059002799712849975
0.059002799712849975
0.059002799712849975
0.059002799712849975
0.059002799712849975
0.059002799712849975
0.0583215720022948
0.0583215720022948
0.0583215720022948
0.0583215720022948
0.0583215720022948
0.05704599999999991
0.05704599999999991
0.05704599999999991
0.05704599999999991
0.05704599999999991
0.05704599999999991
0.05704599999999991
0.05704599999999991
0.05704599999999991
0.05704599999999991
0.05704599999999991
0.05704599999999991
0.05704599999999991
0.05704599999999991
0.05704599999999991
0.05704599999999991
0.05704599999999991
0.05704599999999991
0.05704599999999991
0.05704599999999991
0.05704599999999991
0.05704599999999991
0.05704599999999991
0.05704599999999991
0.05704599999999991
0.05704599999999991
0.05704599999999991
0.05704599999999991
0.05704599999999991
0.05704599999999991
0.05704599999999991
0.05704599999999991
0.05704599999999991
0.05704599999999991
0.05704599999999991
0.05704599999999991
0.05704599999999991
0.05704599999999991
0.05704599999999991
0.05704599999999991
0.05704599999999991
0.05704599999999991
0.05704599999999991
0.05704599999999991
0.05704599999999991
0.05704599999999991
0.05704599999999991
0.05704599999999991
0.05704599999999991
0.05704599999999991
0.05704599999999991
0.05704599999999991
0.05704599999999991
0.05704599999999991
0.05704599999999991
0.05704599999999991
0.05704599999999991
0.05704599999999991
0.05704599999999991
0.05704599999999991
0.05704599999999991
0.05704599999999991
