0.05703448854994004
0.05703448854995098
0.057034488549940504
0.057034488549936535
0.05703448854994358
0.05703448854994309
0.065364952132934
0.07528009580070516
0.11208944842420224
0.15330055190136038
0.16312323145164928
0.1631232314516571
0.16253270653838098
0.13260830253587563
0.1268601807180755
0.12359096865351625
0.12207839140048095
0.0475980139970891
0.047598013997065876
0.045238797544757986
0.045238797544749146
0.04368887238571645
0.04332780007890909
0.04269452344095393
0.04285076088335384
0.04081215772179618
0.04081215772179618
0.04041400000000001
0.04041400000000001
0.04041400000000001
0.04041400000000001
0.04041400000000001
0.04041400000000001
0.04041400000000001
0.04041400000000001
0.04041400000000001
0.04041400000000001
0.04041400000000001
0.04041400000000001
0.04041400000000001
0.04041400000000001
0.04041400000000001
0.04041400000000001
0.04041400000000001
0.04041400000000001
0.04041400000000001
0.04041400000000001
0.04041400000000001
0.04041400000000001
0.04041400000000001
0.04041400000000001
0.04041400000000001
0.04041400000000001
0.04041400000000001
0.04041400000000001
0.04041400000000001
0.04041400000000001
0.04041400000000001
0.04041400000000001
0.04041400000000001
0.04041400000000001
0.04041400000000001
0.04041400000000001
0.04041400000000001
0.04041400000000001
0.04041400000000001
0.04041400000000001
0.04041400000000001
0.04041400000000001
0.04041400000000001
0.04041400000000001
0.04041400000000001
0.04041400000000001
0.04041400000000001
0.04041400000000001
0.04041400000000001
0.04041400000000001
0.04041400000000001
0.04041400000000001
0.04041400000000001
0.04041400000000001
0.04041400000000001
0.04041400000000001
0.04041400000000001
0.04041400000000001
0.04041400000000001
0.04041400000000001
0.04041400000000001
0.04041400000000001
0.04041400000000001
0.04041400000000001
0.04041400000000001
0.04041400000000001
0.04041400000000001
0.04041400000000001
0.04041400000000001
0.04041400000000001
0.04041400000000001
0.04041400000000001
0.04041400000000001
0.04041400000000001
