0.060905727480366975
0.06090572748034277
0.060905727480332565
0.06090572748038691
0.06090572748033611
0.0609057274803385
0.06565784216882661
0.08321458607109997
0.12989368342063126
0.16639006606430667
0.1643507770021003
0.16435077700210132
0.162481290490386
0.14202536258598958
0.13906045928646335
0.1368195248429733
0.13328616664181195
0.04971712199621426
0.04979221015450579
0.049793009062133055
0.04979300906211537
0.048321499817217825
0.048321499817217825
0.0479990134784198
0.04801245130938065
0.047763030373524286
0.047763030373524286
0.04708598352645548
0.04708598352645548
0.04708598352645548
0.04707960526315779
0.046191566265060185
0.046191566265060185
0.046191566265060185
0.046191566265060185
0.046191566265060185
0.046191566265060185
0.046191566265060185
0.045353999999999985
0.045353999999999985
0.045353999999999985
0.045353999999999985
0.045353999999999985
0.045353999999999985
0.045353999999999985
0.045353999999999985
0.045353999999999985
0.045353999999999985
0.045353999999999985
0.045353999999999985
0.045353999999999985
0.045353999999999985
0.045353999999999985
0.045353999999999985
0.045353999999999985
0.045353999999999985
0.045353999999999985
0.045353999999999985
0.045353999999999985
0.045353999999999985
0.045353999999999985
0.045353999999999985
0.045353999999999985
0.045353999999999985
0.045353999999999985
0.045353999999999985
0.045353999999999985
0.045353999999999985
0.045353999999999985
0.045353999999999985
0.045353999999999985
0.045353999999999985
0.045353999999999985
0.045353999999999985
0.045353999999999985
0.045353999999999985
0.045353999999999985
0.045353999999999985
0.045353999999999985
0.045353999999999985
0.045353999999999985
0.045353999999999985
0.045353999999999985
0.045353999999999985
0.045353999999999985
0.045353999999999985
0.045353999999999985
0.045353999999999985
0.045353999999999985
0.045353999999999985
0.045353999999999985
0.045353999999999985
0.045353999999999985
0.045353999999999985
0.045353999999999985
0.045353999999999985
0.045353999999999985
0.045353999999999985
0.045353999999999985
0.045353999999999985
0.045353999999999985
