0.10806139028719
0.10806139028719343
0.1080613902871904
0.10806139028719802
0.10806139028718974
0.1080613902871927
0.13387376792622116
0.163158174783586
0.16548370423770564
0.1647588340884737
0.12724126041915645
0.12724126041915645
0.12551533077302157
0.06296017975087065
0.060107035220039635
0.057099522539998795
0.05709952253993173
0.051028866804830375
0.05110738401383557
0.05013408980385797
0.05013408980385797
0.049366
0.049366
0.049366
0.049366
0.049366
0.049366
0.049366
0.049366
0.049366
0.049366
0.049366
0.049366
0.049366
0.049366
0.049366
0.049366
0.049366
0.049366
0.049366
0.049366
0.049366
0.049366
0.049366
0.049366
0.049366
0.049366
0.049366
0.049366
0.049366
0.049366
0.049366
0.049366
0.049366
0.049366
0.049366
0.049366
0.049366
0.049366
0.049366
0.049366
0.049366
0.049366
0.049366
0.049366
0.049366
0.049366
0.049366
0.049366
0.049366
0.049366
0.049366
0.049366
0.049366
0.049366
0.049366
0.049366
0.049366
0.049366
0.049366
0.049366
0.049366
0.049366
0.049366
0.049366
0.049366
0.049366
0.049366
0.049366
0.049366
0.049366
0.049366
0.049366
0.049366
0.049366
0.049366
0.049366
0.049366
0.049366
0.049366
0.049366
