0.09156492757405905
0.0915649275740607
0.09156492757405696
0.09156492757405048
0.09156492757406505
0.09156492757406391
0.12338205104468483
0.14495859887697474
0.15320062743450136
0.14715439837415972
0.11778625095266065
0.1177862509526807
0.11746009253392807
0.0482023934705323
0.045998923137719916
0.045262694191775345
0.045262694191775345
0.04097106411547484
0.04071951710261549
0.040514349525404794
0.040184
0.040184
0.040184
0.040184
0.040184
0.040184
0.040184
0.040184
0.040184
0.040184
0.040184
0.040184
0.040184
0.040184
0.040184
0.040184
0.040184
0.040184
0.040184
0.040184
0.040184
0.040184
0.040184
0.040184
0.040184
0.040184
0.040184
0.040184
0.040184
0.040184
0.040184
0.040184
0.040184
0.040184
0.040184
0.040184
0.040184
0.040184
0.040184
0.040184
0.040184
0.040184
0.040184
0.040184
0.040184
0.040184
0.040184
0.040184
0.040184
0.040184
0.040184
0.040184
0.040184
0.040184
0.040184
0.040184
0.040184
0.040184
0.040184
0.040184
0.040184
0.040184
0.040184
0.040184
0.040184
0.040184
0.040184
0.040184
0.040184
0.040184
0.040184
0.040184
0.040184
0.040184
0.040184
0.040184
0.040184
0.040184
0.040184
0.040184
0.040184
