0.1120863364938885
0.1120863364938943
0.11208633649388679
0.11208633649389034
0.11208633649388437
0.11208633649388464
0.15325357613340174
0.1736581746645077
0.17406765636021818
0.16255030549306
0.11424639943120428
0.11424639943121406
0.11048547218340411
0.059931578947368495
0.057690424343941935
0.057690424343941935
0.057690424343941935
0.057690424343941935
0.057690424343941935
0.05704599999999991
0.05704599999999991
0.05704599999999991
0.05704599999999991
0.05704599999999991
0.05704599999999991
0.05704599999999991
0.05704599999999991
0.05704599999999991
0.05704599999999991
0.05704599999999991
0.05704599999999991
0.05704599999999991
0.05704599999999991
0.05704599999999991
0.05704599999999991
0.05704599999999991
0.05704599999999991
0.05704599999999991
0.05704599999999991
0.05704599999999991
0.05704599999999991
0.05704599999999991
0.05704599999999991
0.05704599999999991
0.05704599999999991
0.05704599999999991
0.05704599999999991
0.05704599999999991
0.05704599999999991
0.05704599999999991
0.05704599999999991
0.05704599999999991
0.05704599999999991
0.05704599999999991
0.05704599999999991
0.05704599999999991
0.05704599999999991
0.05704599999999991
0.05704599999999991
0.05704599999999991
0.05704599999999991
0.05704599999999991
0.05704599999999991
0.05704599999999991
0.05704599999999991
0.05704599999999991
0.05704599999999991
0.05704599999999991
0.05704599999999991
0.05704599999999991
0.05704599999999991
0.05704599999999991
0.05704599999999991
0.05704599999999991
0.05704599999999991
0.05704599999999991
0.05704599999999991
0.05704599999999991
0.05704599999999991
0.05704599999999991
0.05704599999999991
0.05704599999999991
0.05704599999999991
0.05704599999999991
0.05704599999999991
0.05704599999999991
0.05704599999999991
0.05704599999999991
0.05704599999999991
0.05704599999999991
0.05704599999999991
0.05704599999999991
0.05704599999999991
0.05704599999999991
0.05704599999999991
0.05704599999999991
0.05704599999999991
0.05704599999999991
0.05704599999999991
0.05704599999999991
0.05704599999999991
