0.09402541235501927
0.09402541235502335
0.09402541235502224
0.0940254123550231
0.09402541235502465
0.09402541235502448
0.13469040621063286
0.15851878650667192
0.17249047157249767
0.16586986967089803
0.1271817146139831
0.12718171461397462
0.12674404666901343
0.05227066304879307
0.05052624752309248
0.04943398246800416
0.049067896122154245
0.04889199999999998
0.04889199999999998
0.04889199999999998
0.04889199999999998
0.04889199999999998
0.04889199999999998
0.04889199999999998
0.04889199999999998
0.04889199999999998
0.04889199999999998
0.04889199999999998
0.04889199999999998
0.04889199999999998
0.04889199999999998
0.04889199999999998
0.04889199999999998
0.04889199999999998
0.04889199999999998
0.04889199999999998
0.04889199999999998
0.04889199999999998
0.04889199999999998
0.04889199999999998
0.04889199999999998
0.04889199999999998
0.04889199999999998
0.04889199999999998
0.04889199999999998
0.04889199999999998
0.04889199999999998
0.04889199999999998
0.04889199999999998
0.04889199999999998
0.04889199999999998
0.04889199999999998
0.04889199999999998
0.04889199999999998
0.04889199999999998
0.04889199999999998
0.04889199999999998
0.04889199999999998
0.04889199999999998
0.04889199999999998
0.04889199999999998
0.04889199999999998
0.04889199999999998
0.04889199999999998
0.04889199999999998
0.04889199999999998
0.04889199999999998
0.04889199999999998
0.04889199999999998
0.04889199999999998
0.04889199999999998
0.04889199999999998
0.04889199999999998
0.04889199999999998
0.04889199999999998
0.04889199999999998
0.04889199999999998
0.04889199999999998
0.04889199999999998
0.04889199999999998
0.04889199999999998
0.04889199999999998
0.04889199999999998
0.04889199999999998
0.04889199999999998
0.04889199999999998
0.04889199999999998
0.04889199999999998
0.04889199999999998
0.04889199999999998
0.04889199999999998
0.04889199999999998
0.04889199999999998
0.04889199999999998
0.04889199999999998
0.04889199999999998
0.04889199999999998
0.04889199999999998
0.04889199999999998
0.04889199999999998
0.04889199999999998
