28 203 1000
303 380
6 262 519 864
65 230
88 311 576 698 867
34 96 416
17 32 275 314 929
28 93 363 671
96 119 191 309 439 617
53 431
204 500 686
245 670
73 672
146 831 856
7 141 239 240 324 368 489 820
63 114 891
125 143
543 987
68 162 325 606 609
20 47 376 378
52 67 79 100 195 735
5 42 162 435 998
210 300
14 18
28 184
233 390 712
19 749
27 60 94 191 330 564 785
8 10 16 40
507 572
134 157 354 637 932
146 240 332 640 723
199 687 703 922
33 89 267
18 125 146 861
47 414
2 935
231 447 507
143 214 343 362
775 786
59 119
878 989
38 86
16 17 46 170 190 915
39 364
44 192 357 390 547
255 440
173 269
129 463 924
5 14 57 512
134 152 288
382 650 704
373 477
39 40 131 409 462 853
338 511
181 220 563 757 786 985
219 414 536 879
42 106
119 149 228 238 327 397 603
20 104 529
38 68
17 109
148 758
11 187 753
13 286
397 880
6 248
4 14 193
16 61 132 605 870
96 175 202 619 879
163 434 776
578 965
423 615 743
6 548 926
11 25 137 216 254 479 841
121 265 352
18 26 30 75 394 640 721 802
29 171
120 437 544
86 172 366
9 176
98 169
39 138
105 121 128 769 887
46 54 586 876
2 24 97 164 748 992
409 443 479 949
319 800
90 166 188
280 620
374 471 474
18 875
3 29 98
45 108 917
1 734
323 449 643 698
32 324 559
44 251 278 434
2 38 391 551 894
49 85 422
63 175 219 253
135 243
189 370
51 366 520
64 231 559 859 909
147 267
35 65 170 241
369 918
91 199 925
43 812
415 921
6 589 977
789 940
129 298
7 21 34 52 413 486
63 243
51 140
20 41 47
266 409
83 300
4 296 445 846
755 961
7 11 56
111 311
30 34 294 380 573
279 445 709
64 82
66 262 848 998
168 891
43 519
30 647 700
207 528 876
118 505 620
110 115
6 26 217 274 754 835
96 815
118 818
62 231 247 312 590 787 900 971
558 930
2 13 117 183 303 321 524 550
74 473 885
71 96 345 400 580 593 890
236 487
3 18 37 135 272 289 305 670
32 163 840
174 181 289 570
8 10 46 138 318 385 583 945 974
25 216
29 169 185 901
94 530
125 217 743 852
58 67
14 48 284
70 299 485 894
19 22 28 110 412 560 749 924 988
184 263 411
60 216
113 418 763 915
51 70 397 711
253 972
46 363 753
38 171 605
105 176 307 373 691
10 30 143
86 244 335
405 522
104 168 383 403 948
278 858
167 235 967
14 140 545
5 162 264 365
88 194 429
49 151 502 836
96 877 997
3 6
376 897
21 993
184 463 584
503 776
33 85 305 742
92 100 172 308 980
251 601
4 214 302 310 369 420 725
269 652
12 76
14 705
182 191 500
71 175
98 178 392 457 810 998
11 399 915
124 391 531
103 986
25 33 114 467 618
60 216 530
4 88 185 285 311 326 719 850 990
199 799
15 69 553 729
79 122 227 290 466 481 973 976
117 246
277 732
20 104
8 17 179 385 460 499 811 861
25 28 90 281 320 374 599
87 94 321 569 614 785
2 6 29 355 957
60 146 281
4 41 677 962 994
116 333
60 211 386 569
3 43
98 843
20 130 137
42 259 435 673
170 270
9 197 430
8 151
288 655 767
30 33
7 176 313 489
205 286 665 832
20 290 596
6 11 101 264 541 741 993
84 480
99 854
102 577 777
155 226 321 337
36 130 442
175 304 526
379 490
4 34 158 242 362 416 597
20 26 132 865
106 540
5 40 68 150 191 642 931
40 45 107 167 396 981
171 535 591
298 868
225 282 725 991
23 225 241 316 626 789
25 45 571 836
443 649 700 833 925
107 152 319 570 597 833
7 24 81
434 716
63 130 136 289 346 580 628
17 127
1 93 128 145
22 172 485
113 577 951
49 661 845
339 517
316 490 545 674
93 605
18 32 56 73 81 111 233
151 224 567
34 64 107 117 242 740
251 278 291
21 52 242 280 447 597 653 953 973
215 572 619
20 835 952
134 176
37 70
113 267
55 178 973
19 120 129 244 263 860
377 882 938
369 430 963
100 509
80 463 750
22 342 592
38 257
35 380 546
10 499 567 779
22 36 52 73 252 349 554 650 911
78 100 183 233 234 299 762
16 40 364
166 318 381
19 494 578 756 826
26 206
9 134 206 525
29 185 812
42 68 435
27 968
34 678
26 66 182 303 350 437 517 808 883
27 171 220
82 502
61 116
106 533
179 702
11 103 824
114 534
3 91
18 56 134 375 983
863 961
48 341 448 512
315 475
118 944
105 265
455 486
43 125 169 986
17 254 255 311 419 595 682 739
111 247
10 54 593
7 207 278 332 564
7 217 428
131 496
142 541 659
162 465 472
368 485
18 49 423 721
83 669
574 978
16 56 68 168 187 402 656 714
7 9 313 453
126 425 707 739 855 959
424 573
7 73
189 939
39 40 122 334 470 583 669 830 929
41 709
17 57 83 202 207 248 388 395 777
22 191 283 299 564 594 681 785
263 295
9 25 213 332 350 375 395 852
34 439 642
33 89 212 271 346 410 634 635
165 322
16 387 576
10 318
3 6 185 259 273
186 267 787
6 103 185 192 331 568 808 827 933
1 133 188 451 465 501 774 878
18 55 151 162 521 873
218 295 340
2 12 52 142 171 321 355 538 678
403 703
10 16 18 443 680
123 706
337 503
348 918
295 369
35 65 365 600
268 914 917
1 88
25 48 87 94 197 213 386 807
31 747
25 60 87
247 590 688 941
124 531 565 760
59 228
30 948
8 10 13
270 634
220 336
72 427 547 563 566 722
168 794
319 511
56 84 461 471
4 47 324 529
1 3 80 257 357 598
21 591
33 635
425 660 784
126 259
5 22 127 226 232 694
458 574
17 949
331 717
2 24 76 405
131 348 695
469 644
5 106
15 27
251 522
29 287
131 407
213 596 764 958
111 387 449 803
141 515 629
61 987
6 98 247 300 783
165 184 298 302 804 860
209 224 512 713 936
3 29 232 252
59 760 939
63 333 508 543 788
15 21 77 215 641 887
42 106 472
48 57 87 157 635 654
651 906
45 58 85 212
43 185 198 943
6 43 772
52 572 591 678 768
74 194 231 239 313 631 680
80 235 373 602 733
3 103
316 693
90 383 703
12 13 155 479 945
2 694
126 345 899
72 483
834 866
2 538 935
65 809
4 444 476 677
201 296
29 170 180 527 554 954
223 515
92 828
5 158 989
9 436
47 127 229
195 270 368 485 610 796
172 353 366 727
48 201
10 23 46 72
406 544
1 35 62 93 112 144 179 235 869
261 729
36 112 143 287 349 602 780
159 359
6 12 76 110 123 154 155 317 585
37 70 84 274
3 610
286 805
309 457 564 582
616 637
59 149 204 371 469 582 741 881 1000
50 53 706
62 444 879
64 107 242 339 628 783 870 981
25 87 158 192 286 893
780 869
870 889
29 943
258 693
285 300 326
277 606
170 180 996
2 47 159 310 328
5 68
190 271
224 339 617
39 404 499
73 390
74 116 919
14 48
143 877
62 312 646 780
195 634
23 461 627
43 131 370 519 772
236 708
19 164
405 858
14 256 346 988
74 410
45 58 307 314 484
85 742
374 471
51 705
199 497 532
105 121
114 208 286 422 553 665 734 837
379 655
115 322 520 930
71 294 791
5 66 435 783
123 177 357
140 417 478
763 823
727 864
384 683 736 932
4 376
246 914
113 451 1000
42 657
4 566 760
21 52 768
78 446
28 139 400 437 506 558 953
45 326 542 867
36 360
54 377
41 130 221 772
178 194 311 366 520 549 560 604 725
150 442
3 43 98 255 474
533 758
31 186 202 294 329 467 581 919
118 795
181 341
10 85 895
57 223 535
186 764 839
221 863
64 242
5 42 95 472
94 764
487 628 854 916
15 379
108 145
54 301
509 828 978
2 76 317 337 413 503
51 70 163
8 11
6 160 218 584 855
149 228
120 139
53 55 69
241 871
100 458
21 29 977
24 112 476 562
153 179 264 380
27 28 126 429 800 876
17 62 69 138 381 534 762 801 857
80 902
145 936
89 128
17 25 893
19 62 579 614 664
718 784
83 109
3 6 103 188 252
738 916
41 134 144 168 458 792
12 24 156 629
14 51 387 448 450 651
284 779 873
31 37 208 216 217 528 972
77 205 225 233 261 737
336 447 533
14 488 906
12 36 39 58 85 218 452
110 165 284 293
76 258 840
199 319
22 397
398 514 549
77 272 430 878
123 288 523 566
293 942
15 30 43 182 203 497 687
113 147 795
1 13 35 39 173 210 269 942
152 338 771 833
5 95
50 91 381
37 288 829
22 354
140 193 341 450 589
19 76 230 292
57 139 675
12 36 148 150 229 347 595
63 71 257
452 553
1 27 203 336
154 245
62 132 824
11 16
92 100 133 195 814 838
602 661
2 490
131 999
2 90 244 896 921
248 328 712
124 908
1 45 359
235 351 573 602
80 167 205 464 562 598
270 747 822 828 980
99 384 708 738 885 916
105 121 934
29 155 160 935
2 4 127 967
244 322 441 633 637 707 809
12 282 913
45 618
56 105 306 475
213 895
97 339 668
455 925 996
227 546 849
36 227 289 587 675
325 899 999
16 17 39 904
174 632
22 66 203 644 905 979
18 736
11 46 137 151 669 955
173 956
23 440
88 210 353 547
214 343 408
362 410
41 47
10 33 53 58 148 276 307 320 984
33 58 271 482
160 287
147 866
379 639 674 693
130 150 227 888 911
107 588
62 112 177 612 733
45 108 154 327 790
199 537 770 909
16 301
218 441 625 912
326 587 613 649
262 370 765
60 281 386
28 73 126 320 868 959
41 982
55 79 421 611 975
182 469
249 720
149 500 717
112 750
31 467
44 272 759
30 36 334 517 539
127 912
252 756 954
167 907 993
9 61 132 456 631 834
54 75 593
30 45 123 431 484
231 270 710 827
156 352
9 222 223 299 515
77 176 208 452 491 842
25 87 216 281
4 33 62 105 219 309 979
75 318 881
58 89 123
102 171
50 53 212 444
52 64
12 24 138 166
16 892
1 101
72 109 121 318
541 553
10 84 389 404 433 537 627 832
11 39
356 486
34 483 590 827
249 508 532
18 392 473 658 952
55 105 114 306 557 875
27 38 220
26 56 436 453 845
131 407 641 765 857
356 382
338 720
73 453 575
68 268 277 401 609 917
72 214
12 246 549 850
468 794
44 59 78 239 475 503 575
203 204 222 228 439
21 545 886
205 590
34 64 161
158 491 502
8 17 25 363
26 141 489 575
244 302 406 411 432 701 769
6 103 198
8 35
4 104
5 95 401 526
105 121 265 315
3 185 287 900
45 314
149 880
468 898
147 823
48 193 358 417 676 797
30 90 188 196 199 468 555 799
43 872
335 821
66 268 454 506
111 956
9 160
15 34 107 534 710 734 846
98 198
7 9 146 697 721
53 85 123 276 408
68 157 516
141 392
494 771
24 183
460 903
229 595 747
343 402 896
20 41 125 155 245 258 495 820
218 359 554
46 196 210 652 849
23 237
6 943
22 85 309 331
50 112 256 271 349
42 147 274 526
15 109 215 234 301 481 525 630 632
16 166 254 762
38 817
82 104 378 445 495
19 295
15 491 781 886
164 539
71 74 175 231 396 416 923
344 625
113 459 988
6 29 43 189 252
8 75 364 377 418 853
1 144
86 193 322
82 122 921
801 856 933
8 410 796
40 55 114 623
25 42 60 94 102 204 450 465 869
81 995
159 554 996
27 49 730
12 30 188
51 488
5 19 34 48 81 203 249 415 837
26 146
77 766 905
95 535 540 606
11 91
26 84 221
78 115 250 280 292 298 739 999
11 177 258 351 448 789
1 93 279 663
37 143 755
55 122 456 462 749
588 620
4 23 275
21 34
7 9 32 143 390
22 24 76 513
21 100 162 308 504 510 830
45 100 192
33 497
96 797
36 129 208 232
16 254
71 87 112 161
3 212 482 548
49 137 142 167 857
1 38 257 342 668
59 131 189 238
19 94 165
4 47 70 73 290 411 501
375 995
1 31 815
160 169 241
99 236 738
136 175
24 66 156 622
45 67 498
13 39 115 433 666
102 175 253 687 716
32 56 74 410
52 58 67 305
32 103 158 182 432 516
10 60 77 174 936
569 599 839
7 84 141 206 389
6 17 119 368 704 711 821
291 371
412 466 769
347 570
114 192
15 187
7 22 129 188 235
168 178 369 468
16 77 363 493 583
180 385
31 219 223 228 304 439 457 629
59 367
12 690
26 856
715 782
24 44 561 682
62 351 985
52 67 69 323
215 225 498
28 71 250 616 927
14 358 478 884
67 612 673 719 931
80 312
54 116 136 372 596 819
161 588
51 398
196 248 394 451 724 763
297 970
191 408 667 696
27 86 113 190 257 496 500
37 42 69 178 740 806 966
92 978
93 133 308 980
110 184 345 804
5 157 673
163 427 522 601
2 97 117 229 246 744 947
98 926
21 24 80 542
178 261 348 692 975
148 513 585
132 824
27 86 101 731
1 55 211
42 66 68 106 162 192 506 732
51 260
8 16
132 203 493 872
455 679
316 623 639
53 60 197 449 654 922
27 38 271
134 143 332 933
20 396 587
575 607 672 691
293 685 843 890 964
589 981
4 15 37 140 266 472 791 982
69 667 781
65 267 546
370 462
237 474 932
11 523
19 88 213 345
18 32 134 272 568 648
24 540
14 97
125 399 423
13 16 61 419
21 100
301 362
726 816
5 71
140 200 576 651
233 313 842
25 48 140 193 216 488 530
29 646
22 979
42 102 157 516
373 573
38 391 991
7 37 146 176 217 778
17 162 616
69 79
5 325 606
221 752 937 997
89 108 128
113 149 251 644 855
31 116 186 219 260
10 16 54 364 528
70 152
19 302
384 713
97 255
11 46
49 123 151 161 174 632
229 317 487
139 250 492 504 558 964 965
18 473
172 173 803
105 315
16 853
40 278
183 744
12 608 947
39 54 266
261 393
31 104 110 321 459 767
17 54
150 289
31 294
152 181
38 327 509 744 960
190 248 366 480 821
61 132 896
18 59 68 324 464 586 752
280 946
23 24 46 146 184 340 361
75 83
66 68 102 171 401 454 516 556
19 23 78 129 292 297 423 826 899
130 195 713
50 790
8 39
22 59
13 48 353 658 665
233 361
109 371 479 567 938
23 36 72 124 181 474 531 940
170 180 359 424 542
44 46 751
342 532 908
136 294 304 419
148 155 513
196 310
145 890
28 284
82 151
26 37 56 99 350 389 396 626
19 293 664
39 245 283 399 428 983
101 907
455 957
200 212
186 958
43 160 169
51 197 200 201
375 555 852
18 37 84 240 350 392 436 574 983
135 227 339
286 421
2 126 317 696
447 597
133 404 882
113 147 577
58 348
205 386 421 505
50 276
15 99 388 557
142 174 215 805
40 55 138 153 388
22 182 299 515 582 717
215 481
23 49 508
8 78 154 259
120 297 333 759 814
565 825
580 940 995
300 353
11 106 504
243 260 596
34 144 242 492
147 395 944 951
224 296 417
54 207 949
164 432 463 558 610 726 792 986
185 548
327 603
2 90 378 657 748
133 270
11 13 75 102 137 645 787 813
156 585
63 116 260 414 518 536
33 50 108 226 276 851
35 81 303
21 34 107 483 572 768
46 138
121 469 633 838
74 743
138 396 626
695 939
21 64 384
9 81
37 125 524
9 755 844
24 141 151 381 497 574 897 970
183 317
6 37 143 312 697 985
152 288
14 48 200
120 297 340 412 728
224 770 887
59 905
273 300
13 23 72 563
7 586
306 352
63 83 109 121 752 822
112 150
31 104 116 253 304
13 14 36 51 157 385 636
35 179 230 411 431 745 871
2 77 158 225 641
36 152 347 508
716 928
114 445 595 722
599 618
95 865
159 170 356 650 969 997
28 578 843
2 150 181 668
31 219 467 686
1 30 93
49 79 540 674 704
24 44 76 91 148 229
7 66 268 277 875
50 547 941
265 315 654
14 91 341 523 753
1 16
24 87
107 672
32 607
499 681
41 43 89 99 195 924
205 695 775
158 636
15 208 234 282 301 415 656 770
1 144 884
23 173 387 560 660 782 956
256 444
426 541
189 496
66 356 510 527
15 114
72 326 559
2 189
7 37 70 74 239 361 368 615 937
14 52 280 568
240 631
3 18 26
57 148
586 802
437 700
145 177 402
88 194
54 231
10 498
130 521
42 157 237 504 510 526
177 431
180 689
59 238
88 253 294 902
67 128
115 284 298
25 94
5 27 277 336
239 283
295 322 459 685
3 603 777 889
460 550
61 189 407 874 889 950
95 675 757 871
21 52 107
766 848
70 461 861 883
11 40 61 132 537
20 108 501 825 982
23 565
7 37 233
76 80
29 79
44 117 398 901 913
24 642
27 220 257 710
2 12 82 122 156 446 585
109 847 955
21 859
71 92 175 308 333 822
8 211 246 735
238 457 603
61 477 874
95 611
136 543
33 58 67 85 128 305
76 384 711 714 885
62 156 349
19 31 63 129 382 432 726 841 860
120 446
314 742
66 71 171 247 931
120 425
82 208 367 466 481 505 974
9 746
39 82 799 920
228 354
312 845 992
154 604 645
27 86 330
401 506 617
101 750 907 967
69 90 118 188 451 891
139 441
9 13 137 275 334 847 922
161 613
82 142
29 686
22 222 367
88 115
128 305
4 41 378 587 624 963
102 268
124 144 198 222 335 360 416 552 862
630 735
144 438 746
9 32 81 332 658 778 820
527 683
84 168
7 692
90 647
14 57
30 403 594 948
129 164 263 377 579
19 28 579 965
78 361 664 728
19 154
119 327
36 420
95 138 422 688
6 103 169 429 548 803 926
97 117 840
131 189 260 407
35 584
22 662
32 84
2 18 846
163 164 291 344 601 761
220 730
11 57 345
12 24 513
49 77 272 430 452 793
405 688
20 47
45 652
44 149 901
75 97 313 661
14 299
53 108 128 307 320 671 690
10 55 116 338 507 600 659 801
55 109 715 830
181 699
20 21 103
800 908
124 440
670 697
127 490 623
19 145
60 87 281 386 920
151 394 473
35 65 179 241 400 903
135 304 963
262 864
5 42
57 200
35 230
3 6 103 118 818 866 928 937
206 302 728
68 157
8 10 13 54 166 627 681
63 186
25 839
36 84 145 287
9 23
262 462
40 254 433 660 816
71 340 625 834
15 55 69 153 282
50 314
8 11 13 91 190 470
15 837
7 56 245 283 399 802
58 108 166 592
23 37 274
49 122 187 215 234 388 902
111 273 323 429 702 727
441 701
36 227 420
1 865
13 256
96 518 619 788
28 60 154
401 536 647 912
275 458 509
20 41
61 132 145 201
12 58 128
5 23 124 164 565 667 811
27 86
50 89 123
679 689 969
96 536 557
111 269 285 449 576
111 285
269 520
56 74 221 232 428
44 117 249 355 527 720 829
183 690
90 310
8 74 207
208 630
173 190
1 9 200 450 478
5 34 38 42 277 556
196 383 555
53 172
30 196
557 655
9 350 559 863
237 255
806 989
93 95
52 64 161 464 475 477 483
19 223
76 400 466 569 775 903
25 134 165 335 336
97 608
80 872
193 201 358 448 545
65 179 365 380 546
12 17 53 74 282 304 542 756 888
61 324 343 754
31 63 78 107 186 295 357 792 958
240 344 883
29 43 98 104 529 897
66 279 344
4 260 403 453
61 80 132 135 605
150 269
30 283 296
330 888
250 301
54 968
40 73
20 529
5 14 57 193 200 465 609 648 984
36 101 139
21 22 33 222 741
31 57 88 140 285 604
44 152 427 927 942
125 204 261 276 375
73 228
54 137 385 579
12 44 97 226 355 815
329 804
169 442 657
48 676 947 994
4 6 20 47 61 796
82 187
3 556
111 836
2 76 97 246 337 551
106 810
28 232 335
28 292
28 126 164 293 297 412 757 811
436 825
10 68 79 102 611 732
234 492
31 167 210 256 544 562 653
16 56 110 484
3 119 287
5 502
26 141 176 390 489 524 646 662 714
35 303
367 495 807
12 159 170 180 204 224 382
50 89 320 598 621 671 706
35 230 241
26 32
55 209 225 793
180 356 413 969
89 94 239 392 952
119 149 331 880 881
45 50 89 145 214 696
2 748
13 15 16 117 173 523 621
1 211 279 315 438 773 934
148 226 373 561 776
62 167
67 346 571
156 165 549 551 561
155 622
5 454
1 93 144
187 415
66 325 454
188 383 403 488 555 990
99 487
3 88 198 240
18 148 176 290 376 892
220 330
1 93 96 211
2 12 694
377 387 524 765
41 47 123 178 388 656 954
64 65 230 408 645 745
209 262 291 364 424 544 607
359 361 722 745 746
118 577 613 740
121 352
28 89
23 319 471
1 172
178 413 588
27 91 329 409 809 984
60 94 692
3 6 19 115 160 519 812
150 273 353 719 873 911
17 243
144 211 274 438 773
8 10
35 113 137 443
27 31 202 243 955
1 279
75 370 493 862
303 408
128 638 737
135 923
31 357
81 140 146 807
50 173 273 285 360 521 560 604
118 328
92 133 183
44 183 551
65 276 333 600 910
139 292 406 552 698
258 767
99 236
17 41 91 793 938
64 201 567
102 766
53 212
127 347
92 133 135 202 308 539 814
147 328 480 712 951
53 108 177 307
125 568
9 33 212 571 773
17 48 221 275 419 537
87 94 906
63 83 136 253 414 518 621 779
95 265 358
64 247
13 40 83 109 190 275
24 32 206 383
15 525
52 591 966
1 438
13 40
352 960
16 968
130 521 699
25 27 38 817
124 781
122 638
201 264 341
127 258 316 379 639
15 49 122
81 680 892
49 205 225
21 64 433 941
86 817
41 104 163 962
4 70 222 342 594
21 118 243 395
12 302 329
59 69 209 224 724 894 975
72 126 139 244 831
394 794
4 41 47 677 798
3 59 957
92 259 494
11 679 684 689 791
344 406
13 17 83 266 409 470 493 904
517 570
135 202 788
34 161 946
23 255
2 402
125 221
372 562
7 14
75 847
347 360
9 26 844
14 126 184 288 446 511
67 177 484
30 90 168 310 724
643 867
3 69 174 491 835 959
296 705
121 265 306
70 84 106 119 399 510 624
14 204
99 615
30 181 420 898
10 13
23 289 354 563
32 70 292 323 961
46 137
28 218 259 284 406
20 495
530 599
15 42 55 69 106 282 393 426 514
46 795 816
7 197
14 48 51 57 194 296 323 456
421 730
15 83 533 538 622 736 913 914
249 480
12 422 774
51 248 478 566 676 895
174 393 426 492 976
8 17 120 254 418
20 501 715 798
38 65 731
1 93
99 854 910
127 571
96 135 136 581
22 119 222 331 592 662
77 169 371 850
51 57
28 78 120 927
10 156
18 78 110 298
112 115 552
165 723
5 39 159 464 486 784 819 934
643 849
213 281
456 992
182 191 582
11 29 971
29 252 819 900 971
424 733
100 195 230 442
31 71 130 236 534 550 552 581
3 6 198 608 808
279 663
251 372 522 761
59 159 180 238
77 142 153 158
3 207 238
49 98 116 236 418 498 976
9 32
97 758
19 425 494 584 707 826 868 970
666 844
4 20 56 206 274 290 798 851
63 78 378 994
101 477
79 115 293 950
79 122 142 805
211 663
35 813
8 13 334 470
13 684
101 235 476 598 684
10 83
69 82 209 514
149 342 371 946
15 58 77 263 701 806 960
18 21 52 636 859
47 73 778
40 54 166 404 528 593 862
131 358 496
72 237 531
41 962
249 273 338 532 771
53 305
43 278 594
583 718
163 372 405 858 909
23 44 72 87 213
512 589
155 829
10 11 91 166 334 404
33 85
32 56 141 206 362 461
172 194 210 638 702
5 8 14 65 964
65 237 376 987
186 219
10 75 153
372 427 928
7 919
65 600
32 48 79 174 505 918
7 9 26 81 141 197 283
154 179 218 340 633 930
8 11 786
4 124
33 60 187 306 511 514 832 904
214 476
328 395
194 365 391
460 813
108 117 393 440 578 751
47 355
30 35 111 142 153 898 990
80 101 112 167 351 653
217 397
4 20
110 120 129 232 263 810
4 290
114 659 966
15 49 122 192 393 426 729
98 110
35 46 365 624
1 39 138 666
46 402
46 950
2 417 649 797 884
1 11 12 15 61 92 115 268 842
72 374 874
197 217 245 648 754 831
92 130 133 227 708
79 90 182 209 354 592 612 974
153 261
187 525 737
177 482
95 264 535 550 556
142 153 351
8 13 363
119 223 291 309
86 232 330 391 731
57 104
17 266
17 256 349
18 389
51 136 394
325 848
348 407 991
13 190
26 34 538
12 337
27 38 74 86
229 882
53 160 226 398 751
9 73 507
19 40 75 136
26 50 343 360 581 851
29 977
25 920
109 207
250 297 841
165 184 329 400 459
2 3 43 159 561 682
78 126 685
58 67 81 346 518
118 147 267 818 823 910 944
116 580 972
382 428
8 22 226 923
202 543
91 127 163 291 434
153 234 389 759
640 877
38 129 601 761 953
1 45 67
67 198 482
161 280
214 614
22 223 367
33 50 53 85 152 209 271 790
20 47 709
62 101 264
75 124 374 886
2 44 117 398 699
24 44 683 774
92 133 539 838
782 893
16 23 26 266 381 691 718 929 945
210 250 723
79 272
139 196
