13 54
4 47 168 445 664 726 816
74 113 389
46 109
191 342 759
589 705
188 891
20 376
270 509 634
113 118 701
290 376
61 74
28 578
1 33 563
261 525
396 536
7 283
92 133
22 182 214 258 397 402
26 640
597 678
55 192 388 630
190 384 881 945
343 874
210 300
5 54 207 274
77 82 272
36 911
48 296 514 545
7 134 688 736
28 184
2 12 182 337
91 567 660
361 868
122 209 319 720
121 582
86 99 199
17 381 385 681 753 870 945 955
35 624
72 145 237
25 704
373 598
178 502
149 228 746 881 979 990
1 87
38 86
11 54 146 470
27 571
30 310 394 724
48 119 193 358 413 651
3 6 21 34 161
49 151 153
191 223 224 422 911
259 263
131 262 370 407 695 765
378 677 994
33 58 305 447
24 188 513
24 398 914
126 291 372 427 434
5 15 55 69 187 301 716 973
6 34 52 139 231 568
18 74
54 190
522 858
4 47
99 384 885
366 492 719
31 63 116 136 357 396 536 587 596
18 58 85 631 647
35 185 365 408
73 368
778 877 937
175 408 536
52 280 597 740 859
33 237 248
164 259
4 982
65 241 408 657 671
124 374 565
10 35 65 380
57 86 391 801 817
7 33 37 81 217 461 489
8 17 50 762
5 66
11 17 779
210 311
195 574
289 612
382 957
10 91 528
69 100
5 162 506
227 570 911
26 461
144 165
10 40
257 731
12 226 947
28 769
56 146
8 13 16 17 259 765
12 148 398
66 106 133 162 465 506 611
8 35 151 388
32 44 175 341 354 469 594 748
78 184 452 498 914
239 335 544 579 640 890
56 390
42 673
31 59 68 299 331
22 182 354 582
747 828 838
166 626 669
145 294 882
219 357 596
147 267
4 41
147 328 777
239 721 862
14 797 981
24 156 317 947
2 97 694 776
4 47 290 897 982 994
65 303
8 13 17 39 75 418 815
102 171 277
47 104 141 250
6 808
382 433 523
133 458 827
62 349 444
25 569
3 157
11 33
12 185 246 561 648
20 41 172 285 300
143 399 807
150 347
106 285 296 326 649 727
60 569
61 163 402 405 434 928
15 208 348 466 782 912
33 107
132 343
35 83 100 123 903
147 269 451
5 42 204 516 527
213 782
21 231 567
11 45
462 568 695
78 685
3 105
28 139 541
224 272 290 656 775
18 84 176 368 375 575 670 697
385 718
280 572
25 216
276 431
31 163 372
349 602
58 67
4 529
413 446 542
164 578
77 225 973
15 114 178 553 641 692 775
184 250 263 293
91 151 179 348 492
4 677
179 460
95 117 157 215 268 540
511 773
84 135 260 619
66 106
2 22 59 564
92 539
17 184 319 524
29 30 72 98 531 667
49 183 452 793
137 391
7 9
21 149 280
765 939
57 358
310 555 821
9 524
353 588 613
4 109 501 599
3 6
63 88 353
12 355
14 21 43 48 244 374
18 56 70 176 217 423
106 162
112 127 138 623
339 570
251 601
8 10 13 16 583 587
19 244
120 129 218 284 345
120 557 674
22 182 629 905 979
61 132
455 996
25 984
2 8 99 450 869 885
333 963
2 538
22 238 717 880 1000
61 824
37 423
32 691
60 216 386 839
293 411 701 821
200 478 545
117 246
20 104
146 743
499 601 761
76 97 751
78 259 344
340 406
57 448
116 333
1 118 865
149 299 550 880
23 995
44 269 449
33 85 93
94 785
265 315 405
111 172 210 323 366 560 592 652
130 181
65 365 813
19 82 769
29 49 837
21 52 68 107 751 899
586 825
18 37 81 86 995
101 112
62 477
60 94 599 764 893
55 69 79 114 286 514 737 806 857
19 115 579
30 794
2 97 850
14 589
26 240 640 648 801
9 56 287 842
27 38 48 200 296 991
42 95
31 63 71 116
29 306
59 331 603
44 192
88 210
48 478 651
111 173 285
8 39 46
19 28 129 344 609 912
639 655
382 486 617
23 425
66 268 808
89 128 618 790 876
15 55
21 52
278 427
129 139 738
21 48 231 568 688
84 361
118 866
13 46 134 190 334 399 485 920
121 265 538 934
95 102 468 606
636 887
240 670
225 630
39 40 138 385 419
191 354
503 871
124 531
130 517
288 800
331 500
119 149 469
77 115 139 232 899
6 29 169 892 977
35 179 230 303 365 482
23 940
463 584 614 804
135 153 192 224 999
127 454
28 129 679 970
73 631
11 16 17 130 138 823 944
159 170 221 382 554 994
216 281 569
16 478 618 884
131 189
109 409 567 862 938 950
19 115
65 230 460 635
92 100 308 509
86 220
298 411
112 373
20 683
120 292 498
5 27
360 420 570
10 14
23 255 374 628 713
105 306 934
472 606
27 968
122 422 656 973
825 961
319 829 833
41 141
478 512
90 383 403 595 633
430 665 863
62 226 235
182 223 238 327 342 397 686
105 522
30 799 932
52 241 688
20 897
173 273 520 604 803
315 475
345 406
228 331 960
2 24 44 97 150 155 367 582
7 9 453
300 323
11 27 39 138 275 418 687 938
650 684
131 496
4 24 62 128 595
401 472
9 283 586
49 415 452 505 525 630 806
267 328
61 709 798
211 279 663
332 461
99 708 916
77 114
80 167 235 424 985
179 241
66 127 674
6 519 986
21 242 620
84 392 995
22 119
33 189
244 841
3 117 533 585 595
34 52
85 305
1 93 113 279 712 866 951
45 67 108 271
367 515
14 450
4 20 501 529
59 469
321 942
122 426
15 114 155 553 966
364 381
2 76
45 67 89 108 157 314 431 742 790
12 24 117 229 585 812 872
4 41 677
144 180
24 44 549
197 222 418 439 582 629
46 219
41 47 715
328 763 795
12 123 183 305 913
48 140 201 296 448 488
248 395
882 955
78 115 395 432 649
161 202 507 588
49 174
16 254 363
15 77 122 272 301
615 856
167 175 186 396 581
29 80 101 456 464
64 161
50 89 307
166 318 499 537
12 24 246 562
330 991
51 488 589 676 705 906
350 760 886
61 896
89 123 212 307
206 461
54 105 121 352 666
495 683 722
18 70 221 389 473 754
447 466 678
25 94 216
22 203 500
35 358
186 219 260 377 503 958
17 166
93 438
3 6 169
129 293 749 757
255 471
41 240
22 182 203 243 592 642
245 883
83 254
40 711 892
291 405 761 858
7 26 70 134 158 233 858
225 976
300 652
42 133 980
57 676 933
26 81 125 239 340 362
804 826
366 867
58 108
70 428
4 87 194 206 285 576 698
192 286
116 219
317 594 774
251 522
136 467
126 165 739 752
192 975
9 844
14 113 140 147 200 248
145 229 690
78 110 297 786 809 890 970
235 562
34 597
3 98 160
108 257 730 991
466 974
52 591
11 75 260 377
2 185
112 256 351
2 187 832
480 712
427 434
25 47 60 87 636
763 866
45 67 194 698 851
1 244
274 721
23 708 760
446 637 999
23 237 614 667
96 414
20 41 78 104
58 372
26 28 202 236 245 487 596 738
62 398
5 102 401 454 527 848
2 694
152 249 532 771
28 164 289 412
10 718
4 20 21 47 889 941
50 58
30 497
61 80
138 254 949
64 568
20 291 372 761
24 80 89 156 355 585
17 955
285 643
204 299 309 397
19 463
397 905 971
7 32 37 102 143 423
15 22 272 282 365 525 877
549 682
27 86 888
3 4 48 57 296
85 177 212 704
56 88 111 269 893
16 628
11 35 40 75 177 179 365 787
306 352 890
83 266
90 126 194 273 298 335 403 959
57 221 501
367 371 493 592
352 475
2 220 336 916
99 360
60 104 122
16 17
6 19 29 103 146 223 350 584
56 245 375
288 338
69 153 286 636
21 34 83 588
5 68
29 287 289 406 700 971
19 110
186 581
258 321 490 693
112 226
78 174 459 809
55 832 878 989
9 14 24 861
13 499
3 10 49 98 103 198 292
2 183 297 298 664 728 826 959
22 343 439 644
18 217 670 835
335 810 927 964
52 302 591
188 310
344 437
510 917
13 443 659
8 40 54 75
59 125 177 223 228 299 603
66 171 666
71 219 543 972
105 121
5 171 224 256 598
139 840 999
20 27 64 100 290 846
103 554
52 64 416 457 507 597 717
195 980
6 27 330
193 545
7 332 691
61 132 214 343 402
21 268 556
193 201
90 168
25 618
28 55 843
13 17 109 433 499 528 779 810 853
167 193 464 548
124 474 715
46 109 277
84 274
261 704
66 119 238
113 118 125 366 795
5 435
232 295 340
52 107
34 77 79 282 348 786 805
2 75 97 337 840 894
173 254 727
6 13 181 784 828
39 54 229 275 286 442 756
210 311 429 449 956
50 431
88 194 301
167 598 602 872
14 654
603 881
14 675
72 940
163 206 291 434 884
10 16 309 419 511 594 596 669 853 904
41 50 482
8 11
744 776
37 50 53 431
112 573 661
2 12 317 850
15 49 234 729 734 818
29 42 284 548
180 356 957
152 319
59 204
64 103
171 325
23 53 539
122 178
172 173
37 389 410
794 898
232 441
13 381
70 233 601 958
11 275
32 141 362
221 392
158 234 393 759
87 136 580
4 20 39 131 445 458 846
88 194 429 702
11 363
500 686
75 784
13 137
153 174 187 481 541 750
106 130 339 699
306 960
11 150 181 420 699
80 177 212 276 349 351
79 112 167 750
894 979
3 198
63 96
84 313 324 586 883
5 42 361
31 180 359
449 520 576
3 252 287
124 474
34 107
1 663
18 236
104 657 658 842 844 897
17 282 593 870
1 149 439
101 653
424 907
42 44 76
21 52 247 266 364
30 799
21 167 256 416 780
144 155 549
11 16 583
21 179 241 249 303 645 745
459 552 558
130 184 289 292 685
61 824 992
30 104 168 188 196
13 120 329 868
56 115 164 250 335
380 880
251 522 716 928
170 969
137 152 509 838 978
215 498
159 180
74 409 433 567 758 889
352 875
26 85 709
552 685
14 45 128
279 746 773
205 498 936
13 404 433
63 333
36 227
14 341 558 895 965
68 102
53 58 271
131 462
861 877
40 193 488 712 981
189 484
87 530
53 943
152 234 319 632 833 908
78 154 164 293 415 726
154 298 322
124 547
62 373 464 653 661 992 993
16 17 46 132
33 67 212 706
53 58 103 128
7 390 868
41 47
11 166
374 565
149 862 904
15 805
181 227
61 824 896 954
435 998
69 215 421
23 191 203
60 171 766
497 687
265 875
415 605
99 119 236 354 956
173 604
5 157 325 673 917
125 983
29 986
88 111 400 643
480 944
96 186 217 788
108 112 177 444 464 692
36 186 327 494 564
100 195
92 608
3 349 710 900
133 170 180 486
4 32 428 892
292 297 340 441
55 66 82 142 430 860
134 242 783
139 811
123 200 705
79 122 247 393 492 590 710 989
18 615 743
10 16 762
38 267 951
426 918
236 854
82 174 729
25 94 530
39 364 950
554 679
77 348 641 656 989
14 65 179 201 230 358 512 550
263 459
67 113 248 336 818
2 88 184 841
25 60 302 785
43 819
3 6 43
6 185 287 519 900
195 270
12 337 751 965
13 404 542
62 399 780
154 322 363 411 700
49 77 79 181
247 783
53 67 85 276 307 742
18 53
79 421 975
29 59 252 812 847
1 93 211 279 351 438 993
51 110 238 293 412 584 607
11 54 55 209
31 396 536 543
111 194 344 836
91 405 528
273 403
120 154 218 329 535 707 953
8 39 75 91 201 493
490 557
7 428
76 246 513 585
443 938
7 332
222 367 931
112 424 985
675 884
8 98 109 334
29 98 252 943
158 244 271 284 737
71 175 253 333 467 643 817
82 127 415
37 56
100 226 283 496 509 634 799
31 71
136 396 619
20 119 131
36 347
29 103 756
248 267
144 865
57 113 211 341 395 777 797
118 563
76 538
26 36 107 169 483 572 740
127 557
125 178 375
174 541
11 82 301
148 229
35 293 739
22 238 515
34 64
148 163
93 320 362
51 57 450
5 24 90 156
69 82 114 205 282 632
59 457
152 508
25 36 281 612
5 42 516
320 706
5 42 68 106 465 527 606
590 740
23 237
73 207
19 73 165 753 821 876
350 489 697 737
119 204 730
37 74 141 197 206 680 711
61 454 510 673
38 817
27 38 220 316 330 391 490
87 94 963
270 308 822
214 987
65 546
126 218 250 357 425 437 463 988
72 255 565 789
49 158 261 282 286 541 728
337 549
135 543 788 792 879
1 144
38 63
255 440 566
7 32 176 472
10 11 904
348 729
21 64 161 247 590 591 768 909
65 138 276 408 871
187 264 303
77 786
5 162 401 556
62 101 136 243 380 518 619
258 504 535
5 9 23 42 171
407 695 864 939
42 157 609 766
12 117
34 64 107 941
2 24 97 126 338 355 360 463 532
338 605 720 771
363 443 876 949
14 126 296 302
294 855 902
80 145 235 256 312 456 598 907
35 63 93
258 557 767
426 452 921
467 923
68 998
45 50 53 67
487 750
43 98
18 310 703
6 103 572 977
391 968
476 967
523 537
19 302 400
156 229
269 353
139 633
148 935
3 808
79 178 505
251 427
278 405
172 285
237 286 399 883 983
27 38 86 730
308 574 978
118 147 532 912
156 220 257
14 140 309
36 668 894
273 300 560
9 73 863
42 95 342
1 144 773
152 208 829
53 67 316 326 727
43 159 413 962
44 45 97 183 229 317 476 735
420 521 873
2 76 183 226 321 901
95 524 680 856 952
425 843
5 6 66 95 98 268 287 401 526
173 836 867
36 94 150
10 329 804 811
110 204 223 441 1000
78 322 329
188 891 948
7 73 141 437
51 675
72 270 539 781 830
109 127 254 258 316 674
249 288
151 502 832
64 483
375 919
36 79 130 151 205 442
155 774
43 986
1 60 87 93 94 281
92 978
63 294
50 53 58 67 222 741
10 16 54 109 961
190 267 314 409 627 929
136 294 312 373 562 573 665
31 58 219 770 792
160 163
6 21 52 107
10 54 404
7 81 197 615
813 903
147 823 944
39 46 137 701
259 544 584
334 915 949
20 283 376 423
8 16
6 98
164 184 295 329 558 924
80 476 845
683 846
544 964
10 639
132 294 970
51 140 895
366 662
66 106 157 261
1 93 144 746
5 506
72 404 574 747 814
45 571
70 389 927
322 942
44 148 398
55 69 114 208 708 837
25 87 213 386 599 839
59 457 848 917
22 119 191 726 809
34 242 768 859
216 920
38 116
118 147
26 56 313
3 519
264 546 600 624 910
342 564
41 495
165 243 915
40 479
8 166
97 355
55 79
131 189 262 370 407
76 561
175 779 792
135 175 518 580
88 111 173 429
215 301 735
30 310 794
172 649
6 98 112 167 602
18 74 313
4 41 71 304 496 581
18 134
24 748 914
566 667 940
63 71 580
384 713
44 156
295 379
298 412
121 265 306 315
4 20 954
2 117
60 213 764
12 24 97 513 608
52 72 124 165 231
150 442 511 908
150 621 668 796 800
383 922
27 86 611
50 85 307 320 635
37 586 831 997
9 146
41 162 445
187 514
395 577
33 571 620
713 885
17 207 493
64 124 678 909
275 621 622
15 378 798
62 653
96 101 197 559 672 802
19 250 297 664 855 924
15 114 178 505
115 165 924
76 183
170 689 791
31 71 186 260 543
90 239 835
113 451 638 834
236 384 854
6 376
300 702 719
142 654 659 921
145 188 214
9 26 32 239
28 195 295 321 930
29 169 185 977
101 235
494 942
2 196 245
9 714
110 263
43 160 169
82 132 145
28 723
32 50 233 487 835
23 471
74 92 361
218 284
127 379
136 304
18 125 143 206 755
5 766
387 520
2 513
9 473
81 84 125 937
11 40 168 847
46 75
252 772
21 783
67 346
407 462
83 593
22 686
65 179
302 930
72 789
5 157
40 189 370
83 334
15 82
9 410
132 145 402
327 603
86 888
133 270
207 231 275 590
227 269 323 517
80 312 476 573
111 652
145 214
215 491
56 70 176
80 733
371 500
72 237 781
24 133 458
160 379 623
73 933
34 416
22 342
18 26 141 392 559 807 831
56 143 206 856
7 9 26 73 274
88 311
210 386 537 725 836
62 71
30 150 360
13 16 681
8 23 28 143 165 204 474
4 256 477
199 555
91 207 593 891
118 777
9 43 221 539 575
24 226 551 840
19 32 150 181 289 508 816 965
129 165
15 151 424 502 735
453 714 791 952
79 174 489 641 974
111 326
447 591
669 870
247 559 807
99 384
20 50 104
3 160 347 521
33 123 635 710
77 158 205 272 422
18 156 436 672
49 793
47 495
69 189 770 857
48 51 178 247 540
21 724
7 10 13 17 46 242 563 620 827
208 430
88 323 560 725
508 532
11 31 71 135 333 879
1 94 213 246
46 104 207 847
126 446 516
217 362
114 234
31 175
23 614 886
119 717
127 258 639 655 693
131 222 741
62 967
30 131 394 898
15 55 209 305 491
19 23 255 441 552
698 956
154 749
12 64 507 935
146 919
28 757
10 13 15 17
49 222 245 275 324
202 580
220 242 946
17 138
78 927
339 521
448 906
400 723
21 105 121
43 185 394 803 926
1 228
153 187 430 638
356 359
100 133
215 514 645
30 45 53
54 63 581
27 372
12 20 155
149 182 228 309
14 57 448 984
96 496
66 102 106 171 277 502 564
1 16 211 281 438
170 486 542
117 148 515 690
44 76 913
105 475
97 128 314 671 742
281 409 530 599
351 985
58 89 262
218 295 400 425
359 684
1 16 46 144 211 849
110 535 757 848
9 25 70 115 176 392 642 680 852 952
76 148 229 317 398 551 690
30 383 990
230 624
29 103
92 458
99 699
69 82 369 806 976
175 879
312 456 907
15 58 158 388
19 224
116 136
23 218 563 886
393 466 774
35 65 550
212 276
48 906
37 983
110 284 700
10 95 623
31 414
180 486
137 168 383 922
96 273 353 387 626 702
12 55 373
34 724
78 480 494
68 401 556 908
16 109 576
33 56 76
605 874
11 46 137 470 583
27 38 336
101 444
8 318 377 889
470 925
63 304
85 314
189 262 462 864
257 385
264 600 814
2 117 337 538 613 622
51 341
378 722
28 120 302 637 988
49 52 249 421 659 665 974
65 377 470
483 572 588
3 30 90 198 646 772 932
43 185 403
283 601
161 613
82 142
1 35 264
1 95 211
15 421
7 76 155 246 313 579 744 758 901
440 471
31 96 414 902
55 123
199 214
9 47
386 839
12 132 200 402
14 57
19 154
96 116 136 202 253
11 25 87 145 213
12 24 44 533 595 682
18 57 201 417
3 169 198 646 812 926
264 745
4 20 390 923
101 351 661 733
24 50 85 148 155 196 562 696
138 418 443 493 793
13 39 54 381 621 882
167 534
23 142 255 280 440 547
95 526
15 153
69 122
481 638
20 47
23 92 117 138 154
48 51 417 895
148 551
131 864 939
324 399
325 540 611
33 128 305
273 387
14 201 984
479 762
1 15 93 122 272
1 56 438
142 608 966
219 546 707 959
28 110 129 232
34 192 231 242 436
288 720
13 627
13 27 38 201
379 490 655
92 100 308 453 533 781
111 315 849
1 60 281 663
115 345
31 96 304
43 98 122 142 178 215 224 225 320
34 447
369 813
69 261 481
52 280 827
15 837
482 696
152 249
282 887
18 70 480 577
45 262 407
169 867 971
41 47 59 104 121 501 629 709
292 400
637 749
71 96 518
31 304
23 547 566 789
28 278
2 25 216
67 123 276
105 875
170 312 477 573
1 865
2 12 37 110 125 235 256
59 68 225 506 732 931
29 900
72 495 962
259 625
1 147 267 577
58 346
6 29 43 191 287 593
181 227 325
9 33 70 134 610 933
22 41 592 741
90 199
79 224 918
27 86
1 4 25 393
135 253 370
85 130 339
51 200
32 473
392 796
3 100
116 386 764
78 250 432 728 739
159 684
19 28 126
71 73 863
83 166 266 380 460 550
44 355 935
90 196 327 497 551 647
140 589
32 575
25 37 920
241 745
8 15 54 79 91 176 324
125 818
151 316 497
600 657
2 303 503 901
80 872
9 70 752
10 11 38 40 108 681 731 925
38 220 336 578
734 936
14 22 59 149 203 204 299 354 469
22 223 545
104 326 529 982
49 887
393 534 913 966
95 162
472 516
62 602
6 29 103 198
113 118 166 823 834 951
120 164 371 552 899
778 802
59 182 662 905
36 181 339 347 420 442
27 38 220 336
101 171 253 504
8 10 75 243 253 345
30 168 199 216
607 658
72 124 374 531 547 703 760
232 446 459
71 96 107 137 318 923
266 419
36 227 457 517 521 873
203 381 439
127 297
437 616
12 24 183 759
257 391
196 383
14 57 417 784
31 35 241
3 188 199 227 346 394 819
8 16 666
114 208
7 134 217 368 453 852
7 134 143 559 801
49 205 301 770
116 172 186 202 260 484 587 972
234 632
5 526
288 771
338 527
43 103
28 558 625 826
26 142 205 341 534 604
379 767
22 594
5 14 48 57 68 417 540
53 298 988
39 528
69 553 692
403 849
15 55 249
159 359 491 542 679 744 957
35 51 200 512
33 177
245 752
115 129 406
356 969
43 183 519
406 579
91 385
74 143 485
26 32 176 485
6 129 252
12 155 321 622 947
77 369 805
17 787
23 228 378 445 529
23 531
17 93 232
147 763
371 642
135 202
40 83 109 141 266 583 969
213 232
45 212 222
1 135 587 788 972
102 157 560
356 376 455 650 996
172 269
118 153 248
32 48 51 233 240 283 350 820 937
1 159 180 996
75 85 271
295 616 633 953 964
42 435 477
41 47 798 954
18 32 711 919
20 51 358
19 340
8 10 132 343 987
327 331 367 1000
202 414
277 504
213 893
65 303 408
3 29
39 130 451
209 225 422
328 395 451
9 81 206 350 672
3 43 960
102 106 111 162 299
163 251 278
1 279
9 26 70 410 691 796 831
28 36 120 161 311 347 577
10 16
35 440 707
72 565
268 465 510 556
22 644
27 257 888
12 99 226 503
12 47 153 158 187 208 209 768
195 561
99 236
128 706
88 353 576
916 921
733 869
39 537
84 852
65 871
16 83
27 38 86 330 731
30 873
230 546
62 89 108 128 150 163 314
26 36 37 170 308 455 644 791
187 234 369 426
13 40
20 47 114 290 378 388
14 48 195 221 233 240 743
357 963
13 16 83
108 177 264 571 851
48 651
11 17 40 929
126 412
8 10 17 190 207 377 915
32 197 820
218 816
105 191 265 291 309 934
26 73 146 566 607 795 802
64 909
1 508 511
8 40 190 364 718 950
304 388 775
91 479
2 97
14 51 57 126 450
198 456 845
34 161 946
30 196 199 555 898 990
91 137 251 716
110 297 810
50 89 108 123 212 307 320
184 878 930
18 32
3 7 98 169 756 943
19 115 578
197 217 390 575 736 820
18 19 37 176 721
44 51 193
390 489 736 754
291 628 738 854
34 61 274 610
9 140 324 410 961
89 790
857 975
108 696 851
11 17
89 671
19 154 292 432 494 723 843
380 460 910
94 174 734 918
6 43 130 160 554
31 902
10 75 363 523
27 38 42 278 330 968
107 507
360 612
7 233
53 89 271
120 129 322 432 855 860
239 755
284 345
153 936
83 318
149 203 222 617
46 166 853
44 277 454 481 533
512 676 797
13 841
4 41 90 411 625 647 715 722 874
45 50 58 84 128 271 658
53 484
127 767
39 925
163 819
31 626
504 606 609
185 548 646
160 198
555 703
63 243 260 416
26 84 778 997
68 263
140 193
146 483 524
45 484
574 634 747 753
371 397 515
25 87
18 332
140 488
2 316 693
328 834
168 922 948
74 81 473 754
368 861
30 188 394 687 948
132 214
91 117
142 209 369
2 24
389 410 755
38 53 141 313 346 485
68 152 288 338 833
14 682 910
120 953
54 660
3 66 268 277
6 39 160 190
261 491
6 42 102 387 435 732
16 75 254 627 780
35 142 205 230 903
1 143
3 29 101 616 845 993
16 105 121
74 570 825
77 151 209 492
36 289
243 253 518 958
73 90 168 180 468
100 113 208 822
68 732
22 46 223 238 474 479 523 662
33 123 177
159 170
30 468 932
45 50 128 156 482
15 61 203 605 987
25 69 94 161 455 525 785
51 553
7 146 631
124 471
244 323 387 604 719 803
21 64 280
5 60 87 787
39 190 318 419 945
45 123
158 976
121 265 315 352
25 60
326 428 449 520
84 172 194 210 311 505 842
174 878
63 116 135 186 357 467 815
356 359 382 650 689
429 725
4 290
4 20
92 822
49 534
74 436
45 46 67 143 346 648
413 689
140 654
9 37 74 332
7 12 81 141 362
81 93 144 279
8 54 660 830 896
133 539
46 61 189
8 10 13 929
60 94 530 782
278 928
107 941
21 946
92 270 814 828
8 137 159 364 409
2 26 37 610
164 263 769 811
349 967
4 231 404 859 962
838 980
121 475
19 139 361 548
19 66 106 465 510 526 535 931
262 370
23 124 334 487 561
56 81 697
40 830
694 748
14 139 344 850 860
60 80 130 444 569 869
5 42 95 325 998
33 305
68 162
36 517
294 544
152 800 829
17 36 40 233 266 335 668
3 35
90 173 196 468
44 758
192 225
22 59 119 211 228 617
12 34 252 815
151 992
32 73 81 102 134 274 436 981 997
125 368
1 6 926
7 197 221 240 375 714 772 844
44 776
230 600 645
