94 252 304 473
31 35 192 354
236 448 832
62 148 262
28 622 970
11 953
14 89 119 326 343 344 393 413 886
10 81 226
51 169 210 728
44 48 371 489 639 767 821
8 149 170 187 984
134 859
2 103 255
27 106 124 214 376 526 610 721
104 115 135 234 300 381 544 641 803 924
1 205
21 65
35 354
140 584 749
4 50
206 555 727
41 44 375 496 715 766
30 66 271 355 387 608 640 703
122 141 413 662 791 812
122 209 434
51 57 112 253 307 352 502 825 906
144 162 267 310 332 355 806
41 55 110 177 228 244 299 666 752 812
11 16 66 166 462 685 698
184 289 623 755
29 131 208 220 322
92 158 773
43 346 537 988
13 444 698 846
41 350 370 446 449 930
120 450 893
397 865
217 281 593
27 232 340 607
3 161 184 264 460 888 964
2 68 212 601 638 668 884 903 945
3 27 203 708
10 58 258 411 556 975
4 26 50 103 156 272 424 683 824 955
2 215 959
39 62 261 334 919
2 521
9 415 668
6 19 144 387 819
118 366 369 382 552 581
10 32 243 353 395 480 850
10 414
135 311
105 143 201 251 505 739 823
50 76
31 65 125 128 139 306
8 164 431 531 851
46 471
15 59 115 300 315 350 544 875
23 101 132 486
99 193
100 116 194 249
219 317
15 278 527
2 163 225 327
104 453 547 960
1 3 863
96 318 671
42 56 126 134 136 912
126 246 339 438 891
8 45 55 106 116 130 441 448 815
6 241 401 866
1 373
16 72 180 277 975
38 45 86 227 240
26 156 189 271 635 991
42 677 833
4 40 162 290 315 429 664 790
458 904 907
51 63 121 129 165 536
29 200 331
43 280
20 71 219 461 572 584
24 34 134 195 426
29 48 49 127 590 776 908
54 122 433 791
111 713 723
15 61 68 104 115 168 257 571
131 132 139 217 969
64 78 229 240
121 157 310 391 438 850
94 231 615
28 252 304 939
3 61 113 233 503 530 632
507 518
1 3 24 987 992
45 73 137 276 406 429 549 881
202 612
40 565
2 34 61 215 277 633 741 790
34 113 183 235 246 361 482
65 331 883
276 396
42 584
12 36 114 137 138 281 951
122 210 220 221 334 653 666
79 104 174 377 508
13 14 44 121 216 239 257 444
105 505
72 82 353 425 439 739 769 784
39 109 211 223 238 328 340 356 459
270 374
20 57 500 962
149 159
19 56 126 134 325 338 380 430 921
17 78 224 938
150 271 335
52 206
6 11 135 561 967
37 61 259 815 972
1 771 852
265 530
85 762
17 27 33 151 188 278 915
6 241 272 925
324 488 567 744
5 8 18 37 60 116 187
96 399
1 3 26 35 197 483
162 559 847 945
6 11 16 29 40 170 534
8 249
38 59 68 115 151 197 349 482 571 892
46 183 524 859
14 169 172 277
20 274
158 287 490 655 785 905 994
4 254
69 169 286 295 397 573 916
7 39 42 355 464 546 596
167 224 246 279 426 720 729 873
14 62 205 438 877 918 941
9 25 44 89 161 189 389 615
4 748
236 645
15 79 115 234 308 542
47 723
148 312
207 327
34 154 961 966
85 260 315 323 973
9 110 212 244 518 520 524 876
24 741
22 45
23 175 212 224 281 784
11 29
106 114 957
43 136 144 149 203 377 872
14 68 496 508 978
13 476 496
66 144 150 743
8 320
4 36
33 53 591 611 761
1 3 401
4 29 50 570
48 210 735 821
53 154 288 627
5 43 231 415 646 977
386 619 983 997
226 363 837
37 194 527 576 961
30 38 127 154 174 336 598 775 814
125 178 254 443 481 722
197 574 931
62 195 459 471
6 16 69 366 618 828
14 202
68 102 398
47 70 79 468
43 48
143 250
69 72 265 808
1 71 670 736 913
109 314
38 47 88 108 319 669
252 514
19 30 56 136
16 69 141 356 546 660 854 966
382 682 917
139 183 361 452
17 78 588
39 46 69 153 524 837
152 231 280 878
43 208 420 912
50 52 531
281 326
44 228 585 662
29 182 702
23 101 645 832
40 108 445 493 669
88 108 900
17 86 319 598
95 116 190 194 553 660 663 999
2 11 944
48 745
120 180
49 174 300 763
3 72 163 248 992
127 454
102 219 687
3 4 107 150 152 300 621
19 43 701
21 125 128 580 592
44 73
93 113 148 564 757 899 977
118 167
96 435 529 553
6 56 109 126 338 829 848
50 285
17 588
38 53 449
61 68 70 85 127 308 338 468
26 507 620 681
14 175 216 455
38 86 451 983
462 954
40 162 317 327 747
58 890
65 106 130 318 816
443 971
82 357 564
48 539 610
31 97 192 472 567
53 65 789
160 200 425 605 963 982
136 447
117 177 396 924
20 42 91
312 907
264 509
82 125 232
27 52 206 394 568 649 748
30 184 286 752 764
69 116 166 629 698 759
149 374 402
65 128 449 532 540 606 665
31 111 203 313 354 865
20 132
1 69 200 863 911 980
11 51 121 241 277 647 653 826
148 155
19 71 462 991
25 92 206 248 254 955
190 215 502 842
28 76 91 240 303 600
5 80 263
32 57 90 109 238 926
237 398
1 124
30 36 144 162 198 297 323 872 928
7 17 183 353 736 952
21 195 641
16 135
105 440 441 798
95 130 221 499 529
671 704
22 28 268 686 735 758 831 859 871
82 296 385 541
36 45 55 185 358 448
196 339 416
46 89 379 932
333 839
70 79 154 716 858
21 77 316 578 602 734 836 893 974
17 418 583 864
15 67 341 417 482
148 312 803
23 475 765
1 3 205 342 705
50 180 343 516
400 550 742
108 167
49 280 372 510 936 954
2 50 521 539 577 738
33 337 469 517
59 122 174 265 370 375 527 612 810
9 212 646 860
48 634 914
6 292 622
642 669
157 391
10 42 57 220 297
38 127 571 611
12 52 83 92 142 255 362 737 949
15 25 143 377 503 710 743 792
77 86 99 151 213 513 697
56 62 235 261 310 658 879 950
42 57 584 830
267 488 547
21 99 176 306 419 442
15 852
6 195 810 826 911
210 402
18 245
14 44 299 694
40 445 570
30 94 270 305 623 628 671 822 996
7 274 293 497
31 35 246
19 94 98 136 282 580
37 60 680 881
29 66 166 335 447 491
9 13 17 54 440 534 967
55 80 110 396 531 533 705
74 100 133 336 351 427 432 853
22 160 229
51 363 529 840
5 23 24 30 163 346 349 580
11 16 170 779 799
50 142 389 479 515 727 778
11 200 565 686
266 303
169 253 277
11 647 866
4 89 142 158 532 545 925 947
21 193 405 672 801
11 81 144 256 629 981
251 706
93 896
137 948 957
225 694 730
51 321 714
478 719
131 161 269
54 146 732
361 452 829 932
61 72 75 147 203
21 40 75 319 421 756 843 900
233 614 700
9 54 104 119 244 857
184 216 250
51 60 70 112 114 187 283 523 765
175 766 834
100 332 363 660 683
165 270 398
19 118 240 366 467 552 768 793
46 126 195 310 325 430 606
285 329
14 15 49 133 818
15 33 39 196 246 314 420 606 848 888
132 161 217 367 378 460 581 774
118 494
159 286 936
148 312 511
91 138 316 713 858 909 942
33 858
13 131 139 347
110 172 250 860
33 43 67 94 96 308 437 632 635 877
79 193 266
149 150 282 640 697
54 137 301 455 665 978
48 489 532 628 691 844
28 221 252
771 783
16 69 759 953
229 407 422 525 729
8 91 168 971
104 341 456 510 515 677 718 763 824 844
14 172 356 612
7 274 479 497 594 878
347 528
118 382 427 484 539
48 371
36 37 185 263 298 386 699
138 155 760 838 951
34 446
71 81 140 243 475 933
162 219 739
409 841
36 45 81 95 114 247 359 441 777 923
4 108 498 550 559
91 211 472 836
12 89 149 333 394 586
64 78 224 493 513 626 839 956
456 458 628 704 735 821 844 904 996
2 21 98 176 436 540 650
20 222 511
7 57 208 242 365 965
14 562 919
31 35 567
10 135 200 453 582
87 98 215 569 684 805 841 927 944
123 164 171 553
41 54 228 551 993
25 52 78 272 511 725
6 16 40 590
41 496
34 115 197 234 527 574 695 763
22 138 155 457 594 970
1 27 148 563
57 63 112 165 341 636 933
256 711
6 16 90 156 241 334 731 921
2 87 204 346 935
33 61 381 814
383 629
53 59 94 109 355 370
110 376
126 337 591
13 184
118 237 313 346 366 369 689 820 822
178 325 943
128 176
183 334
5 98 554
6 41 143 378 730 816
232 481
66 198 271 286 743
41 118 129 382 722
18 60 96 168 185
255 855
72 199 268 737
26 32 196 424 569
15 68
116 298
18 852 905
2 14 239 616 797 945
402 471 667 688 890
1 8 24 26 275 277 390 556
47 127 470 488
55 95 114 117 164 181 431 495
107 152 153 235 280 356
40 108 197 225 403 493 535 579 900
45 55 60 909
84 199 233 391 506 564
242 952
2 684
5 32 39 271 430 757
28 292 874 939 1000
21 108 125 128 173 178 331 410
21 65 306 354
240 554 663 757 851 905 984
3 55 168 406 435 451 655 947
155 312
6 11 135 166 239 270 383 786
53 154 307 393 787
3 45 124 230 342 709 935
65 481
273 369
269 538 753 862 969
93 505
85 87 267 720 960
37 92 255 285 344
23 86 192 649
17 64 107 130 240 266 724
29 43 66 107 467 480 609 701 788 920
24 289 367 408 509 733 888 922
13 44
103 171 399
94 198 788
44 870
19 820
32 183
5 386 630
173 432
157 219 238 292 302 572 609 676
2 33 63 215 257 267 283 521 619 902
67 179 206
754 813 862
26 89 123 237 280
447 613
18 32 49 56 314 546
46 134 522 979
17 303 333 583 910
10 46 90 140 439
15 24 47 74 173 341
61 262 973
253 321 502 556 679
80 94 95 114 168 194 226 358 525
114 575
272 392
39 109 126 186 459
73 105 141 184 375 433 732
62 109 238 471
56 62 430 459 918
73 143 202 299 520 643 780 898 937
36 359 476
273 382 618 772
12 209 799
111 603
140 247 297 360
194 332 386
503 819
25 35 83 455 463
21 125 167 403 650 672 725 750 873 982
132 139 269 378
151 400
5 100 123 770
1 3 75 84 163 349
9 58
32 62 770
718 767
30 73 83 146 520 533
82 541
30 43 437 503 807 845
211 443 942
35 292 420 457 762
3 483
70 323
637 732
64 99 318 693 860 901
131 139 217 378 668 969
113 138 233 265 418 807 856
1 3 27 160 167 302 809
2 98 345 599 902
1 4
38 40 990
6 23 29 101 258 784 832
8 20 123 222 303
208 268 284 830 965
8 60 123 181 185 924
12 32 464 756 778 794 877
66 165 253 377 647 845
393 882
34 53 300 544 738 789 901 997
23 47 74 159 296 428 537 869 988
45 60 136 256 346 710
12 179 362
77 145
31 397
4 12 72 179 328 400 582 778 913
7 10 57 81 297 646 781
62 337 419 519 658 842
7 26 31 35 115 199 345 614 897
4 50 59 72 92 188
158 248 362 479 568 897
40 117 162 199 559 642 747
42 66 218 262 351
99 266 750 916
82 207 530
368 509
21 365 868
305 314 374 608
2 41 98 99 746 805 887 915
14 433 500 665
31 35 111 724
268 970
6 11
2 87
291 554
264 368 785
73 85 301 562 801 892
809 915
19 22 207
2 49
56 439 985
66 201 213 407
2 48 74 428 563 717
15 54 68 85 339 489 523 716
10 81 218 274
6 170 256
4 99
97 313 397
264 367 408 460 733
6 9 336 685
136 652
3 27 230
95 116 168 177 466 726 851 894
14 35 42 222 544 654 740 870
721 923
28 247 324 514 676
87 409 477
34 372
4 127 156 555
13 281 681 769
119 519 549 857 920
7 205 557
176 182 397 724 996
1 135 205 565 810 973
96 164 371 577 831
58 129 307 350 840
101 112 536 802
102 572
105 181 348 976
99 403 746 802 873
8 36 55 177 531 806
25 26 142 156 179 394 753
140 242 293 545
21 65 481 592
37 55
64 98 195 196 379 384 516 569
5 80 117 465
429 994
67 70 104 147 323 547 997
121 169 283 402 825
67 71 81 560
74 287
55 60 989
3 109 379 401
56 153 438 478
26 142 189 696 849
21 178
63 129 169 283 388 565
9 141
74 811
11 29 160 241 317 687 702 850
78 86 167 175 513 534 678 750 801
116 133 213 287 298 770
1 67 204 409 477 795 805
10 19 322
295 311
73 119 133 171 662
12 61 104 269 521 789 903
7 12 83 89 389 392 463 679 794
64 145 193 373
91 211 909
128 182 540
93 706
9 25 35 292 304 573 895
6 87 492 504 685 944
31 65 182
153 361
48 75 90 265 404 614 871 914
12 89
117 175 209 244 291 320 344 490 881 993
278 323
66 270 827 928
15 115 234 519
3 244 428 811
145 487 641 963
67 930
46 328 576
25 146 520 528 585 649 670 674
51 311
322 856
21 60 65 232 243 560 600 929
5 100 998
2 45 106 259 989 998
30 55 296 335 807
1 163
29 145 779
19 152 231
8 18 423 543 890
7 247 324 365
19 82 93 97 105 113 192 603
484 813 878
145 644
81 88 319 535 847 876 986
28 35 97 138 391 479 687 751 804 889
23 63 69 236 360 487 536 707
7 10 71 218 624 633
41 135 273 484
63 121 311 416
19 66 144 271 387 398 467 498 710 885
216 239 747
97 204
17 93 201 251 817
90 787 879
28 49 304 473 492 775
186 196 728
54 239
36 114 217 529 579 717
1 24 958 992
197 370 601 999
16 29 58 316 702
78 85 261 487
191 961
101 869
20 218
90 212 229 684 691 926 941 943
1 16 245 726 782 898 947
25 50 52 83 248
30 613
423 968
7 9 14 21 41 44 146 172 218 232
15 49 67 458 718 960
36 399
163 442 721
76 86 963
16 69
6 30 730 808 828 854
38 70 127 468
75 170 677
194 320 526 630 782
733 929 964
7 10 63 68 690
73 376 930
18 171
11 84 294 327 383 401 709 863 959 966
42 321 414
140 297 414 566
105 138 185 329 507 673 823
22 29 63 69 198 210 252 613
134 146 366 551 592 752 898
497 736
8 298 526 683 894
18 26 61 106 453 554 695 918 942
47 296
33 78 931
81 749
450 951
96 226
71 284 293
483 506 530
4 25 59 206 231 585 980
5 60 82 123 154 278 882
205 390 513
1 24 44 124 294 373 709 797 939
282 508 928
1 58 499 502
199 357 450 603
38 267 466 547 632
68 191 501 931 990
10 27 423
25 83 113 207 425 564 570
41 63 210 352 411 416 653
578 680 707
42 46
43 85 187 446 469 510
37 194 249 278 355 385 426 490 701 819
15 34 53 783
53 67 474 491 720 980
5 40 245 493
23 352 395
3 11 48 489 704
76 167 213 364 595 617 625 742 822
2 538 656 773 903
8 120 343 485 600 688
9 64
32 235 261 380 384 941
39 157
88 290
77 160
3 24 342 657 958
59 288 619
152 374
12 147 446
15 33 38 161 589 695
39 134 314 377 380 731 787
51 112
9 35 122 715
234 308 341 454
12 83 92 548
178 182
232 436 617 887
23 47 201
64 400
75 233 345 385 648
25 42 740 895
75 89 156 158 207 880
8 52 235 511 696 889
109 261 412 906 919
75 352 357 395 708
52 59 510
360 713
6 13 16 29 173 383 642 779 883
14 780
13 141 242
120 543
356 576
72 84 199 385
273 575
46 238
9 84 100 113 413
4 26 50 52
47 853
160 364 700
52 89 824
39 46 118 186 484 494 581
102 157 461 542
5 45 80 101 359 432 512 861
22 408 473 634 1000
8 37 309 359
15 67 115 257 372 469 783
64 77 80 190 302
12 20 89 96 103 248 362 538 587
9 17 96 185 255 332 429 974
88 262
131 139
14 17 44 55 76 181 289 746 812
7 140 274 353 604 654 962
176 436 595 868
4 40 50 88 418 843
38 196 350 574 761 771 893
88 147 290 535
1 3 27 204 214 349 798 987
110 444
27 124
338 891
85 582 587 674 793 925
275 294 958
58 411 728
4 12 103 897
10 20 58 220 243 351 365 410 618 624
64 77 809
6 200 995
4 285
51 53 751
223 760 838
44 84 299 551 708 715 834
18 100 133 188 494 630
306 868
6 167 422 498
257 290 454 469 775 987
20 934
3 24 230
15 67 70 104 166 350 817
29 38 147 166 180 278 316 419 431
122 804
2 56 87 599 639 902 914
575 581 689
452 658
74 77 78 229
33 79 191 256 308 371 453 591
880 899
9 38 41 301 433
91 180 423 485 517 968
71 94 105 330 491 508 620 737
51 172 221 499
9 258 846
19 149 231 491 580 793 988
16 711
7 43 54 107 220 410 692 830 912
2 504 599 659 800
49 524
72 756
131 161 230 357 378 593
5 57 368 880
8 130 765
26 142
90 106 325 340
80 448 974
2 227 400 403 407 583 604 626 678
560 597 711 952
214 557
1 3 115 124 125 188 657
46 380
8 154 190 226 295
9 143 336 536
5 8 177 388
30 82 84 110 113 152 203 462
13 103 424 533 656 670 786 993
85 110 437 549 652 827 920
4 13 23 132 189
7 93 146 661
41 119 172 202 212 239 444
932 985
4 10 172 282 284 414 624 749 781 856
203 425
4 13 151 901 938
1 3 74 214
7 10 221 299 512 594 870
40 88
39 62 126 238 990
73 376
391 744
112 223 247 404 760 777
738 767
11 120 316 517 522 885
30 223 225 324 579
7 10 42 147 152 198 285 549 965
101 486 869
52 103 126 255 949
181 887
129 192 388
120 517
66 93
5 8 9 132 434
2 164 204 215 358 659 986
23 36 136
5 22 36 52 87 117 171
107 149 159
12 50 83 97 254 515 636
25 137 189 545 568 799 843 949
131 132
17 193
7 140 274
60 129 295 337 940
51 63 84 112 129 412 751
11 16 111 170
201 309 476 837 998
139 593
91 180 343 472 543 648 885
542 762 768
98 204 504
122 141 146 569 616 927 978
227 364
49 541 795
326 396
70 589
4 25 26 83 189 254 272 329
98 215 504 986
40 72 84 113 138 155 199 207 716 795
75 203 345 404 506
5 211 602 675 688
76 156 279 625 672
10 20 93 284 548 597 798
26 153 158 263 545
20 293 351 654
12 33 92 103 119 656 940
137 258 318 326
2 5 95 155 320 326 652 803 989
8 245
22 142 492
32 328 384
130 302 303 578
69 114 153 560 561 635 759 946 967
264 408 509 922
102 140 249 466
7 20 596
15 112 165 270 283 294 321 467 608 845
43 77 145 276 279
12 83 555 586
251 330 896
39 56 379 419
97 111 192 290 864
30 107 159 827
34 191 417 468 501 814 908
348 954
27 159 237 623 703
227 644
17 78 86 110 227 279
33 79 228 269 689
17 23 368 578 729
34 113 174 381 597 848
32 46 59 62 75 82 84 339
11 168 808
92 507 674 955
2 87 331 442
30 43 107 150 200 280 537 621 792 813
34 68 70 155
71 81 82 435 622 781 962
45 53 106 320 372 454
19 48 282 305
56 153 196 384 405 691 879
14 367 460 712 922
485 971
91 211 516
7 20 260 262 288 325 365 451 892
6 946
77 145 151 390 588 697 742
21 54 276 651
49 59 134 174 339
6 866
112 169 416 643 714 906
109 260 381 393 482 761
222 227 322
19 223
151 213
93 505 896
13 43 94 107 235 398 437 464
28 265
19 22 335 374 478 535 874
105 242 251 348 548 566
159 991
55 104 123 260 638 861
71 220 351
134 334 576 631
302 525
1 254 568 675
338 631 758
46 190 259 263 435 699 894
58 121 165 210 352 388 556
4 28 42 103 315 392 463 541 839 876
16 166
37 79 100 386 440 693 699 937
45 309 363 476 976
102 412 609
22 492
51 58 165 347
3 67 124
125 128 178 540 602 650
102 179 348 463 727
153 195 452
4 26 103 322 392 394
11 12 37 130 259 655
101 236
389 712 785 899 929 964
39 46
6 561
6 11 166 256 686 946 981
797 841
119 237 276 279 347 396 627 766
3 24 27 188 557
192 313
28 147
87 92 800
15 33 49 165 523
22 268 473 956
9 124 413 651 816
77 91 120 279 443 667 734 818
123 209
48 458
28 61 158 519 587 719
23 47 63 74 101 173 811
198 243 792
34 154 288
4 19 92 120 333
150 286 820
2 57 83 477
88 141 276 293 410 528 637 857
197 627
94 475 768
34 53 417 826 853
291 399 465 553
424 620
173 563
9 41 415 551 769
35 97
188 923
32 76 224
13 63 186 528 780
206 387 537 558 575
18 85 164 173 234 488 598 884 908
32 41 216 228 258 380 518 637 755
45 106 133 190 209 434
25 90 102 219 574 753
157 449 461 572 676
34 62 90 393 607
7 10 20 176 353 480 679 895
362 582
335 475 835 872 936
129 221 253 311 666 714 825 867
31 97 275 354
101 615
49 80 96 242 934
25 52
24 27
71 98
248 889
185 263 533 748 782 937
36 37 363 466
47 74
34 571
9 184 202 250 369 512
53 93 330 348
321 388 867 977
39 261 420 474 633 690 985
37 95 133 187 259 399 558 927
357 700
2 383 409 659 800 934
5 18 117 332 995
65 111 182 306 313 796
22 596 754
29 128 457 561 722 828 854
8 226 284
136 282 847
40 108 436
22 28 233 514 555 719
57 71
47 427 470
73 287 999
131 217
76 78 86 213 387 390 538 950
5 18
236 487 550 645 725 802
17 86 193 266 364 525
28 478
31 121 225 247 573
5 18 23 36 37 116 190 249 359 705
130 177 187 287 526 558 994
17 108 160 218 910
163 373 926 979
88 445
119 146
543 648 818 882
162 445
72 345
371 404 455 456
87 616
7 161 208 267 726
216 864
32 198 202 246 315 358 384 522 950
305 835
201 317 661
132 156 394
152 305 447 703
1 10 218 294 610 833
36 60 441
412 426 522 631
63 129 307 940
5 18 249 984
35 253 577 796 804 871 904 907 916
80 95 465 693
456 539 745
170 911
120 180 343
95 123
16 24 27 48 230 835 935
88 913
59 211 257 337 667 734 981
223 273 324 495 664
177 440
32 49 147 983
51 58 295 411 499 867
395 480
164 495 917
33 61
577 639
143 250 301
1 4 188 275
3 24 27 124 205 260 275 373 675
59 68
38 139 269 542 754 774 862
92 176 182 331 486
368 740
13 57 344 589 773
102 219
22 157 252 465 956
186 340 361
14 175 301 643
30 58 112 788 840
90 142 273 369 552 772
201 243 330 395 566
32 68
31 35 97 296 573 694 723 865
13 14 73 143 518 567 605 664
214 310 340 342 379 439 557 829 921
9 202 212 562 948
31 111 796
22 272 333 794
54 281 344
170 776
5 7 57 90 142 262 497 548 617
133 552 772 917
264 329 570
367 712
329 586
427 428 432 470 563 886
47 173 336 470 831 886
5 406
16 23 486
58 121 179 216 483 741 774 975
52 158 696 849
76 193
3 97 943
45 171 309 806
13 20 73 106 133 490 776
13 44 47 74 110 347 673 681 764 786
12 389 849
10 119 208 692 833 957
31 111
108 319 421
26 179 421
25 54 258 289 376 764
76 229 605
77 241 625
160 224 982
78 86 99 213 266 422 534 550 678 933
187 434
38 260
5 515 855
32 39 137 172 375 512 532 562 651 891
10 222 566
39 56 141 159 546 791 979
114 209
76 145 230 275 349 405 498 583 644
178 204
175 244
8 18 37 55 60 117 558 663 972
24 111 327
590 995
33 53 79 174 191 523 611 690 875
31 135
500 948
65 125 595
34 186 464
64 99 604
127 451
418 421 559
23 707
47 883
13 44 141
18 22 28 268 304 457 758 1000
7 10 20 42 81 150 208 222
118 245 360 495 579 838 953
169 307
2 98
24 27 31 214 342 657
225 360 755 777
66 144 150 237
128 661 706 823
472 485 836
138 148 155 450 815
80 163 164
70 105 251 330 842
516 968
137 415 731
96 259 291 298 682
95 171 263 494 673 682
12 855
634 745
18 972
62 406 501 638 884
54 122 181 228 381 500 834
64 390 407 422 817 874 910
12 102 189 250 317 328 392
157 370 461 744 959
28 207
67 474 790
16 18 33 70 80 168 291 358 417
54 75 91 137 289 318 375 477 846
191 288 474
22 161 217 514
61 636 875
183 186 214 607 692
75 84 385 506
21 442
1 601
59 79 107 372 621 640
18 100 130 717 861
36 37 100
17 64 77 151 364 405 626 938
79 501
8 116 117 181 209 245 431
74 76 143 191 236 680
171 976
8 309
