0.00028928571428571425
0.00028928571428571425
0.00028928571428571425
0.00028928571428571425
0.00028928571428571425
0.00028928571428571425
0.00028928571428571425
0.0003822352941176471
0.0004689302325581396
0.0006735873015873016
0.0011602526315789474
0.0011602526315789474
0.0011602526315789474
0.00387105625
0.003856795031055901
0.0038690969696969697
0.003922578947368421
0.004455177339901478
0.004325902912621359
0.004120191588785046
0.00401147004608295
0.003944115740740741
0.003944115740740741
0.003838194570135747
0.003777122807017544
0.0007077894736842106
0.0007077894736842106
0.0006084444444444444
0.0006084444444444444
0.0005921111111111111
0.0005284571428571429
0.0005121212121212121
0.0004734848484848485
0.00043406451612903226
0.0003471153846153846
0.00027654545454545456
0.00027654545454545456
0.00027654545454545456
0.000250578947368421
0.000250578947368421
0.000250578947368421
0.000242
0.00023472222222222224
0.00023472222222222224
0.00023472222222222224
0.00023472222222222224
0.00022611764705882353
0.00022611764705882353
0.0002175625
0.00020166666666666664
0.00011781818181818181
0.00011781818181818181
9.344444444444444e-05
7.8125e-05
7.8125e-05
7.2e-05
7.2e-05
6.3e-05
6.3e-05
5.4e-05
5.4e-05
5.4e-05
5.4e-05
3.6e-05
3.6e-05
2.7e-05
2.7e-05
9e-06
9e-06
9e-06
9e-06
9e-06
9e-06
9e-06
9e-06
0.0
0.0
0.0
0.0
0.0
0.0
0.0
0.0
0.0
0.0
0.0
0.0
0.0
0.0
0.0
0.0
0.0
0.0
0.0
0.0
0.0
0.0
0.0
0.0
0.0
0.0
