0.00022913636363636362
0.00022913636363636362
0.00022913636363636362
0.00022913636363636362
0.00022913636363636362
0.00022913636363636362
0.00022913636363636362
0.00031363333333333333
0.0004403809523809524
0.0007533913043478261
0.0015163474576271186
0.0015163474576271186
0.0015163474576271186
0.004900128865979382
0.004865005128205128
0.005159020512820513
0.005121459595959596
0.004055609865470852
0.004010194690265487
0.003951438053097345
0.003917396475770925
0.0038091130434782607
0.0038091130434782607
0.0036966075949367086
0.003642213389121339
0.000616225
0.000616225
0.0004998918918918919
0.000491361111111111
0.0004709189189189189
0.00043225714285714285
0.00043225714285714285
0.0003675
0.0003
0.00022913636363636362
0.00020480000000000002
0.00020480000000000002
0.0001958421052631579
0.00017152941176470587
0.00017152941176470587
0.0001625625
0.0001536
0.00014464285714285713
0.00014464285714285713
0.00012033333333333332
0.00012033333333333332
0.00012033333333333332
0.00012033333333333332
0.00012033333333333332
0.00012033333333333332
4.225e-05
4.225e-05
3.6e-05
2.7e-05
2.7e-05
1.8e-05
1.8e-05
9e-06
9e-06
0.0
0.0
0.0
0.0
0.0
0.0
0.0
0.0
0.0
0.0
0.0
0.0
0.0
0.0
0.0
0.0
0.0
0.0
0.0
0.0
0.0
0.0
0.0
0.0
0.0
0.0
0.0
0.0
0.0
0.0
0.0
0.0
0.0
0.0
0.0
0.0
0.0
0.0
0.0
0.0
0.0
0.0
