0.0002011904761904762
0.0002011904761904762
0.0002011904761904762
0.0002011904761904762
0.0002011904761904762
0.0002011904761904762
0.0002011904761904762
0.00023715999999999999
0.00047784090909090904
0.0007867222222222222
0.0014097614678899083
0.0014097614678899083
0.0014097614678899083
0.003606405882352941
0.0036231954022988505
0.003761385057471264
0.003752683615819209
0.004063214592274678
0.0040446144067796605
0.0039609375
0.003880205020920502
0.0037783225806451615
0.0037783225806451615
0.003673106719367589
0.0035897588932806324
0.000576
0.0005680277777777779
0.0005360303030303031
0.00052003125
0.00052003125
0.00048012903225806453
0.0004722903225806452
0.00046451612903225807
0.00044083333333333333
0.0003947931034482759
0.000324
0.000324
0.00031684
0.00023626315789473685
0.00022926315789473684
0.00021355555555555554
0.00021355555555555554
0.0001734
0.00016666666666666666
0.00016666666666666666
0.00016666666666666666
0.00016006666666666666
0.0001536
0.00014464285714285713
0.00014464285714285713
9.344444444444444e-05
9.344444444444444e-05
9.344444444444444e-05
9.344444444444444e-05
9.344444444444444e-05
9.344444444444444e-05
9.344444444444444e-05
9.344444444444444e-05
7.8125e-05
4.5e-05
3.6e-05
3.6e-05
3.6e-05
9e-06
9e-06
9e-06
9e-06
0.0
0.0
0.0
0.0
0.0
0.0
0.0
0.0
0.0
0.0
0.0
0.0
0.0
0.0
0.0
0.0
0.0
0.0
0.0
0.0
0.0
0.0
0.0
0.0
0.0
0.0
0.0
0.0
0.0
0.0
0.0
0.0
0.0
0.0
