0.0002882352941176471
0.0002882352941176471
0.0002882352941176471
0.0002882352941176471
0.0002882352941176471
0.0002882352941176471
0.0002882352941176471
0.00036004347826086954
0.00048188235294117644
0.0007122881355932203
0.0014434485981308413
0.0014434485981308413
0.0014434485981308413
0.006393889447236181
0.006358
0.006348254901960784
0.006462976190476191
0.0036330893617021274
0.003602840336134454
0.00364302489626556
0.003559934426229508
0.003521840163934426
0.003521840163934426
0.0034014980079681277
0.0033509105058365757
0.0005213611111111111
0.0005213611111111111
0.00045
0.00043636363636363637
0.00042352941176470585
0.00034848148148148146
0.00034848148148148146
0.00031153846153846157
0.00025778260869565217
0.00023333333333333333
0.00020889473684210526
0.0002178
0.0002267142857142857
0.00015625
0.00015625
0.00015625
0.00015625
0.0001500625
0.0001500625
0.0001500625
0.0001500625
0.0001500625
0.0001500625
0.0001500625
0.0001500625
3.6e-05
3.6e-05
3.6e-05
3.6e-05
3.6e-05
3.6e-05
3.6e-05
3.6e-05
2.7e-05
2.7e-05
1.8e-05
1.8e-05
1.8e-05
9e-06
9e-06
9e-06
0.0
0.0
0.0
0.0
0.0
0.0
0.0
0.0
0.0
0.0
0.0
0.0
0.0
0.0
0.0
0.0
0.0
0.0
0.0
0.0
0.0
0.0
0.0
0.0
0.0
0.0
0.0
0.0
0.0
0.0
0.0
0.0
0.0
0.0
0.0
