0.00018
0.00018
0.00018
0.00018
0.00018
0.00018
0.00018
0.00030628125
0.00045827272727272725
0.0008066805555555555
0.0014052521739130433
0.0014052521739130433
0.0014052521739130433
0.005898906735751295
0.005879505154639175
0.005808617346938776
0.005763569306930692
0.003971862660944206
0.0039229137931034485
0.003832517094017094
0.0037209375
0.003652718367346939
0.003652718367346939
0.003472516129032258
0.0034182479674796746
0.0004729259259259259
0.0004729259259259259
0.00040128571428571427
0.00040128571428571427
0.00040128571428571427
0.0003526666666666667
0.00034848148148148146
0.00033265384615384613
0.00029784615384615386
0.00026004166666666667
0.0002267142857142857
0.0002267142857142857
0.00020480000000000002
0.00017422222222222223
0.00015905882352941177
0.00015905882352941177
0.0001500625
0.00012307692307692307
0.00011408333333333333
0.00010509090909090909
0.00010509090909090909
0.00010509090909090909
0.00010509090909090909
0.00010509090909090909
0.00010509090909090909
3.6e-05
3.6e-05
2.7e-05
2.7e-05
2.7e-05
9e-06
9e-06
9e-06
0.0
0.0
0.0
0.0
0.0
0.0
0.0
0.0
0.0
0.0
0.0
0.0
0.0
0.0
0.0
0.0
0.0
0.0
0.0
0.0
0.0
0.0
0.0
0.0
0.0
0.0
0.0
0.0
0.0
0.0
0.0
0.0
0.0
0.0
0.0
0.0
0.0
0.0
0.0
0.0
0.0
0.0
0.0
