0.0002253913043478261
0.0002253913043478261
0.0002253913043478261
0.0002253913043478261
0.0002253913043478261
0.0002253913043478261
0.0002253913043478261
0.00027392592592592594
0.00057122
0.0010389605263157894
0.001849
0.001849
0.001849
0.005269862433862434
0.006237113402061856
0.0062003232323232325
0.006174109452736319
0.003942361233480176
0.0038909391304347827
0.003824618025751073
0.0037520381355932203
0.0038000042194092825
0.0038000042194092825
0.0036806101694915254
0.0036415232067510545
0.000584027027027027
0.0005532894736842106
0.0005231842105263159
0.0005157894736842106
0.0005084473684210527
0.0003517586206896552
0.0003517586206896552
0.0003185
0.0002870416666666667
0.00023119999999999998
0.00020889473684210526
0.00020889473684210526
0.00020889473684210526
0.00015778571428571428
0.00015778571428571428
0.00013333333333333334
0.00013333333333333334
9.1125e-05
7.8125e-05
7.8125e-05
7.8125e-05
7.8125e-05
7.8125e-05
7.2e-05
7.2e-05
2.7e-05
2.7e-05
2.7e-05
2.7e-05
2.7e-05
1.8e-05
1.8e-05
1.8e-05
1.8e-05
1.8e-05
1.8e-05
1.8e-05
1.8e-05
9e-06
9e-06
9e-06
9e-06
9e-06
9e-06
9e-06
9e-06
9e-06
9e-06
9e-06
0.0
0.0
0.0
0.0
0.0
0.0
0.0
0.0
0.0
0.0
0.0
0.0
0.0
0.0
0.0
0.0
0.0
0.0
0.0
0.0
0.0
0.0
0.0
0.0
0.0
0.0
0.0
