0.0002666666666666667
0.0002666666666666667
0.0002666666666666667
0.0002666666666666667
0.0002666666666666667
0.0002666666666666667
0.0002666666666666667
0.00028446153846153845
0.0003534545454545454
0.0007311384615384615
0.0012431037735849057
0.0012431037735849057
0.0012431037735849057
0.004576271186440679
0.004580949438202248
0.004706790055248619
0.004727209944751381
0.004164757201646091
0.004099734439834025
0.004000408163265306
0.0038407935222672064
0.0037933170731707317
0.0037933170731707317
0.0036946972111553786
0.003606592156862745
0.0006103255813953489
0.0006103255813953489
0.000548780487804878
0.000548780487804878
0.000548780487804878
0.0005243333333333334
0.0004954102564102564
0.0004655
0.0004165
0.00037128125
0.00031557142857142857
0.00031557142857142857
0.00031557142857142857
0.00026004166666666667
0.0002535
0.00022913636363636362
0.00022913636363636362
0.00019219999999999998
0.00017422222222222223
0.00015905882352941177
0.00015905882352941177
0.00015905882352941177
0.00015905882352941177
0.000144
0.000144
3.6e-05
2.7e-05
1.8e-05
1.8e-05
1.8e-05
1.8e-05
1.8e-05
1.8e-05
9e-06
9e-06
9e-06
9e-06
9e-06
9e-06
9e-06
9e-06
0.0
0.0
0.0
0.0
0.0
0.0
0.0
0.0
0.0
0.0
0.0
0.0
0.0
0.0
0.0
0.0
0.0
0.0
0.0
0.0
0.0
0.0
0.0
0.0
0.0
0.0
0.0
0.0
0.0
0.0
0.0
0.0
0.0
0.0
0.0
