0.00019219999999999998
0.00019219999999999998
0.00019219999999999998
0.00019219999999999998
0.00019219999999999998
0.00019219999999999998
0.00019219999999999998
0.00021018181818181818
0.00029824137931034483
0.0005936470588235294
0.0013607191011235954
0.0013607191011235954
0.0013607191011235954
0.003335405714285714
0.0033425511363636366
0.0037996055555555553
0.003777816216216216
0.004343801801801802
0.004232230088495575
0.004132160173160173
0.004017338842975207
0.0039440367346938775
0.0039440367346938775
0.0038029043824701196
0.003708391129032258
0.0005573571428571429
0.0005573571428571429
0.000441
0.0004165
0.0004165
0.0003379655172413793
0.00032914285714285717
0.00028446153846153845
0.00027788461538461533
0.00023169565217391304
0.0002074285714285714
0.0002074285714285714
0.0002074285714285714
0.000144
0.000135
0.000135
0.000126
0.000108
0.000108
0.000108
0.000108
9.9e-05
9.9e-05
9.9e-05
9.9e-05
0.0
0.0
0.0
0.0
0.0
0.0
0.0
0.0
0.0
0.0
0.0
0.0
0.0
0.0
0.0
0.0
0.0
0.0
0.0
0.0
0.0
0.0
0.0
0.0
0.0
0.0
0.0
0.0
0.0
0.0
0.0
0.0
0.0
0.0
0.0
0.0
0.0
0.0
0.0
0.0
0.0
0.0
0.0
0.0
0.0
0.0
0.0
0.0
0.0
0.0
0.0
