0.00022816666666666667
0.00022816666666666667
0.00022816666666666667
0.00022816666666666667
0.00022816666666666667
0.00022816666666666667
0.00022816666666666667
0.00036238235294117646
0.0004468809523809524
0.0006313389830508475
0.001499504854368932
0.001499504854368932
0.001499504854368932
0.0037374117647058823
0.0037442606382978726
0.003742227513227513
0.0037136842105263156
0.003992528634361233
0.003941684210526316
0.003865909090909091
0.0037840382978723405
0.00368920920502092
0.00368920920502092
0.003611050209205021
0.0035805374999999997
0.0005625
0.000555025
0.0005147027027027027
0.0005231842105263159
0.0004987777777777778
0.00042352941176470585
0.00040952941176470583
0.00040261764705882354
0.0003938181818181818
0.0003
0.00024222727272727273
0.00024222727272727273
0.00022444999999999998
0.00021557894736842103
0.00021557894736842103
0.0002
0.00019111764705882355
0.00015778571428571428
0.00014008333333333334
0.00014008333333333334
0.00013127272727272727
0.00013127272727272727
0.00013127272727272727
0.00013127272727272727
0.00013127272727272727
3.6e-05
3.6e-05
3.6e-05
3.6e-05
3.6e-05
3.6e-05
3.6e-05
2.7e-05
2.7e-05
1.8e-05
1.8e-05
1.8e-05
1.8e-05
9e-06
9e-06
9e-06
0.0
0.0
0.0
0.0
0.0
0.0
0.0
0.0
0.0
0.0
0.0
0.0
0.0
0.0
0.0
0.0
0.0
0.0
0.0
0.0
0.0
0.0
0.0
0.0
0.0
0.0
0.0
0.0
0.0
0.0
0.0
0.0
0.0
0.0
0.0
