0.000256
0.000256
0.000256
0.000256
0.000256
0.000256
0.000256
0.00029824137931034483
0.00044002564102564107
0.0008311351351351351
0.001785034188034188
0.001785034188034188
0.001785034188034188
0.006440333333333333
0.006406963730569948
0.006342984693877551
0.0070812673267326735
0.003922472103004292
0.003898280172413793
0.0038730940170940173
0.0037520042735042732
0.00364302489626556
0.00364302489626556
0.00357396694214876
0.0035251008064516127
0.0005769230769230769
0.0005532894736842106
0.00045223529411764706
0.00045223529411764706
0.00045223529411764706
0.0004291212121212121
0.0004291212121212121
0.0003816333333333333
0.00032553846153846153
0.000245
0.00023805
0.00023805
0.00022926315789473684
0.00020672222222222224
0.00020672222222222224
0.00019788235294117647
0.00019788235294117647
0.00015778571428571428
0.00015778571428571428
0.00015778571428571428
0.00014008333333333334
0.00014008333333333334
0.00014008333333333334
0.00013333333333333334
0.00013333333333333334
7.557142857142857e-05
7.557142857142857e-05
7.557142857142857e-05
7.557142857142857e-05
7.557142857142857e-05
6.666666666666667e-05
6.666666666666667e-05
5.1200000000000004e-05
3.6e-05
2.7e-05
1.8e-05
1.8e-05
1.8e-05
1.8e-05
1.8e-05
1.8e-05
1.8e-05
9e-06
9e-06
9e-06
9e-06
9e-06
9e-06
0.0
0.0
0.0
0.0
0.0
0.0
0.0
0.0
0.0
0.0
0.0
0.0
0.0
0.0
0.0
0.0
0.0
0.0
0.0
0.0
0.0
0.0
0.0
0.0
0.0
0.0
0.0
0.0
