0.005186594117647059
0.005186594117647059
0.005186594117647059
0.005186594117647059
0.005186594117647059
0.005186594117647059
0.005186594117647059
0.008476593137254903
0.01181214859437751
0.009948432142857143
0.007779371929824561
0.007779371929824561
0.007779371929824561
0.004306542056074766
0.004288616822429907
0.004226172897196262
0.004164186915887851
0.0004435217391304348
0.0004102272727272728
0.00034445
0.00031205263157894734
0.00029605555555555554
0.00029605555555555554
0.0002800588235294118
0.00021607692307692305
6.4e-05
6.4e-05
4.8e-05
4.8e-05
4.8e-05
4.8e-05
3.2e-05
3.2e-05
3.2e-05
1.6e-05
0.0
0.0
0.0
0.0
0.0
0.0
0.0
0.0
0.0
0.0
0.0
0.0
0.0
0.0
0.0
0.0
0.0
0.0
0.0
0.0
0.0
0.0
0.0
0.0
0.0
0.0
0.0
0.0
0.0
0.0
0.0
0.0
0.0
0.0
0.0
0.0
0.0
0.0
0.0
0.0
0.0
0.0
0.0
0.0
0.0
0.0
0.0
0.0
0.0
0.0
0.0
0.0
0.0
0.0
0.0
0.0
0.0
0.0
0.0
0.0
0.0
0.0
0.0
0.0
0.0
0.0
