0.0034204571428571432
0.0034204571428571432
0.0034204571428571432
0.0034204571428571432
0.0034204571428571432
0.0034204571428571432
0.0034204571428571432
0.0045614437869822486
0.008626041666666666
0.011979
0.008264829431438128
0.008264829431438128
0.008264829431438128
0.004215313636363637
0.004197822727272727
0.004197822727272727
0.0041614524886877825
0.0004454736842105263
0.00038272222222222223
0.00034876470588235295
0.00034876470588235295
0.0003150625
0.0003150625
0.00026776923076923077
0.00023645454545454547
4.8e-05
4.8e-05
3.2e-05
3.2e-05
3.2e-05
0.0
0.0
0.0
0.0
0.0
0.0
0.0
0.0
0.0
0.0
0.0
0.0
0.0
0.0
0.0
0.0
0.0
0.0
0.0
0.0
0.0
0.0
0.0
0.0
0.0
0.0
0.0
0.0
0.0
0.0
0.0
0.0
0.0
0.0
0.0
0.0
0.0
0.0
0.0
0.0
0.0
0.0
0.0
0.0
0.0
0.0
0.0
0.0
0.0
0.0
0.0
0.0
0.0
0.0
0.0
0.0
0.0
0.0
0.0
0.0
0.0
0.0
0.0
0.0
0.0
0.0
0.0
0.0
0.0
0.0
0.0
