0.004994380952380952
0.004994380952380952
0.004994380952380952
0.004994380952380952
0.004994380952380952
0.004994380952380952
0.004994380952380952
0.005632195652173913
0.011745017857142857
0.011726228571428571
0.00797512099644128
0.00797512099644128
0.00797512099644128
0.0043279819004524885
0.004306726457399103
0.0042875
0.0042612901785714285
0.0005738275862068966
0.0004681666666666667
0.00041890909090909093
0.00036125
0.0003208888888888889
0.0003208888888888889
0.00024864285714285716
0.00024028571428571428
4.8e-05
4.8e-05
1.6e-05
1.6e-05
1.6e-05
0.0
0.0
0.0
0.0
0.0
0.0
0.0
0.0
0.0
0.0
0.0
0.0
0.0
0.0
0.0
0.0
0.0
0.0
0.0
0.0
0.0
0.0
0.0
0.0
0.0
0.0
0.0
0.0
0.0
0.0
0.0
0.0
0.0
0.0
0.0
0.0
0.0
0.0
0.0
0.0
0.0
0.0
0.0
0.0
0.0
0.0
0.0
0.0
0.0
0.0
0.0
0.0
0.0
0.0
0.0
0.0
0.0
0.0
0.0
0.0
0.0
0.0
0.0
0.0
0.0
0.0
0.0
0.0
0.0
0.0
0.0
