0.0054163236994219655
0.0054163236994219655
0.0054163236994219655
0.0054163236994219655
0.0054163236994219655
0.0054163236994219655
0.0054163236994219655
0.0062942150537634405
0.013780340336134454
0.011416954545454546
0.007737944827586207
0.007737944827586207
0.007737944827586207
0.0039693761904761905
0.0039478356807511735
0.00392938785046729
0.0039037196261682244
0.00027075
0.00023040000000000002
0.00020544444444444446
0.00018677777777777776
0.00018677777777777776
0.00018677777777777776
0.00017777777777777776
0.00017777777777777776
4.8e-05
4.8e-05
3.2e-05
3.2e-05
3.2e-05
1.6e-05
1.6e-05
0.0
0.0
0.0
0.0
0.0
0.0
0.0
0.0
0.0
0.0
0.0
0.0
0.0
0.0
0.0
0.0
0.0
0.0
0.0
0.0
0.0
0.0
0.0
0.0
0.0
0.0
0.0
0.0
0.0
0.0
0.0
0.0
0.0
0.0
0.0
0.0
0.0
0.0
0.0
0.0
0.0
0.0
0.0
0.0
0.0
0.0
0.0
0.0
0.0
0.0
0.0
0.0
0.0
0.0
0.0
0.0
0.0
0.0
0.0
0.0
0.0
0.0
0.0
0.0
0.0
0.0
0.0
0.0
0.0
