0.0034571428571428574
0.0034571428571428574
0.0034571428571428574
0.0034571428571428574
0.0034571428571428574
0.0034571428571428574
0.0034571428571428574
0.006340832214765101
0.012032084656084657
0.010866122807017544
0.008247709923664123
0.008247709923664123
0.008247709923664123
0.004262517587939698
0.00418099504950495
0.00417190099009901
0.004153742574257426
0.0004954285714285715
0.00047290909090909095
0.0003983684210526316
0.00036711764705882354
0.0002835
0.0002835
0.000243
0.0002025
3.2e-05
3.2e-05
1.6e-05
1.6e-05
1.6e-05
1.6e-05
1.6e-05
1.6e-05
1.6e-05
1.6e-05
1.6e-05
1.6e-05
1.6e-05
0.0
0.0
0.0
0.0
0.0
0.0
0.0
0.0
0.0
0.0
0.0
0.0
0.0
0.0
0.0
0.0
0.0
0.0
0.0
0.0
0.0
0.0
0.0
0.0
0.0
0.0
0.0
0.0
0.0
0.0
0.0
0.0
0.0
0.0
0.0
0.0
0.0
0.0
0.0
0.0
0.0
0.0
0.0
0.0
0.0
0.0
0.0
0.0
0.0
0.0
0.0
0.0
0.0
0.0
0.0
0.0
0.0
0.0
0.0
0.0
0.0
0.0
0.0
