0.002635155737704918
0.002635155737704918
0.002635155737704918
0.002635155737704918
0.002635155737704918
0.002635155737704918
0.002635155737704918
0.0032798904109589038
0.005714844086021505
0.010260903765690376
0.007931955223880597
0.007931955223880597
0.007931955223880597
0.004086122549019608
0.004086122549019608
0.004051557692307692
0.004025120192307692
0.0003850666666666667
0.00036007142857142856
0.00036007142857142856
0.0003302857142857143
0.0002956923076923077
0.0002956923076923077
0.000243
0.0002116
4.8e-05
4.8e-05
0.0
0.0
0.0
0.0
0.0
0.0
0.0
0.0
0.0
0.0
0.0
0.0
0.0
0.0
0.0
0.0
0.0
0.0
0.0
0.0
0.0
0.0
0.0
0.0
0.0
0.0
0.0
0.0
0.0
0.0
0.0
0.0
0.0
0.0
0.0
0.0
0.0
0.0
0.0
0.0
0.0
0.0
0.0
0.0
0.0
0.0
0.0
0.0
0.0
0.0
0.0
0.0
0.0
0.0
0.0
0.0
0.0
0.0
0.0
0.0
0.0
0.0
0.0
0.0
0.0
0.0
0.0
0.0
0.0
0.0
0.0
0.0
0.0
0.0
