0.004818602649006623
0.004818602649006623
0.004818602649006623
0.004818602649006623
0.004818602649006623
0.004818602649006623
0.004818602649006623
0.0075741609195402295
0.012368947598253275
0.011307267605633803
0.007646081272084805
0.007646081272084805
0.007646081272084805
0.0039693761904761905
0.0039534976076555026
0.0039101244019138755
0.0039001190476190477
0.0003515625
0.00034225
0.00025536363636363636
0.00016514285714285714
0.00015557142857142858
0.00015557142857142858
0.00014016666666666667
0.00014016666666666667
4.05e-05
4.05e-05
4.05e-05
2.5e-05
2.5e-05
0.0
0.0
0.0
0.0
0.0
0.0
0.0
0.0
0.0
0.0
0.0
0.0
0.0
0.0
0.0
0.0
0.0
0.0
0.0
0.0
0.0
0.0
0.0
0.0
0.0
0.0
0.0
0.0
0.0
0.0
0.0
0.0
0.0
0.0
0.0
0.0
0.0
0.0
0.0
0.0
0.0
0.0
0.0
0.0
0.0
0.0
0.0
0.0
0.0
0.0
0.0
0.0
0.0
0.0
0.0
0.0
0.0
0.0
0.0
0.0
0.0
0.0
0.0
0.0
0.0
0.0
0.0
0.0
0.0
0.0
0.0
