0.0034722191780821917
0.0034722191780821917
0.0034722191780821917
0.0034722191780821917
0.0034722191780821917
0.0034722191780821917
0.0034722191780821917
0.003952409638554217
0.007207140845070423
0.011817778195488722
0.008316582758620688
0.008316582758620688
0.008316582758620688
0.004423504587155964
0.004378573394495413
0.004362806451612904
0.00435384331797235
0.00037647058823529414
0.00034876470588235295
0.0001849
0.000169
0.0001445
0.0001445
9.6e-05
8e-05
3.2e-05
3.2e-05
1.6e-05
1.6e-05
1.6e-05
1.6e-05
1.6e-05
1.6e-05
1.6e-05
1.6e-05
1.6e-05
1.6e-05
1.6e-05
0.0
0.0
0.0
0.0
0.0
0.0
0.0
0.0
0.0
0.0
0.0
0.0
0.0
0.0
0.0
0.0
0.0
0.0
0.0
0.0
0.0
0.0
0.0
0.0
0.0
0.0
0.0
0.0
0.0
0.0
0.0
0.0
0.0
0.0
0.0
0.0
0.0
0.0
0.0
0.0
0.0
0.0
0.0
0.0
0.0
0.0
0.0
0.0
0.0
0.0
0.0
0.0
0.0
0.0
0.0
0.0
0.0
0.0
0.0
0.0
0.0
0.0
0.0
