0.0051482142857142855
0.0051482142857142855
0.0051482142857142855
0.0051482142857142855
0.0051482142857142855
0.0051482142857142855
0.0051482142857142855
0.006052520833333333
0.009769846153846155
0.011756098939929328
0.008207240677966101
0.008207240677966101
0.008207240677966101
0.0042609863013698636
0.004225771689497716
0.004215313636363637
0.004180368181818182
0.00048576190476190475
0.0004013888888888889
0.00034225
0.00029926666666666666
0.00024992307692307694
0.00024992307692307694
0.0002008181818181818
0.0001764
4.8e-05
4.8e-05
4.8e-05
3.2e-05
3.2e-05
3.2e-05
3.2e-05
3.2e-05
3.2e-05
0.0
0.0
0.0
0.0
0.0
0.0
0.0
0.0
0.0
0.0
0.0
0.0
0.0
0.0
0.0
0.0
0.0
0.0
0.0
0.0
0.0
0.0
0.0
0.0
0.0
0.0
0.0
0.0
0.0
0.0
0.0
0.0
0.0
0.0
0.0
0.0
0.0
0.0
0.0
0.0
0.0
0.0
0.0
0.0
0.0
0.0
0.0
0.0
0.0
0.0
0.0
0.0
0.0
0.0
0.0
0.0
0.0
0.0
0.0
0.0
0.0
0.0
0.0
0.0
0.0
0.0
0.0
