0.00546390625
0.00546390625
0.00546390625
0.00546390625
0.00546390625
0.00546390625
0.00546390625
0.006206938888888889
0.009760288288288288
0.011856593023255814
0.00802078156996587
0.00802078156996587
0.00802078156996587
0.00415718779342723
0.004127274418604651
0.004050285046728972
0.004032901869158879
0.0003150625
0.00030625
0.00024028571428571428
0.00024028571428571428
0.00024028571428571428
0.00024028571428571428
0.00023207142857142857
0.00021607692307692305
3.2e-05
3.2e-05
1.6e-05
1.6e-05
1.6e-05
1.6e-05
1.6e-05
1.6e-05
0.0
0.0
0.0
0.0
0.0
0.0
0.0
0.0
0.0
0.0
0.0
0.0
0.0
0.0
0.0
0.0
0.0
0.0
0.0
0.0
0.0
0.0
0.0
0.0
0.0
0.0
0.0
0.0
0.0
0.0
0.0
0.0
0.0
0.0
0.0
0.0
0.0
0.0
0.0
0.0
0.0
0.0
0.0
0.0
0.0
0.0
0.0
0.0
0.0
0.0
0.0
0.0
0.0
0.0
0.0
0.0
0.0
0.0
0.0
0.0
0.0
0.0
0.0
0.0
0.0
0.0
0.0
0.0
