0.017299986159169552
0.017299986159169552
0.017299986159169552
0.017299986159169552
0.017299986159169552
0.017299986159169552
0.017299986159169552
0.015212183606557378
0.01182976124567474
0.008148765873015872
0.004076433121019108
0.004076433121019108
0.004076433121019108
0.00014580000000000002
0.00014580000000000002
0.00014580000000000002
0.000121
0.0
0.0
0.0
0.0
0.0
0.0
0.0
0.0
0.0
0.0
0.0
0.0
0.0
0.0
0.0
0.0
0.0
0.0
0.0
0.0
0.0
0.0
0.0
0.0
0.0
0.0
0.0
0.0
0.0
0.0
0.0
0.0
0.0
0.0
0.0
0.0
0.0
0.0
0.0
0.0
0.0
0.0
0.0
0.0
0.0
0.0
0.0
0.0
0.0
0.0
0.0
0.0
0.0
0.0
0.0
0.0
0.0
0.0
0.0
0.0
0.0
0.0
0.0
0.0
0.0
0.0
0.0
0.0
0.0
0.0
0.0
0.0
0.0
0.0
0.0
0.0
0.0
0.0
0.0
0.0
0.0
0.0
0.0
0.0
