0.017677793103448275
0.017677793103448275
0.017677793103448275
0.017677793103448275
0.017677793103448275
0.017677793103448275
0.017677793103448275
0.015225091911764707
0.012148318352059925
0.008436068669527896
0.004372180124223603
0.004372180124223603
0.004372180124223603
0.00040560000000000005
0.00037028571428571427
0.0003100833333333333
0.0003100833333333333
5e-05
2.5e-05
2.5e-05
2.5e-05
2.5e-05
2.5e-05
0.0
0.0
0.0
0.0
0.0
0.0
0.0
0.0
0.0
0.0
0.0
0.0
0.0
0.0
0.0
0.0
0.0
0.0
0.0
0.0
0.0
0.0
0.0
0.0
0.0
0.0
0.0
0.0
0.0
0.0
0.0
0.0
0.0
0.0
0.0
0.0
0.0
0.0
0.0
0.0
0.0
0.0
0.0
0.0
0.0
0.0
0.0
0.0
0.0
0.0
0.0
0.0
0.0
0.0
0.0
0.0
0.0
0.0
0.0
0.0
0.0
0.0
0.0
0.0
0.0
0.0
0.0
0.0
0.0
0.0
0.0
0.0
0.0
0.0
0.0
0.0
0.0
0.0
