0.01647853846153846
0.01647853846153846
0.01647853846153846
0.01647853846153846
0.01647853846153846
0.01647853846153846
0.01647853846153846
0.014927089965397922
0.011875030303030304
0.00803543253968254
0.00414808280254777
0.00414808280254777
0.00414808280254777
0.0002205
0.00019557142857142858
0.00017066666666666665
0.00014580000000000002
0.0
0.0
0.0
0.0
0.0
0.0
0.0
0.0
0.0
0.0
0.0
0.0
0.0
0.0
0.0
0.0
0.0
0.0
0.0
0.0
0.0
0.0
0.0
0.0
0.0
0.0
0.0
0.0
0.0
0.0
0.0
0.0
0.0
0.0
0.0
0.0
0.0
0.0
0.0
0.0
0.0
0.0
0.0
0.0
0.0
0.0
0.0
0.0
0.0
0.0
0.0
0.0
0.0
0.0
0.0
0.0
0.0
0.0
0.0
0.0
0.0
0.0
0.0
0.0
0.0
0.0
0.0
0.0
0.0
0.0
0.0
0.0
0.0
0.0
0.0
0.0
0.0
0.0
0.0
0.0
0.0
0.0
0.0
0.0
