0.01621209395973154
0.01621209395973154
0.01621209395973154
0.01621209395973154
0.01621209395973154
0.01621209395973154
0.01621209395973154
0.014364969798657718
0.011518418604651161
0.008007004016064257
0.004051442307692308
0.004051442307692308
0.004051442307692308
0.00011025
8.533333333333332e-05
8.533333333333332e-05
6.05e-05
0.0
0.0
0.0
0.0
0.0
0.0
0.0
0.0
0.0
0.0
0.0
0.0
0.0
0.0
0.0
0.0
0.0
0.0
0.0
0.0
0.0
0.0
0.0
0.0
0.0
0.0
0.0
0.0
0.0
0.0
0.0
0.0
0.0
0.0
0.0
0.0
0.0
0.0
0.0
0.0
0.0
0.0
0.0
0.0
0.0
0.0
0.0
0.0
0.0
0.0
0.0
0.0
0.0
0.0
0.0
0.0
0.0
0.0
0.0
0.0
0.0
0.0
0.0
0.0
0.0
0.0
0.0
0.0
0.0
0.0
0.0
0.0
0.0
0.0
0.0
0.0
0.0
0.0
0.0
0.0
0.0
0.0
0.0
0.0
