0.016648470588235292
0.016648470588235292
0.016648470588235292
0.016648470588235292
0.016648470588235292
0.016648470588235292
0.016648470588235292
0.014728696864111499
0.011645541958041959
0.00779592050209205
0.004046864516129033
0.004046864516129033
0.004046864516129033
0.0001
0.0001
0.0001
0.0001
2.5e-05
2.5e-05
2.5e-05
0.0
0.0
0.0
0.0
0.0
0.0
0.0
0.0
0.0
0.0
0.0
0.0
0.0
0.0
0.0
0.0
0.0
0.0
0.0
0.0
0.0
0.0
0.0
0.0
0.0
0.0
0.0
0.0
0.0
0.0
0.0
0.0
0.0
0.0
0.0
0.0
0.0
0.0
0.0
0.0
0.0
0.0
0.0
0.0
0.0
0.0
0.0
0.0
0.0
0.0
0.0
0.0
0.0
0.0
0.0
0.0
0.0
0.0
0.0
0.0
0.0
0.0
0.0
0.0
0.0
0.0
0.0
0.0
0.0
0.0
0.0
0.0
0.0
0.0
0.0
0.0
0.0
0.0
0.0
0.0
0.0
