0.016230681818181818
0.016230681818181818
0.016230681818181818
0.016230681818181818
0.016230681818181818
0.016230681818181818
0.016230681818181818
0.014349056603773584
0.011333720930232558
0.008184757847533633
0.004200006578947368
0.004200006578947368
0.004200006578947368
0.00013519999999999998
0.00013519999999999998
0.00013519999999999998
0.00013519999999999998
2.5e-05
0.0
0.0
3.6e-05
3.6e-05
3.6e-05
3.6e-05
3.6e-05
0.0
0.0
0.0
0.0
0.0
0.0
0.0
0.0
0.0
0.0
0.0
0.0
0.0
0.0
0.0
0.0
0.0
0.0
0.0
0.0
0.0
0.0
0.0
0.0
0.0
0.0
0.0
0.0
0.0
0.0
0.0
0.0
0.0
0.0
0.0
0.0
0.0
0.0
0.0
0.0
0.0
0.0
0.0
0.0
0.0
0.0
0.0
0.0
0.0
0.0
0.0
0.0
0.0
0.0
0.0
0.0
0.0
0.0
0.0
0.0
0.0
0.0
0.0
0.0
0.0
0.0
0.0
0.0
0.0
0.0
0.0
0.0
0.0
0.0
0.0
0.0
