20
30
10
64
77
47
42
23
20
50
30
28
16
14
62
20
15
75
50
50
44
32
13
12
47
36
34
20
11
17
20
14
45
16
12
27
9
7
55
16
28
19
10
18
8
7
48
42
41
24
12
11
18
7
57
16
67
17
15
17
9
66
28
38
5
28
25
72
61
53
44
37
26
11
47
38
15
16
14
12
84
22
17
22
12
49
34
24
23
16
13
14
18
69
8
19
20
52
26
11
14
9
10
61
27
23
21
15
25
11
12
35
18
38
39
30
21
10
10
16
38
26
20
21
22
19
15
10
17
11
6
15
8
8
6
29
13
45
31
18
45
35
39
39
8
14
78
5
30
14
15
8
58
5
44
17
44
6
72
11
9
12
7
10
6
30
30
10
26
8
30
26
32
12
32
32
21
19
6
12
56
15
51
31
19
12
11
55
21
23
22
21
19
53
71
11
13
37
26
13
11
90
24
9
49
32
5
6
12
5
53
15
12
11
13
15
11
26
19
20
17
49
40
18
18
25
20
17
11
6
17
17
15
12
10
12
8
15
57
28
18
73
32
17
7
28
7
95
34
19
10
25
28
14
10
12
29
45
14
19
13
35
51
27
13
21
10
9
25
14
11
60
24
12
11
24
8
12
52
33
66
34
11
20
8
20
37
12
11
11
18
14
27
32
15
21
12
13
41
14
22
19
14
14
10
11
14
9
13
16
16
43
38
24
10
10
38
21
9
12
6
103
18
9
11
28
16
8
54
20
11
31
9
14
12
16
13
14
18
6
4
5
6
26
54
21
25
9
11
14
19
9
7
39
22
30
30
22
54
9
29
44
13
9
13
10
9
13
16
8
9
32
29
18
16
39
29
19
14
57
33
4
10
16
61
26
52
11
26
19
11
14
32
9
7
58
33
19
11
16
15
12
15
10
27
36
21
44
36
19
39
33
16
15
26
22
12
9
15
29
13
8
18
34
35
13
11
11
11
7
12
8
16
15
10
13
14
6
40
44
19
8
12
7
11
11
13
15
11
9
12
31
21
17
11
15
9
23
9
12
16
26
26
17
12
16
13
21
13
46
31
24
14
15
10
7
20
16
15
29
5
14
12
8
26
33
14
21
23
16
19
12
9
8
9
6
49
42
35
30
13
20
9
26
12
7
29
9
18
38
17
30
10
6
17
13
3
15
14
6
17
13
15
9
11
13
10
15
19
11
10
18
16
15
5
15
16
10
33
11
15
21
18
9
12
8
11
33
21
18
9
19
16
9
13
11
16
43
11
8
6
9
9
45
18
11
18
30
10
10
21
31
22
14
11
11
23
22
15
15
13
5
12
12
12
8
9
21
21
10
24
9
6
20
12
8
17
16
5
8
22
11
20
6
13
16
6
24
14
17
17
14
22
11
14
22
14
10
14
31
12
10
72
20
11
14
13
15
25
5
33
21
13
5
14
13
10
26
21
14
13
9
10
4
7
8
32
7
6
9
17
31
11
23
10
20
13
13
13
21
10
21
14
27
12
9
17
16
13
10
21
13
11
41
11
15
13
12
11
15
13
12
11
18
10
10
9
19
11
10
37
16
11
8
12
10
10
18
12
9
4
24
12
7
10
11
4
14
10
13
15
18
15
14
10
9
9
25
15
22
23
13
28
4
24
12
12
5
9
11
13
14
27
5
14
19
5
17
11
30
5
12
38
17
20
7
19
20
16
12
4
23
12
12
4
38
24
13
20
8
12
10
12
5
6
13
19
13
13
17
6
15
25
8
8
16
19
8
5
17
9
9
15
11
15
12
13
17
7
25
16
10
16
10
12
14
18
10
9
12
10
13
24
8
9
7
9
9
18
7
9
11
9
13
12
13
23
17
19
14
10
18
7
19
10
27
18
14
9
13
14
10
12
7
13
10
11
20
8
20
13
13
18
12
21
19
12
8
17
16
15
4
7
6
7
10
44
16
6
12
8
12
17
16
5
19
17
12
6
16
18
15
15
12
11
13
11
15
15
11
8
17
12
14
17
7
20
7
11
10
16
10
18
11
7
7
14
13
6
14
17
15
24
10
14
13
13
13
12
12
5
14
8
8
9
13
4
11
18
8
8
12
9
11
12
6
20
22
10
6
7
10
11
10
11
6
4
5
12
4
14
13
13
18
14
9
8
8
17
8
9
13
11
31
13
12
17
5
5
20
8
13
9
17
12
5
14
11
12
8
16
10
9
10
8
12
9
14
12
14
7
21
7
8
4
7
10
8
10
21
11
22
12
12
15
13
14
8
11
6
