61
37
8
11
68
12
56
35
22
16
20
22
6
32
16
11
16
50
24
25
22
17
17
11
11
11
64
32
13
78
38
29
14
8
7
27
8
6
8
10
3
78
42
57
55
19
10
5
4
70
63
11
9
36
25
12
46
16
14
6
29
15
72
64
32
14
18
13
16
14
11
37
11
13
7
8
51
41
24
57
25
22
12
8
28
12
11
52
26
9
46
22
9
12
10
78
33
24
10
22
12
12
14
7
49
38
8
38
25
24
14
12
42
8
59
34
10
65
5
7
51
46
14
7
12
8
11
52
18
14
10
9
21
13
9
20
17
13
44
38
17
10
22
10
60
27
22
26
10
16
8
14
36
19
14
22
10
9
9
55
11
39
40
33
24
9
74
32
32
33
32
22
15
15
14
18
9
9
58
14
12
18
57
22
8
39
19
17
15
16
45
20
16
18
16
19
9
14
8
35
13
38
54
54
45
16
12
19
24
17
16
19
11
13
55
31
4
53
47
22
13
13
35
30
29
12
9
4
32
15
20
19
11
14
56
26
19
15
11
12
14
69
53
25
29
15
22
12
17
30
22
14
7
44
46
10
84
16
13
12
14
3
29
27
13
14
13
10
9
20
7
41
12
3
36
18
28
14
15
12
8
11
11
28
28
22
24
15
12
10
31
16
11
9
44
15
13
28
17
10
53
61
33
6
16
16
18
23
13
10
9
10
9
21
14
17
52
24
11
11
27
17
20
13
8
23
15
59
22
13
15
11
39
21
11
7
14
17
13
11
17
42
23
17
18
23
6
23
4
22
21
17
30
16
17
12
8
9
34
16
10
43
18
26
17
9
18
19
22
17
25
16
18
17
38
20
10
16
20
11
6
4
40
41
37
25
18
35
17
12
15
34
27
19
7
17
17
17
19
5
28
23
16
23
25
8
11
6
17
16
7
49
14
19
15
15
11
9
43
19
23
7
6
17
11
6
22
17
13
8
6
13
23
6
18
18
17
14
42
18
9
10
17
14
15
13
12
10
35
10
24
24
16
6
15
11
9
6
27
13
8
75
53
20
14
19
16
31
8
13
14
8
16
14
3
7
8
21
21
12
14
10
16
15
5
21
8
11
13
32
8
17
16
11
11
8
15
27
43
23
20
12
11
9
7
18
13
15
9
16
11
18
7
13
9
24
15
13
7
9
7
13
11
11
21
17
18
44
23
24
10
8
8
11
22
9
8
25
18
19
14
22
29
28
27
18
9
5
10
10
29
6
23
9
9
30
9
17
11
28
18
14
13
11
12
15
6
16
19
11
15
15
10
10
11
15
43
21
5
13
8
10
17
38
9
10
21
27
11
4
20
12
18
15
10
7
11
9
37
15
11
9
16
15
19
6
10
27
6
12
32
16
9
31
15
12
12
51
13
15
8
12
22
16
14
9
15
11
7
18
7
10
16
12
31
13
13
8
5
13
32
21
23
12
7
8
9
11
13
7
10
23
30
15
18
33
10
6
14
15
16
14
12
9
14
13
10
6
17
21
13
4
8
7
15
11
8
26
21
20
21
8
8
5
17
15
11
10
17
12
7
8
16
14
20
16
15
13
10
7
14
30
25
9
11
18
29
8
22
24
20
33
8
23
20
11
10
15
12
10
11
18
13
13
14
7
19
18
21
17
14
19
13
11
10
8
16
14
17
6
6
11
10
7
18
14
8
8
13
12
10
24
14
29
16
22
12
4
17
14
16
14
11
12
9
14
34
17
10
26
16
9
16
8
11
21
14
14
5
10
7
19
7
12
4
12
13
11
7
16
4
9
4
9
4
16
19
38
16
4
16
8
30
10
9
10
7
8
5
4
18
8
10
6
20
9
4
20
9
19
11
14
22
16
14
14
26
12
15
13
6
9
12
10
14
10
21
10
9
28
13
12
20
17
11
10
6
10
11
20
8
9
11
11
16
13
11
11
20
6
11
16
7
9
9
15
9
6
11
12
7
9
29
18
10
10
16
24
7
8
14
4
14
16
7
19
23
6
9
8
21
18
16
10
11
13
12
10
8
10
11
7
7
22
11
10
10
5
7
8
15
13
16
12
17
12
13
13
21
15
12
7
16
20
7
14
8
12
5
10
30
11
10
11
7
8
10
8
12
14
10
12
14
7
14
5
7
14
20
9
6
6
4
11
16
16
11
8
8
11
13
13
12
9
15
10
12
11
7
19
14
5
14
10
10
8
10
6
7
14
19
8
11
7
10
11
19
9
15
9
12
12
7
13
13
15
9
11
8
9
