66
41
10
10
8
8
6
60
38
46
17
17
9
11
11
45
32
33
34
19
14
24
20
14
11
24
10
18
14
8
10
15
4
9
39
19
15
11
77
73
46
53
48
55
24
19
14
14
15
7
36
14
8
9
49
38
18
28
18
16
14
29
20
21
11
55
53
57
34
55
20
15
26
14
12
39
24
19
13
10
15
9
62
19
14
14
7
45
16
17
14
15
10
13
9
15
57
32
33
21
18
11
12
9
33
8
52
14
25
10
11
21
7
50
27
19
21
18
20
10
49
28
13
24
25
21
13
14
12
60
10
34
30
26
13
20
15
5
44
8
10
33
34
42
45
27
15
18
19
14
14
13
14
12
38
24
13
11
12
53
22
6
64
18
9
52
63
43
40
36
24
13
12
6
13
64
16
28
12
37
11
9
9
12
20
7
61
8
10
23
8
49
29
17
12
37
23
21
20
15
29
19
15
10
7
7
37
14
45
13
15
9
83
18
5
32
16
13
13
14
5
62
44
12
17
19
16
9
9
11
23
16
13
12
7
25
16
9
18
24
14
11
10
9
8
8
23
11
9
21
11
10
17
8
20
18
16
11
10
21
20
13
25
5
40
9
10
15
32
16
22
20
15
15
12
41
13
12
6
36
13
16
16
12
9
17
11
14
18
23
12
36
18
8
6
11
11
19
16
13
6
6
35
3
18
12
5
33
17
13
9
15
39
7
33
41
24
11
20
65
16
14
12
16
13
42
6
34
13
9
13
7
60
10
32
27
16
9
33
13
13
8
15
85
17
16
13
16
83
43
36
17
22
27
54
48
11
20
21
45
12
10
16
10
17
7
9
14
4
17
17
16
12
15
36
14
5
22
55
9
10
70
45
6
7
11
3
9
11
15
10
12
28
17
23
12
17
33
6
8
10
20
8
10
23
10
12
35
27
17
20
22
34
28
17
10
33
8
11
34
11
29
7
12
13
22
12
86
18
22
8
18
16
7
15
43
22
15
14
5
8
18
6
17
9
18
15
13
7
10
23
8
14
14
9
15
5
5
14
5
7
34
26
26
30
12
13
6
6
23
19
12
20
17
18
14
12
32
7
11
19
13
14
17
26
7
8
21
19
12
7
14
16
19
18
48
18
20
16
22
15
19
12
11
28
18
23
15
24
16
11
14
33
27
24
10
15
17
6
8
21
10
7
13
11
12
16
9
40
29
11
13
52
15
19
11
11
4
78
8
41
9
22
26
12
16
11
22
11
17
19
14
30
6
29
11
29
17
14
11
13
11
42
15
12
7
10
15
14
18
8
32
40
22
16
12
10
17
26
4
5
12
14
15
19
11
10
21
10
16
15
13
15
8
40
16
30
18
18
9
7
7
17
10
26
28
7
28
23
10
8
21
24
9
16
18
21
16
6
10
11
13
10
5
11
15
15
3
16
13
9
15
23
17
16
19
24
18
5
7
9
10
22
17
16
13
10
7
10
22
9
13
25
16
9
10
14
9
7
10
8
9
11
41
21
7
11
9
17
11
13
17
9
9
12
11
6
10
13
13
11
13
5
22
17
5
13
9
8
20
17
26
13
42
17
16
10
8
24
24
6
8
26
6
13
45
34
13
9
10
6
9
6
6
5
22
18
13
7
23
25
15
16
11
5
8
9
33
31
15
8
19
10
14
11
6
16
16
19
26
21
20
12
14
7
34
16
9
12
8
12
12
8
11
4
21
12
12
18
22
21
17
7
20
13
14
19
9
7
22
10
31
10
14
14
11
5
17
13
14
10
7
15
18
8
13
11
9
8
8
15
14
8
6
10
13
9
17
8
15
11
20
18
5
19
12
10
20
14
10
14
6
23
17
7
11
8
15
6
19
8
9
17
14
10
5
11
14
14
15
10
6
9
10
29
10
15
12
8
10
18
5
9
19
11
5
18
15
5
7
28
21
14
10
11
23
14
12
19
14
6
15
19
16
27
11
7
18
4
10
10
13
8
12
13
12
6
6
4
15
24
19
13
19
10
9
18
14
14
20
20
16
12
19
24
19
21
16
16
9
11
6
4
6
10
16
8
13
17
10
10
16
14
21
19
16
25
22
17
16
13
10
24
17
17
18
15
10
36
23
6
16
9
7
16
18
4
4
13
9
10
3
12
10
15
13
17
14
10
13
14
10
12
14
7
11
11
3
12
7
9
11
6
5
12
10
6
8
8
11
14
11
13
12
10
12
10
10
10
10
8
17
9
10
8
18
8
16
25
19
9
12
5
9
8
8
6
6
6
5
