32
39
11
13
40
29
69
9
18
14
62
70
48
11
68
66
19
21
24
18
35
59
11
6
37
67
11
4
4
3
18
8
67
73
39
24
19
18
8
46
9
71
52
19
17
16
16
16
34
11
33
15
43
6
5
38
31
31
25
10
11
10
10
49
30
50
7
69
34
29
31
32
29
11
11
24
27
49
18
37
33
23
22
13
12
7
13
60
14
16
10
25
10
40
5
21
8
16
39
31
63
56
38
48
29
18
11
8
12
39
22
26
31
31
18
12
15
56
15
15
13
48
10
27
12
10
58
25
45
10
12
18
10
28
8
7
9
49
37
19
24
21
17
9
6
32
31
20
23
19
51
32
11
9
64
26
38
10
23
14
21
20
10
8
11
9
10
57
19
29
19
18
16
54
30
23
15
14
9
10
29
19
24
8
8
74
21
21
8
9
12
42
25
24
14
18
18
7
27
26
6
32
26
25
17
18
26
4
22
9
25
12
12
9
15
6
14
6
4
6
35
13
20
10
55
31
34
24
4
15
36
25
8
15
10
9
5
7
11
26
23
22
16
20
14
12
10
7
28
13
8
10
24
10
31
7
50
47
14
26
17
18
30
19
16
13
16
13
23
13
23
15
9
10
11
3
5
20
18
15
42
31
32
18
26
12
16
6
17
12
8
14
22
17
11
10
55
51
35
12
6
28
24
13
8
34
20
21
8
13
14
24
21
11
12
13
6
21
13
18
19
10
7
39
16
16
21
12
11
5
10
36
10
10
8
38
23
15
39
34
7
19
8
25
18
11
11
17
19
4
22
11
14
5
22
3
18
9
21
13
9
14
12
32
42
13
16
17
12
24
28
18
16
58
8
7
5
36
10
22
18
15
12
49
9
14
15
38
14
16
9
10
38
6
60
25
21
13
13
12
14
13
11
8
64
18
11
9
44
17
20
13
12
13
14
12
26
11
17
12
10
15
26
14
25
32
21
27
24
12
16
14
13
12
13
10
8
39
13
77
27
15
7
29
11
17
16
8
9
10
26
13
9
28
11
25
19
57
32
28
14
23
34
29
13
32
12
9
10
27
33
10
12
14
8
38
18
18
19
16
14
10
12
14
5
6
12
15
9
22
8
14
12
8
67
18
11
58
25
26
35
15
19
16
8
18
20
13
14
6
9
11
57
22
17
52
6
9
10
23
10
14
11
9
8
27
23
33
22
11
13
12
6
12
6
21
10
7
35
11
9
8
9
21
14
22
20
18
13
13
18
15
16
8
14
16
8
31
16
14
32
33
17
19
14
13
22
7
11
13
18
12
7
12
8
16
11
12
16
8
54
11
37
8
13
13
13
11
5
4
28
40
17
16
21
5
13
7
11
10
6
7
7
12
21
16
6
9
8
11
11
32
9
33
9
12
8
10
9
8
11
5
5
15
42
33
7
36
11
14
14
11
8
10
14
15
7
12
11
3
12
8
12
7
18
15
20
24
13
18
8
13
7
6
7
13
15
36
11
7
14
17
13
16
17
11
32
15
11
5
14
29
16
10
11
6
8
20
6
9
18
17
36
11
21
10
28
14
19
11
13
3
27
17
11
10
13
11
15
22
10
23
17
13
28
23
31
13
8
5
4
14
4
15
7
4
13
9
14
9
9
18
14
16
14
11
12
9
13
14
12
10
12
9
11
13
11
23
12
23
16
9
17
15
31
17
10
35
14
30
31
11
16
11
9
6
7
15
8
16
17
13
13
28
17
16
7
19
20
18
16
18
11
6
11
15
5
8
25
10
28
20
12
8
13
18
11
13
7
6
7
11
9
13
13
12
10
9
13
35
16
17
14
22
14
10
13
11
17
16
17
20
8
7
13
24
19
7
5
14
39
12
13
15
12
7
21
9
8
16
5
9
5
24
12
7
35
17
12
10
10
9
16
13
12
9
7
23
9
14
5
16
13
13
11
13
11
7
15
14
12
9
17
16
12
7
14
15
14
10
16
12
21
8
18
9
6
5
19
8
10
7
12
11
12
9
17
9
7
11
10
10
8
5
15
11
11
7
10
20
16
6
15
20
10
9
6
9
21
9
11
9
38
10
10
5
13
33
20
11
15
11
8
15
13
8
6
10
7
11
3
9
8
7
10
7
10
13
14
14
7
8
13
15
9
14
8
11
11
5
19
9
22
19
23
14
9
12
17
15
19
8
18
15
17
14
16
6
6
12
8
9
14
9
7
12
9
12
15
6
11
11
15
14
21
15
7
14
11
12
17
11
14
11
8
11
15
18
10
9
