62
24
22
29
10
47
35
30
17
13
14
15
32
30
11
18
13
7
35
26
16
3
46
58
45
34
30
18
28
20
14
6
55
30
28
22
26
20
19
20
47
13
5
62
25
15
10
62
13
28
10
50
9
7
38
7
22
19
21
9
58
40
36
27
15
25
19
13
14
50
6
89
50
41
28
32
38
35
13
67
8
53
59
16
8
8
65
4
12
12
6
41
28
25
21
16
25
19
46
33
23
25
20
18
13
8
10
70
46
6
14
68
11
43
45
41
37
19
10
63
25
35
33
6
12
28
21
23
18
12
13
60
21
12
15
7
8
11
44
37
33
25
11
40
52
38
33
31
26
11
53
44
14
46
20
17
37
24
10
8
28
20
21
15
10
27
22
14
37
29
59
14
14
19
44
12
12
8
58
69
49
7
23
16
15
17
14
7
7
30
17
10
11
25
13
8
7
35
31
53
7
73
13
31
14
7
19
14
17
49
35
31
17
11
13
15
60
43
24
23
26
20
22
14
66
24
14
13
19
26
10
39
19
20
14
8
21
7
17
13
17
13
39
36
12
11
10
33
12
9
57
27
8
6
6
39
27
19
12
17
14
19
57
44
10
12
64
30
16
5
33
20
27
17
16
16
12
32
16
8
10
12
7
21
39
36
21
11
47
60
10
18
48
31
33
32
12
17
12
26
17
23
7
16
12
23
47
8
23
9
13
26
54
26
19
9
20
37
19
13
7
58
12
50
9
11
81
34
30
24
20
22
8
24
20
14
47
17
14
17
17
16
66
43
15
6
15
7
11
50
24
6
28
14
4
9
14
8
7
36
36
39
20
25
12
67
22
24
16
7
5
6
62
7
6
6
6
15
12
28
14
9
53
11
12
8
9
34
10
26
8
10
5
13
7
52
40
22
14
15
8
43
28
20
23
7
10
13
14
10
9
26
11
28
23
26
15
13
17
19
9
7
20
13
8
7
10
72
37
16
14
13
10
11
51
15
12
27
37
14
6
17
38
19
30
11
22
27
18
13
19
11
8
11
18
13
10
6
14
9
30
17
18
21
13
8
12
18
15
11
9
11
26
18
12
15
24
9
7
24
12
5
50
36
15
9
4
9
17
30
7
3
20
8
12
74
54
51
7
13
7
22
14
28
22
15
30
26
12
14
11
18
16
11
10
11
8
8
14
14
8
16
8
13
4
5
18
12
11
10
11
11
8
7
10
9
9
11
11
12
9
9
14
44
22
21
9
12
28
12
13
16
7
19
7
12
20
9
20
35
13
34
3
41
13
21
11
6
11
9
43
12
7
22
8
8
8
14
22
17
6
20
11
7
8
21
7
17
23
21
12
17
24
14
11
23
14
6
12
12
30
26
21
9
12
10
9
12
5
17
9
7
25
9
6
12
16
7
48
27
18
10
8
9
11
15
12
8
12
12
23
15
12
16
13
21
10
8
13
8
6
9
28
43
12
10
15
20
20
16
19
14
20
3
15
9
7
31
24
15
8
10
12
14
24
10
10
9
14
11
9
14
15
11
14
31
6
17
5
5
12
13
13
16
10
14
9
15
11
19
12
10
11
12
21
4
12
13
13
8
26
19
5
10
15
13
12
3
9
17
7
14
24
17
11
19
28
18
10
18
18
20
15
8
8
8
8
11
10
10
17
25
17
13
10
8
13
11
11
10
5
9
25
13
12
11
18
8
4
13
10
13
19
16
6
8
4
20
7
8
8
11
10
11
21
11
10
12
17
14
9
14
11
7
13
9
15
17
8
6
29
13
16
8
29
13
10
13
14
9
18
10
11
30
10
7
9
16
9
11
7
5
10
10
13
17
16
10
8
9
15
27
12
8
8
11
14
26
10
9
7
17
4
7
12
23
8
26
22
15
12
14
9
14
15
14
32
9
8
8
35
13
10
14
9
12
8
23
7
13
9
12
11
14
9
7
16
12
13
11
13
8
9
24
25
26
8
9
17
14
7
13
9
15
10
13
9
4
9
19
4
16
12
13
19
12
15
8
15
11
14
8
14
11
12
15
15
19
15
13
11
11
12
15
9
18
16
10
9
6
5
6
10
3
11
8
18
13
5
11
12
16
11
8
10
26
6
14
8
9
8
10
8
11
16
11
6
14
8
12
4
24
13
15
8
11
8
11
5
7
17
13
10
14
9
20
8
17
19
11
6
8
6
5
17
9
9
16
20
7
10
5
8
7
14
14
6
8
13
12
12
13
8
12
5
15
8
12
10
15
7
9
12
13
17
9
13
9
8
7
