10
8
5
32
39
15
20
21
14
8
17
21
41
26
21
68
72
64
45
8
10
10
5
17
14
19
13
20
17
10
18
19
17
49
49
30
25
15
34
14
56
12
27
16
54
49
33
23
9
17
11
86
12
28
20
50
31
29
33
33
12
32
36
16
17
21
16
15
25
10
12
58
45
14
67
13
6
21
12
50
9
27
19
12
10
6
25
19
20
62
56
36
32
27
12
16
10
15
35
21
22
8
13
63
24
23
9
16
16
83
33
16
13
22
15
13
19
14
4
19
4
64
38
30
23
26
23
15
15
15
42
23
37
12
9
24
14
21
10
15
20
22
16
12
16
15
93
16
17
13
12
45
22
7
27
25
9
61
28
23
12
13
18
7
5
21
10
9
47
11
10
5
8
40
35
19
24
19
16
17
14
52
49
23
16
62
35
35
7
54
34
31
11
15
29
11
9
15
18
11
12
59
31
16
19
14
30
18
27
23
25
14
7
36
27
17
24
10
8
14
16
8
32
6
6
8
38
31
17
10
10
19
24
17
17
14
48
22
20
19
24
18
26
8
40
15
9
70
38
18
15
14
20
11
9
10
39
29
18
8
18
6
10
42
14
8
11
12
12
13
13
14
14
21
16
37
7
21
53
27
16
15
8
11
8
30
17
56
16
7
9
21
6
58
33
25
10
19
69
68
20
19
13
37
10
13
29
26
23
9
8
30
9
8
13
10
14
7
20
9
33
27
22
22
22
13
10
43
16
18
14
12
45
23
10
18
9
24
8
28
18
14
30
12
19
24
9
40
10
12
38
19
7
7
34
15
16
18
73
43
15
16
12
7
68
34
14
14
15
13
7
10
13
35
10
5
6
17
16
7
7
19
12
16
9
29
10
8
7
70
22
8
15
25
16
9
37
12
11
4
24
10
8
50
40
13
12
25
6
28
10
9
8
61
23
17
26
9
25
21
8
16
9
17
10
38
37
10
13
32
6
58
14
10
11
11
12
27
18
12
20
11
10
9
7
11
64
23
20
20
9
58
9
41
16
16
12
17
17
12
11
19
10
32
12
14
22
6
19
15
4
8
9
23
16
12
21
14
6
23
12
6
6
8
13
10
72
4
17
42
12
18
42
21
16
17
16
22
18
9
7
4
4
42
26
13
14
14
17
10
13
14
20
7
9
16
17
22
8
12
12
26
18
8
16
18
18
9
10
31
15
28
9
17
17
34
18
47
14
11
10
28
13
24
8
40
10
16
17
11
11
21
18
10
11
12
14
20
14
11
20
26
19
15
14
9
9
13
20
10
30
19
11
9
10
9
29
15
21
13
25
10
5
14
5
16
23
6
28
9
22
6
23
10
9
6
14
6
10
22
9
8
27
17
14
7
53
20
14
14
12
8
21
4
8
11
15
22
25
13
32
16
12
13
10
26
12
6
12
19
19
15
7
21
13
31
24
18
16
13
7
13
18
15
10
23
9
27
19
17
12
7
12
9
14
13
12
17
11
9
8
6
8
19
13
6
4
9
34
7
15
11
13
18
14
19
9
15
9
9
19
9
9
16
19
18
13
21
7
8
10
10
13
19
8
3
12
10
6
44
29
12
10
34
36
24
16
12
23
17
13
4
15
28
7
5
22
22
11
9
14
13
5
16
12
4
11
6
20
19
8
4
12
12
23
10
14
19
19
12
13
47
8
13
8
16
13
9
16
19
8
13
18
13
17
18
8
6
14
11
6
24
17
7
11
12
13
5
13
13
11
8
12
22
27
11
7
20
17
10
10
5
17
7
5
14
10
14
16
11
16
12
11
10
13
17
8
9
13
19
9
12
10
7
8
5
8
11
6
9
19
16
12
6
10
7
27
14
9
7
9
14
9
17
10
9
6
3
21
8
13
13
15
12
6
6
13
7
11
14
10
14
15
27
22
14
15
18
13
21
8
8
12
6
12
13
7
7
9
7
15
7
3
15
19
17
10
10
6
9
15
11
9
17
10
8
7
11
9
10
12
10
9
8
7
6
18
10
6
10
11
6
13
14
12
11
7
6
11
8
10
9
13
13
8
21
21
16
14
10
14
19
8
14
8
15
14
12
15
9
13
9
8
5
13
7
15
12
15
12
6
8
13
7
12
10
18
10
4
21
14
14
12
5
5
23
17
4
13
10
8
14
10
9
9
16
15
7
17
10
9
4
28
10
8
15
9
7
6
10
13
15
7
7
8
18
6
14
7
10
4
3
19
10
10
3
8
10
7
4
7
9
17
10
3
7
17
13
11
10
