56
6
54
25
27
11
21
12
13
57
6
29
19
15
9
67
16
10
12
11
35
9
58
31
34
5
14
57
47
33
8
59
63
32
32
24
15
64
70
17
14
14
8
81
35
57
49
56
40
28
18
32
36
9
8
43
10
11
19
15
8
7
16
9
14
65
67
25
10
13
30
18
15
5
66
27
40
13
10
19
60
41
15
20
24
18
15
51
35
6
37
46
61
13
10
4
49
36
29
31
34
13
9
10
32
29
29
22
18
20
13
11
10
26
4
26
19
16
11
13
13
13
41
34
29
9
15
12
12
26
19
15
15
4
54
14
10
17
8
44
4
18
18
31
21
16
15
14
46
25
13
16
15
14
34
7
26
18
20
16
34
12
39
16
15
19
15
22
15
8
48
10
4
11
37
8
37
22
16
17
10
10
41
8
17
3
7
16
9
25
21
17
10
20
11
73
10
14
16
10
24
13
54
30
15
6
5
25
7
13
46
31
14
18
11
12
40
51
9
17
6
16
10
15
25
10
16
34
23
20
9
16
12
39
29
12
16
20
44
24
8
11
21
9
8
26
17
13
31
70
34
13
8
16
24
12
13
11
14
12
12
23
10
21
12
16
20
11
28
10
70
27
18
23
15
22
12
6
18
11
21
24
9
8
16
13
15
9
71
30
36
14
14
10
15
8
7
7
25
11
17
17
8
9
28
47
10
32
14
9
16
13
15
30
11
12
11
6
12
55
14
66
34
31
26
24
13
25
7
14
9
25
24
16
12
44
12
15
15
11
12
24
33
16
7
6
20
44
13
13
50
28
17
18
26
10
9
13
11
14
12
8
9
11
18
36
23
8
19
9
32
5
37
14
6
7
19
13
18
34
9
12
24
16
15
13
8
31
22
61
34
14
23
13
15
15
14
18
9
17
13
59
21
13
13
55
34
28
26
14
48
22
14
14
13
30
14
10
11
27
19
8
8
6
14
15
6
34
20
38
21
15
58
17
13
30
19
14
30
17
18
15
11
11
8
39
37
25
7
22
19
4
6
14
27
15
15
15
11
11
15
15
15
15
10
14
16
18
11
32
9
21
9
11
23
23
6
39
37
15
13
19
7
14
39
10
10
10
10
13
33
13
23
6
56
28
14
10
26
9
57
4
8
13
6
28
13
20
5
9
6
7
20
9
19
9
15
6
26
7
43
35
26
19
14
12
22
19
7
13
6
32
6
13
16
41
19
15
36
22
20
12
13
38
18
41
28
23
15
18
13
13
5
26
17
12
16
8
20
14
10
9
14
9
15
19
11
9
19
20
16
13
13
12
6
6
18
16
24
24
23
12
11
16
11
3
16
15
4
10
9
30
25
13
17
21
21
17
12
9
6
20
26
9
13
8
20
11
10
9
16
12
13
16
16
29
19
18
11
11
25
9
14
9
10
24
15
11
10
21
5
20
12
11
35
19
9
17
25
17
13
14
14
8
34
12
11
10
15
12
14
8
13
4
10
7
10
10
6
13
14
16
22
21
10
12
19
14
7
11
12
10
7
11
10
18
20
10
5
30
9
10
7
8
21
11
10
18
12
17
21
8
10
12
13
10
28
9
12
6
12
15
11
15
10
11
10
12
8
11
17
10
23
10
31
11
12
20
16
24
15
7
12
17
15
10
11
8
12
6
21
14
8
5
9
9
17
24
27
8
13
10
12
13
16
11
6
8
14
11
12
11
17
12
13
9
24
20
9
5
15
19
10
18
7
13
9
9
11
15
11
14
19
9
29
16
8
10
9
11
15
18
14
8
10
5
16
7
6
9
24
19
11
10
11
7
17
9
16
22
12
16
33
6
12
27
12
8
31
13
12
6
4
14
8
8
16
14
10
10
14
13
8
7
11
13
13
10
15
14
9
10
6
8
11
4
13
13
10
24
6
10
13
18
16
10
12
15
9
11
6
12
9
9
12
18
20
16
10
24
17
18
11
7
13
12
15
6
9
20
21
15
6
14
13
10
14
17
25
16
11
12
6
20
35
10
13
5
12
8
9
9
15
6
19
15
20
15
5
11
14
8
13
5
8
10
9
8
5
6
16
8
10
9
14
13
13
11
14
8
11
9
10
5
22
15
5
11
8
4
19
14
10
16
17
7
13
7
15
15
10
11
10
4
4
7
26
13
12
17
13
17
8
9
13
9
15
9
8
10
11
4
21
12
7
21
6
5
10
14
5
7
3
9
4
12
8
8
9
8
11
10
9
14
15
10
15
9
18
9
13
17
15
10
22
13
16
15
5
13
