38
39
5
5
62
69
55
48
11
3
12
8
34
20
21
8
52
36
19
18
45
37
19
19
17
13
9
80
15
10
10
50
33
14
51
15
9
8
11
7
45
11
30
10
10
18
15
8
7
70
47
49
23
28
27
10
15
16
15
11
65
19
15
39
33
11
47
31
27
29
54
21
35
16
12
42
44
64
19
47
12
21
14
20
12
22
13
14
23
65
62
9
14
11
7
6
39
10
51
36
26
17
14
13
48
30
32
24
20
18
47
27
16
17
17
9
14
65
22
11
16
28
20
38
8
57
43
18
19
26
15
53
28
13
23
24
20
8
88
29
20
9
42
45
12
65
39
41
36
9
10
13
27
25
14
36
22
11
10
21
8
39
39
19
4
13
10
14
9
14
9
9
16
28
13
15
11
16
12
52
20
16
7
22
15
19
17
11
81
19
63
40
29
14
8
19
18
20
14
10
11
9
8
63
26
17
14
56
24
10
18
9
12
12
7
9
32
11
15
57
7
22
12
13
12
17
7
20
9
11
22
8
44
14
20
21
62
9
14
37
26
14
16
13
45
40
22
19
8
18
10
11
7
13
23
14
49
19
22
17
14
10
49
18
7
9
29
7
9
35
20
16
16
11
56
54
17
12
10
46
6
42
12
27
21
16
65
44
24
29
7
15
6
31
22
18
11
13
8
8
17
10
52
12
7
11
11
17
19
17
27
9
22
8
18
12
10
20
9
32
11
18
27
21
9
7
9
19
3
9
3
28
10
15
11
15
7
6
30
14
15
15
15
15
8
30
23
13
19
25
14
12
8
35
35
17
10
13
14
21
36
11
17
5
17
16
23
16
18
4
4
40
17
32
8
7
13
10
13
5
9
14
40
23
13
59
40
18
12
14
22
7
24
21
12
13
9
29
19
9
18
15
10
18
9
46
13
18
11
33
22
20
14
25
11
27
14
22
9
21
4
22
12
15
12
24
16
24
11
10
15
16
23
5
60
42
21
16
21
22
18
6
48
17
12
18
28
19
13
14
11
8
29
12
46
14
27
14
26
15
13
11
9
13
9
9
9
8
23
53
31
7
8
35
32
14
15
8
22
6
8
14
4
21
8
10
31
40
17
5
4
10
21
17
25
8
13
25
13
6
27
16
23
16
10
6
10
14
14
5
8
21
12
8
15
8
10
13
30
16
19
11
13
23
8
24
13
11
12
10
29
14
28
16
14
15
26
7
19
21
19
12
5
10
31
12
19
9
41
6
8
12
23
17
13
8
6
7
45
11
6
48
25
17
8
11
19
7
13
23
15
13
9
8
7
10
11
9
5
16
14
7
7
14
50
22
42
25
12
9
13
11
8
12
12
14
11
17
6
5
12
12
9
7
11
14
32
30
22
7
7
6
40
18
38
12
10
8
12
10
11
15
6
14
20
11
15
20
28
9
8
13
22
15
23
13
6
11
11
17
9
40
21
15
7
12
9
12
12
9
8
22
18
13
6
14
5
27
8
14
20
15
15
18
21
18
13
9
6
22
19
17
12
13
10
5
8
10
7
16
11
38
12
13
16
12
10
22
28
18
18
15
22
20
10
7
42
14
13
14
35
15
14
18
17
10
8
9
35
21
23
22
8
12
10
11
54
13
12
5
22
19
11
10
9
4
6
6
22
20
20
10
19
11
18
21
9
12
24
11
6
6
8
12
15
10
11
13
13
8
23
7
20
14
15
21
16
5
12
26
14
17
14
10
22
11
12
27
10
8
6
16
31
15
11
13
10
14
10
14
10
16
8
20
8
5
19
10
10
7
35
12
16
16
13
21
9
5
9
14
17
5
8
13
18
10
11
6
32
14
7
15
15
12
21
14
15
45
14
4
8
8
7
15
11
10
9
21
18
19
15
12
13
7
10
9
14
13
18
8
14
4
16
14
10
11
14
8
17
10
5
13
5
20
21
12
14
6
25
23
14
20
9
10
17
23
13
11
26
16
7
11
13
7
20
9
14
21
11
11
13
8
15
17
15
16
5
8
11
17
9
13
7
10
7
18
18
14
16
24
10
11
6
10
8
14
4
5
9
9
17
7
12
7
10
10
8
16
18
13
27
14
10
13
26
7
13
7
8
6
6
8
14
14
9
13
10
6
9
13
12
11
15
9
4
10
11
5
17
17
13
16
16
9
8
8
14
19
12
15
10
11
11
6
6
12
12
8
11
12
7
10
21
10
7
14
19
15
3
8
9
17
17
13
8
12
10
9
9
17
5
14
9
18
5
6
10
11
6
8
