61
17
11
55
28
29
20
19
25
13
46
10
12
59
56
47
11
10
53
39
6
16
8
10
28
7
49
12
24
8
27
12
9
37
15
22
16
12
11
11
5
25
14
76
21
6
74
7
5
11
50
29
8
8
9
9
26
15
18
6
17
8
7
38
11
12
38
32
20
17
22
18
16
28
14
14
7
37
24
24
13
12
60
33
11
13
20
12
21
10
33
7
17
16
15
10
17
13
11
16
42
19
11
7
24
6
40
24
20
18
64
19
25
13
11
12
9
12
8
40
15
16
9
8
12
51
65
7
10
59
11
7
36
18
15
55
13
14
34
31
33
11
47
38
10
37
31
16
7
12
56
15
16
13
16
8
28
33
33
14
9
69
36
30
19
14
9
37
30
15
10
11
9
9
23
24
24
5
3
17
15
11
30
19
32
5
5
28
36
9
48
34
26
17
20
36
16
15
10
18
31
24
15
25
12
5
21
12
9
18
48
42
18
10
61
43
20
14
19
12
45
37
20
20
14
10
41
7
9
3
22
22
17
21
13
65
46
26
22
20
22
11
9
9
50
42
31
21
33
9
10
11
14
42
35
19
11
14
37
14
25
14
8
5
12
35
19
27
17
21
14
9
9
28
9
57
28
24
23
19
15
48
25
14
9
25
20
23
52
21
31
14
11
15
43
20
17
18
7
44
9
74
29
28
19
11
28
9
17
26
15
17
10
10
18
25
36
5
7
11
29
20
15
22
13
8
11
4
48
27
38
30
13
32
33
16
10
20
15
12
6
24
11
18
11
9
14
17
12
40
18
17
18
25
22
18
15
6
9
13
14
9
9
18
16
22
38
16
19
15
25
14
13
12
7
23
15
18
16
10
10
19
9
13
13
10
19
18
44
47
31
14
10
15
13
34
16
12
44
26
25
10
11
49
50
26
17
25
8
10
16
15
24
58
27
15
15
27
18
22
8
16
35
8
19
15
10
12
24
16
12
32
22
6
9
9
10
12
17
13
6
44
15
16
16
12
11
9
36
11
17
12
13
9
11
9
14
24
23
17
7
15
6
32
7
21
14
11
7
10
10
26
13
15
10
38
26
16
9
38
14
9
5
31
10
8
34
6
11
4
13
8
6
7
24
17
15
18
17
6
21
6
15
11
25
9
15
23
32
25
8
5
11
11
25
13
14
14
16
17
9
6
13
11
15
23
24
10
3
11
4
10
8
11
8
7
14
7
13
31
20
10
19
53
10
12
24
52
7
11
9
11
15
9
6
5
8
3
12
23
13
14
6
13
17
15
13
17
7
12
5
24
11
13
30
20
21
38
24
16
6
9
11
5
17
19
15
12
20
9
13
10
7
14
12
28
9
8
19
13
12
18
18
12
14
18
10
25
13
26
12
11
32
33
12
10
10
13
22
18
12
11
26
13
8
23
21
9
15
9
21
16
11
14
16
13
12
5
17
6
7
4
40
18
20
15
11
11
14
20
20
29
19
6
18
19
16
12
11
14
16
44
14
10
21
8
29
7
16
13
14
10
22
20
7
17
6
12
17
8
19
15
4
9
17
12
10
9
7
14
14
19
6
20
13
9
19
11
13
17
8
13
12
14
21
6
8
17
15
7
12
17
10
19
8
27
12
16
14
10
24
11
7
27
16
16
8
31
14
9
24
8
11
10
20
16
19
13
11
16
8
15
11
7
10
15
18
13
13
13
9
12
29
5
18
12
14
13
16
8
7
14
7
14
15
5
7
11
13
7
14
18
18
12
7
13
5
8
21
16
8
14
16
10
8
10
20
14
28
8
12
20
9
11
14
11
15
38
15
16
7
14
14
6
10
5
8
12
16
9
13
13
14
15
15
17
14
8
9
10
12
9
23
9
11
18
17
13
14
8
10
14
5
9
16
23
15
20
20
10
11
11
10
22
13
19
12
11
14
17
14
14
8
11
13
13
19
10
11
12
7
7
18
8
8
11
7
17
11
9
16
5
18
4
13
11
10
7
7
18
10
11
15
18
9
11
11
6
6
8
9
14
18
12
13
13
5
18
13
10
5
7
5
7
21
9
6
10
18
15
7
8
10
7
8
17
40
12
14
12
11
15
6
9
15
8
9
10
14
10
17
4
11
15
16
9
18
10
13
9
21
12
7
9
9
7
11
7
5
27
5
18
13
9
10
11
9
26
10
11
13
8
5
15
8
10
15
11
8
8
12
13
6
7
9
9
11
13
9
3
9
4
13
10
11
10
10
18
17
5
11
13
3
5
13
13
6
19
14
12
