19
12
68
32
18
11
37
17
54
18
8
54
16
10
8
9
34
37
37
12
17
19
36
35
36
22
69
55
25
28
23
14
22
8
9
19
10
56
52
32
15
15
55
22
32
16
10
22
7
48
31
21
12
11
52
44
30
27
19
21
12
61
17
33
7
49
23
13
9
9
24
26
18
41
4
13
51
34
32
9
30
31
12
11
45
14
24
20
12
14
14
7
74
23
14
21
20
9
20
42
15
12
12
21
6
39
9
5
57
34
7
10
4
25
23
10
11
72
15
59
39
23
27
14
16
16
14
42
18
37
24
20
11
12
9
16
64
11
12
22
28
18
69
66
29
10
60
12
19
18
14
16
36
25
14
60
36
58
50
16
53
22
18
14
15
20
15
31
30
56
55
29
35
31
22
10
70
10
28
34
16
14
14
15
21
16
6
22
3
65
51
18
19
20
16
16
13
9
15
11
11
15
23
21
17
12
59
15
19
8
37
8
37
21
23
33
14
30
5
12
26
4
14
10
21
18
16
15
19
22
12
15
14
41
26
24
13
19
10
14
16
14
20
13
23
13
12
16
41
26
33
27
12
14
43
17
17
10
10
22
6
77
60
52
48
17
15
5
27
30
26
17
18
10
6
9
19
40
39
34
38
17
6
9
12
14
23
18
17
21
21
42
31
21
14
11
38
6
9
17
13
7
10
28
15
10
72
5
13
5
4
9
26
15
17
18
41
19
6
17
22
20
14
14
10
25
34
16
5
4
14
20
12
24
6
15
15
12
10
8
28
15
8
32
14
13
5
58
30
26
9
10
4
6
41
29
14
19
10
28
14
11
11
33
12
15
11
19
8
15
9
21
21
10
16
7
31
33
13
6
20
6
47
29
24
20
17
15
15
37
44
39
19
21
25
7
13
9
10
12
32
10
10
42
27
13
20
5
6
12
12
31
34
16
23
11
18
17
33
25
30
18
24
12
6
11
34
34
27
26
9
87
15
11
38
26
11
12
15
26
29
7
18
17
15
46
20
20
28
21
22
18
17
33
17
6
10
11
8
5
29
27
16
17
12
21
11
14
5
24
17
11
34
14
14
16
16
8
6
11
31
10
15
37
21
16
15
16
26
25
12
10
11
9
22
13
9
59
40
20
13
18
12
19
4
19
45
24
19
13
13
7
9
19
19
8
9
18
7
11
11
10
38
27
14
24
16
11
10
23
6
32
11
12
16
18
13
7
13
37
16
17
14
20
9
11
13
16
10
21
14
9
23
11
9
21
20
14
25
20
20
15
21
14
18
10
16
57
20
10
8
6
5
10
29
13
33
11
13
8
15
24
26
7
10
9
6
18
15
13
11
14
16
9
10
17
13
17
4
9
14
18
19
36
8
14
13
22
14
31
19
10
7
29
24
7
17
4
9
7
21
19
8
29
17
5
27
9
16
11
19
13
14
11
14
11
14
9
13
13
14
9
9
10
55
19
14
11
18
11
23
26
14
11
15
11
20
9
36
14
14
14
10
9
15
13
13
14
17
15
20
13
14
27
15
15
24
6
8
15
14
8
11
5
14
14
8
4
16
11
12
29
31
23
4
11
8
8
55
17
8
26
20
27
20
8
14
20
11
13
15
6
3
14
16
15
20
16
16
18
14
12
11
9
6
9
12
22
13
25
21
30
10
7
11
9
13
20
7
14
20
15
7
12
12
13
11
7
9
15
6
17
13
12
11
9
12
7
9
14
5
9
10
11
16
15
10
9
15
18
13
13
8
5
10
9
9
6
16
17
5
11
12
9
7
15
6
17
15
13
12
13
15
34
25
8
24
26
10
24
9
5
7
29
11
8
10
12
23
9
8
6
16
15
10
14
10
19
18
5
25
12
9
10
12
17
13
12
16
16
10
23
8
16
18
13
8
18
10
10
13
7
14
8
12
12
11
13
14
17
16
9
4
9
13
12
33
20
20
12
20
13
11
11
12
19
31
6
8
31
9
13
14
10
9
19
23
9
12
17
12
12
16
6
9
16
9
19
19
10
19
9
3
8
11
12
17
10
16
10
10
12
12
11
11
12
14
13
12
12
12
13
12
9
7
13
13
10
34
23
10
16
19
14
18
22
13
15
13
7
8
8
17
12
6
26
15
19
17
11
5
9
12
7
8
6
15
14
12
15
8
10
7
11
8
14
13
9
21
15
10
11
18
6
11
16
10
20
12
6
14
5
7
7
14
13
12
13
4
10
11
10
11
13
12
12
20
6
13
11
4
15
7
9
8
12
17
7
8
11
