50
7
25
16
9
8
24
14
9
8
12
85
51
42
32
31
18
23
6
77
53
21
83
20
13
7
35
15
13
13
35
19
23
16
61
21
11
41
21
14
11
18
58
15
38
9
18
16
11
26
6
9
81
62
35
19
19
17
38
25
35
4
11
106
46
19
21
20
21
18
14
61
24
32
8
35
24
21
16
10
21
60
53
11
12
22
24
12
45
38
30
70
18
32
12
14
58
43
39
30
24
21
14
11
16
13
9
76
65
46
10
14
14
20
15
65
24
7
30
14
67
25
17
13
24
14
15
59
9
83
15
12
46
8
6
18
15
22
15
12
10
10
7
72
43
22
4
20
6
10
16
11
39
10
19
29
9
16
39
18
44
30
20
16
56
32
45
15
41
23
23
19
14
33
27
49
40
16
21
9
78
19
21
13
24
15
61
34
17
21
78
19
53
68
32
30
33
16
10
53
9
10
82
49
30
8
15
14
10
15
10
9
33
5
42
17
10
14
9
17
6
17
8
21
27
5
11
40
25
29
12
32
9
27
20
7
41
34
25
31
22
35
9
19
9
18
25
12
15
7
28
11
19
25
31
42
22
15
15
9
18
5
44
11
52
35
26
24
21
14
12
13
10
14
46
7
9
9
74
6
19
10
23
11
5
39
10
6
18
4
45
17
73
34
15
10
10
10
7
4
5
13
11
9
6
26
21
8
25
14
10
8
17
25
12
15
9
37
17
66
38
49
36
14
11
13
11
22
14
38
14
16
16
6
36
41
11
7
16
3
8
7
14
18
14
45
46
28
20
18
13
47
7
12
41
17
33
35
17
15
9
15
21
16
18
18
10
14
41
9
16
11
54
11
6
5
9
26
9
8
9
10
10
39
13
15
12
19
16
9
36
23
8
47
18
10
14
51
5
24
16
43
22
55
15
13
61
9
16
13
10
43
48
5
78
24
13
15
18
12
26
15
26
12
8
31
29
12
13
14
26
15
13
9
8
13
14
28
36
10
16
12
11
12
32
15
18
11
31
16
77
21
13
15
44
26
19
6
19
7
16
30
21
21
18
17
7
26
14
13
22
10
11
24
8
17
11
8
7
9
6
10
6
32
30
36
15
11
13
32
4
36
16
13
17
26
13
6
7
30
19
9
30
16
11
30
16
16
25
18
14
15
16
11
6
59
12
18
20
13
13
15
8
24
20
31
22
13
10
17
21
10
10
14
36
18
16
11
13
32
9
12
11
32
11
13
10
15
12
10
53
13
7
9
46
15
8
12
24
12
4
11
4
12
7
13
10
22
17
12
8
12
33
5
29
16
15
13
8
10
8
48
25
18
29
13
19
14
21
19
15
9
40
31
11
39
7
13
12
10
9
32
5
42
25
10
13
11
28
21
13
32
29
30
28
18
6
20
6
17
8
15
15
15
18
7
10
14
45
7
21
11
12
11
22
21
8
14
5
20
21
9
13
9
7
6
8
10
8
13
18
11
10
28
26
12
12
20
15
18
17
30
16
20
9
14
12
8
17
31
9
12
10
37
26
15
16
53
24
16
14
18
10
16
17
7
21
15
14
9
18
16
9
11
11
10
21
17
16
10
7
14
18
16
11
29
10
8
8
8
16
12
5
9
31
13
5
7
9
13
19
10
10
8
10
17
13
11
9
21
13
5
9
15
6
11
17
12
36
12
13
13
32
14
14
19
12
12
28
12
11
9
8
14
3
20
17
11
11
20
41
14
12
11
10
18
61
19
9
10
6
14
16
23
13
17
15
10
6
23
27
13
12
6
13
16
18
12
17
10
11
13
4
15
14
10
16
14
13
17
23
13
8
5
14
18
16
22
18
10
11
12
13
14
9
12
26
17
11
12
8
4
10
13
15
7
11
13
12
5
7
17
15
11
13
11
12
9
15
16
11
6
16
13
16
13
18
10
8
17
9
15
7
15
10
10
17
14
13
19
11
12
11
3
11
9
12
21
15
46
6
9
13
10
17
11
11
7
7
12
15
9
6
14
10
20
20
12
20
13
10
14
15
10
21
11
10
18
10
17
7
8
11
9
25
15
9
5
9
11
27
12
14
29
7
23
11
10
19
25
15
10
11
11
7
11
12
11
10
9
6
11
18
10
21
19
19
4
19
19
10
10
8
12
12
9
14
12
13
12
15
15
13
9
13
12
10
16
11
8
11
18
6
11
19
10
20
13
3
7
13
11
8
13
8
3
11
13
14
7
14
14
13
12
13
12
14
16
10
15
13
15
12
11
8
16
11
8
12
11
