39
11
15
8
52
61
36
29
10
68
44
31
36
24
16
34
16
16
54
17
9
35
16
70
13
51
31
27
17
8
14
14
83
31
13
13
65
9
14
48
27
47
25
21
11
13
14
41
16
19
14
18
17
13
18
57
30
18
23
12
59
25
14
13
20
11
84
6
64
18
13
12
12
16
61
12
12
13
65
33
21
62
42
16
18
18
33
18
26
25
10
17
81
35
37
7
58
31
10
34
6
9
8
25
8
38
33
10
34
24
5
73
11
16
9
77
29
26
13
32
20
7
51
22
11
11
34
8
9
19
9
61
29
18
17
34
10
41
14
65
10
49
15
11
16
35
13
33
48
10
23
23
7
10
13
71
36
6
5
11
14
10
22
7
36
35
17
44
19
18
12
12
5
45
10
12
65
47
13
15
17
6
29
22
24
16
11
13
17
32
10
15
8
13
15
11
20
18
16
8
6
45
7
20
29
13
59
12
48
17
26
24
10
17
17
5
9
62
44
28
18
14
38
27
13
10
31
15
13
11
50
56
46
46
27
22
27
32
12
10
55
57
47
11
13
3
62
8
10
15
13
7
21
16
40
9
38
25
20
12
14
19
8
76
15
12
26
15
7
13
7
10
7
59
30
20
23
26
18
16
16
44
62
14
9
16
12
10
10
11
13
54
31
16
17
64
58
14
13
12
4
5
16
15
31
27
24
25
14
21
52
30
24
24
18
13
61
19
21
12
16
16
5
16
18
19
21
15
11
7
20
24
15
15
12
7
36
6
9
16
8
21
15
9
8
19
23
13
22
18
10
4
34
6
21
13
9
9
13
8
12
17
13
67
27
20
7
21
11
70
19
24
33
5
8
5
5
28
13
11
12
7
43
8
6
34
21
19
13
18
12
7
40
11
13
29
16
13
13
10
22
7
9
6
8
65
47
20
17
11
11
16
17
13
57
12
13
34
19
9
20
13
11
8
10
8
11
37
54
15
16
15
8
30
18
9
10
10
5
49
10
16
72
20
18
11
6
6
26
51
4
20
26
9
7
12
33
35
11
12
8
18
14
12
8
14
7
23
7
19
18
20
18
5
7
10
56
22
15
20
11
19
7
19
19
16
19
21
19
15
33
12
20
14
18
13
26
16
14
17
8
7
25
8
37
12
70
12
6
14
10
6
7
42
23
21
15
17
14
16
25
18
12
47
18
7
13
20
20
15
7
14
9
12
6
16
32
20
20
10
48
13
16
19
7
13
50
11
21
15
14
11
41
22
12
12
13
7
8
17
10
14
18
8
42
13
14
6
9
22
27
19
6
23
17
24
20
19
10
49
26
14
33
16
22
8
25
9
9
33
13
4
6
15
32
14
33
12
12
8
12
18
9
21
16
7
11
15
12
6
13
6
11
10
8
4
9
8
17
12
9
10
10
9
9
6
24
11
12
18
9
11
17
14
9
24
7
10
14
8
12
13
7
11
17
12
12
18
9
7
17
18
29
22
14
13
10
21
5
14
15
16
9
18
16
13
11
19
13
12
15
13
33
19
14
12
9
14
12
7
11
43
12
10
11
15
26
13
15
29
7
7
11
23
17
34
15
9
9
22
8
7
31
18
5
8
13
32
13
27
16
21
21
7
17
15
14
5
27
8
14
22
9
20
12
14
9
15
14
13
18
11
11
12
12
9
11
27
35
14
7
24
30
10
10
22
11
9
29
18
11
9
10
4
8
39
28
10
6
14
18
11
12
7
10
8
18
11
12
8
10
23
13
15
23
8
6
8
15
23
30
11
10
7
15
12
10
7
13
15
13
11
6
15
12
13
13
12
7
10
17
42
5
6
10
6
11
20
11
8
18
8
21
21
20
10
11
16
14
10
41
12
20
17
12
5
10
14
16
41
35
10
17
19
9
11
5
6
5
14
14
13
6
17
13
11
13
6
25
9
14
16
8
12
15
12
13
9
17
12
11
14
11
9
11
6
14
10
10
11
14
21
12
15
29
13
12
13
10
9
13
19
14
14
16
9
10
16
6
10
6
13
11
11
7
11
16
13
5
9
16
39
10
16
11
7
7
11
18
8
13
14
14
6
15
10
17
13
7
27
17
9
13
11
14
11
11
21
22
9
5
9
21
5
13
7
8
28
12
13
14
6
5
8
13
6
18
7
13
6
12
20
22
11
12
15
6
9
10
9
13
5
10
16
12
7
20
6
8
13
10
15
15
13
5
15
6
11
11
19
12
14
12
5
7
13
11
9
5
15
13
8
9
8
8
5
12
9
8
9
