59
31
12
19
12
85
15
12
4
29
17
31
27
13
11
8
51
31
21
81
51
22
10
20
23
13
14
35
28
19
17
9
46
12
33
12
6
22
9
35
5
29
11
5
62
36
29
25
21
24
16
20
47
28
8
27
26
7
5
44
30
10
9
16
40
32
13
19
53
27
44
29
24
9
71
47
9
12
27
10
57
72
26
24
19
7
70
12
45
41
32
12
18
15
56
68
59
57
12
11
30
25
16
11
9
23
12
7
18
13
6
14
55
32
13
13
13
81
5
28
12
18
14
16
8
8
40
11
4
34
20
43
27
26
10
54
17
52
33
19
14
15
8
27
14
37
13
15
40
11
25
14
18
15
12
14
10
22
20
11
11
15
14
24
13
14
15
12
24
12
9
27
26
19
14
14
12
10
27
9
30
32
3
68
27
8
73
17
5
25
81
27
41
24
9
12
23
30
8
22
9
7
12
10
15
11
6
10
7
59
33
20
23
17
16
19
8
5
69
56
39
17
13
13
37
25
27
17
15
18
17
62
30
28
20
31
24
22
12
11
34
11
10
52
28
35
8
8
14
6
10
7
38
27
31
20
4
13
7
15
10
66
38
31
8
70
14
22
14
5
11
12
12
13
14
13
50
29
14
20
27
12
17
11
37
13
33
8
11
18
44
15
13
7
36
8
41
9
17
7
8
4
11
10
17
52
15
14
32
43
24
39
16
12
11
5
6
54
27
19
9
12
5
28
48
5
26
6
7
21
17
27
16
40
36
24
23
12
12
8
12
49
19
17
13
16
13
11
19
9
38
21
27
20
19
42
8
10
42
16
25
16
14
11
17
7
63
20
24
15
6
29
10
15
24
21
20
21
29
8
9
11
39
56
13
39
24
10
64
19
27
13
20
20
25
17
9
13
9
20
15
27
17
9
7
14
14
6
5
27
24
8
11
19
13
29
18
30
7
7
4
10
13
9
14
12
4
31
19
10
11
22
15
11
17
6
81
38
3
34
36
20
17
11
18
29
11
32
11
13
6
23
17
17
14
19
10
86
48
12
9
40
23
25
19
20
17
17
16
17
12
35
10
13
19
13
27
10
31
15
10
21
7
8
6
10
35
18
18
15
7
31
17
9
15
27
10
4
8
16
20
13
17
12
26
10
18
36
10
25
5
35
8
13
28
28
12
58
8
25
12
9
7
27
24
18
5
9
27
9
14
39
21
12
10
8
13
22
27
7
67
14
13
10
11
11
37
6
30
21
16
24
20
8
6
8
14
14
10
23
11
14
20
18
18
24
9
49
16
15
5
10
9
9
30
6
15
16
18
8
12
21
19
17
16
50
28
17
27
12
14
16
22
13
3
12
30
19
13
11
10
4
22
17
16
5
14
17
11
16
8
5
17
17
14
19
12
9
29
11
25
13
14
17
4
13
20
19
12
36
14
17
13
14
12
4
24
19
17
27
22
23
16
14
16
24
20
21
13
9
12
23
15
19
26
21
19
17
14
13
25
18
19
12
14
12
25
19
18
12
36
8
10
13
20
10
12
66
7
7
8
9
7
12
32
14
15
12
3
12
19
12
10
25
7
9
8
5
13
10
14
12
6
11
11
10
12
14
8
34
7
9
11
9
42
12
12
9
5
21
5
8
8
12
13
9
5
12
14
9
9
12
9
11
16
21
15
13
19
7
14
22
13
12
16
9
16
35
30
17
16
10
30
13
26
17
15
6
17
7
18
13
42
7
9
20
6
11
20
10
12
14
10
16
12
16
9
35
16
13
20
12
14
7
14
7
11
7
13
26
17
18
21
19
17
20
19
21
5
8
5
22
8
17
21
10
14
25
17
16
10
13
8
10
6
20
18
21
9
14
16
20
13
19
14
12
7
9
25
9
11
13
9
10
8
4
17
24
14
15
11
14
13
17
9
7
14
16
13
8
11
11
7
15
23
21
9
7
13
5
15
11
19
12
7
7
7
9
12
9
9
14
20
7
9
12
5
17
12
29
15
15
8
21
18
12
14
11
14
19
12
8
19
25
13
9
15
12
9
19
13
5
11
11
10
14
10
13
14
10
4
6
10
11
14
7
4
4
4
22
4
7
18
19
11
11
7
17
12
8
7
8
15
10
9
15
16
15
24
15
11
11
13
10
11
11
7
8
17
6
10
9
14
18
15
7
20
13
14
18
14
7
21
11
6
22
17
11
6
14
9
17
16
4
9
11
14
10
9
16
6
8
9
9
7
8
14
21
17
9
13
11
12
7
19
12
7
12
12
9
