45
18
16
13
8
76
41
19
25
23
10
19
27
18
5
9
35
24
20
11
7
9
9
10
8
69
68
20
18
17
12
11
11
14
63
71
36
23
19
14
63
12
15
45
22
30
12
15
9
6
36
32
16
12
23
11
20
14
60
35
16
9
29
14
23
13
17
20
10
21
10
48
31
30
21
12
18
11
12
33
20
12
9
13
86
48
44
18
25
16
7
17
12
14
24
19
14
11
13
80
11
46
39
16
11
29
23
24
13
48
22
13
67
13
16
8
58
32
26
11
18
9
36
27
29
21
9
7
12
5
29
18
32
12
5
47
11
27
26
46
29
10
36
8
47
36
46
39
16
20
12
20
20
9
16
8
73
34
7
83
36
18
21
13
12
6
8
13
9
7
16
26
36
25
26
18
14
51
30
24
14
16
7
41
37
27
20
28
16
18
15
43
36
24
26
12
29
21
14
26
15
10
5
51
13
7
10
50
5
6
19
10
34
22
21
12
38
11
49
26
17
16
41
10
62
16
18
7
9
26
20
18
40
30
33
16
11
47
19
25
20
9
14
8
9
10
56
10
8
4
34
20
25
11
55
19
22
19
16
13
10
29
5
17
9
63
36
21
12
4
21
24
14
20
29
60
52
38
9
12
13
9
13
46
16
12
22
14
8
5
7
12
17
6
43
9
10
46
40
19
15
11
4
34
40
8
8
8
5
24
7
27
20
14
10
11
12
36
32
13
54
42
17
18
17
14
17
16
12
21
12
17
8
47
9
10
12
9
10
36
16
7
7
26
25
20
11
18
9
6
75
7
18
37
11
11
33
20
35
25
17
12
16
21
17
7
22
20
17
48
23
39
26
21
8
36
14
9
15
32
24
8
9
16
13
20
15
28
31
34
18
17
31
12
8
11
16
14
14
10
24
25
28
18
42
58
29
5
12
12
10
13
16
17
6
38
11
30
28
33
17
15
27
15
16
22
21
8
20
21
22
8
60
23
14
13
10
35
18
21
16
13
14
19
18
20
17
58
11
12
19
11
9
8
8
12
47
26
19
17
20
12
10
5
38
12
7
9
31
24
10
11
14
9
9
7
11
10
7
21
3
19
11
8
22
13
34
21
18
22
17
12
10
13
16
38
9
4
11
11
12
28
10
4
15
42
12
10
27
14
32
24
9
13
26
5
10
18
20
43
25
23
13
37
29
14
6
6
12
6
14
7
9
9
11
13
18
19
12
5
10
10
39
55
25
26
17
9
14
16
11
10
5
17
21
20
18
9
21
13
8
11
5
30
18
11
12
10
20
10
13
9
12
23
24
17
7
28
17
11
7
35
23
9
10
7
38
16
11
10
16
9
26
5
21
3
10
7
23
8
5
7
7
8
6
11
13
14
8
15
11
16
12
10
29
18
8
25
15
17
16
15
22
18
16
13
15
22
6
11
10
15
9
7
19
8
19
7
31
22
8
19
7
39
20
17
7
8
42
25
23
9
21
5
13
29
19
16
6
31
17
18
14
12
19
14
22
16
13
14
17
17
17
16
12
15
24
27
12
11
13
17
9
26
18
11
14
9
24
9
8
7
13
10
6
15
6
24
9
6
12
40
11
31
8
20
9
21
11
9
15
28
26
14
11
7
21
12
8
5
21
13
7
13
15
13
14
11
19
26
17
7
19
17
9
16
12
12
9
6
5
9
9
26
5
18
16
23
6
12
11
8
15
13
10
21
9
12
7
11
13
13
9
5
13
20
10
7
9
12
10
16
16
13
12
11
4
40
13
12
11
12
17
17
21
15
13
11
11
10
15
52
22
12
5
10
8
15
15
16
5
17
4
14
7
11
10
11
16
10
7
14
4
21
31
13
14
7
10
8
10
6
16
13
8
4
11
22
13
6
10
9
13
7
17
9
11
14
9
14
7
9
7
32
27
26
10
17
13
14
23
13
19
12
13
12
22
9
9
18
21
6
8
22
19
13
11
19
13
14
17
10
10
13
19
17
6
4
17
16
18
17
16
13
10
13
19
9
12
11
10
6
11
12
8
15
10
7
7
16
15
11
13
11
8
8
14
19
18
15
7
7
14
11
26
11
7
13
19
15
18
8
10
7
16
21
13
9
21
13
11
14
6
12
20
10
28
20
17
9
8
12
8
7
29
8
19
14
10
17
9
24
10
14
15
9
16
18
11
17
13
8
10
10
8
7
14
22
11
12
10
11
7
10
12
13
7
5
10
15
13
15
10
8
11
24
6
16
7
11
9
9
8
17
13
22
8
15
11
12
