20
11
30
30
44
58
11
21
15
35
19
17
10
36
7
43
20
4
27
9
12
34
12
10
41
11
8
16
53
35
57
60
54
43
53
21
19
28
22
71
15
9
16
8
7
20
8
16
15
13
14
9
39
26
26
21
14
26
13
23
15
42
34
20
19
38
12
79
17
9
15
11
40
66
15
61
50
17
11
10
58
44
13
17
19
12
44
34
23
20
11
16
9
32
8
29
20
27
18
89
37
16
14
11
9
27
24
22
16
18
11
19
13
16
8
62
11
33
30
34
22
27
23
7
17
12
24
12
15
8
5
21
16
31
15
33
28
5
34
11
60
10
10
59
51
19
16
15
15
14
32
17
8
11
14
17
19
50
38
26
19
29
23
70
45
43
11
16
14
30
20
17
15
13
13
44
23
25
12
20
15
62
38
26
19
14
22
19
14
52
3
66
50
10
62
49
24
19
16
20
9
81
36
50
32
26
23
16
13
11
23
11
6
65
38
26
22
15
9
7
6
51
11
12
12
20
21
17
13
4
43
17
8
12
26
8
16
15
10
19
12
73
20
16
12
11
12
4
8
5
9
11
43
37
20
15
52
27
9
35
15
30
22
21
33
30
16
17
4
6
15
11
37
27
4
12
49
18
12
32
17
14
13
7
14
13
19
20
16
16
13
44
22
27
22
15
20
9
29
58
15
18
40
20
13
41
30
13
20
11
12
27
9
27
10
6
29
18
21
7
9
25
19
10
18
13
9
8
30
14
14
17
26
34
30
7
55
31
39
18
13
10
14
4
12
50
17
12
7
95
40
24
13
13
12
82
30
19
15
63
56
25
26
18
15
8
10
25
74
53
18
20
20
18
10
11
6
32
19
14
8
16
14
20
18
6
10
30
26
10
13
12
19
22
11
12
43
26
20
18
18
6
62
36
33
27
27
24
15
16
8
17
6
20
36
29
32
30
16
17
13
54
14
10
19
30
8
8
14
25
10
34
37
16
20
19
10
50
15
18
14
53
15
59
37
26
18
12
18
15
7
11
28
18
21
5
12
18
12
18
8
15
19
6
33
50
6
22
6
25
8
6
25
19
17
16
19
43
8
50
18
12
35
20
15
9
8
5
8
12
9
62
18
21
8
12
14
9
6
9
14
31
13
10
8
17
17
11
10
23
10
11
10
26
21
27
22
15
11
7
13
12
19
23
19
16
14
26
35
37
14
13
12
17
24
32
16
15
26
23
25
10
8
18
39
15
15
26
24
14
9
35
24
20
15
15
12
8
4
11
27
18
37
19
11
5
9
10
15
15
8
7
5
17
10
12
12
16
11
10
7
19
27
13
32
6
8
8
9
19
12
59
11
18
12
20
12
15
9
26
16
12
16
12
16
15
12
32
27
4
7
8
22
14
14
9
9
9
23
22
17
17
19
10
9
34
21
15
21
8
5
27
10
12
35
5
9
21
15
17
37
6
12
24
10
11
19
7
17
15
14
10
11
9
18
24
9
21
20
5
14
20
13
16
32
7
4
15
10
29
5
23
24
10
22
24
18
12
10
23
11
18
9
7
24
13
24
9
12
10
10
13
12
21
10
17
10
4
18
13
14
10
9
8
4
14
16
13
24
19
16
10
21
12
13
7
18
16
24
15
12
21
15
8
29
7
17
11
11
20
27
13
8
4
13
23
9
25
21
13
16
13
8
15
17
10
7
11
7
13
21
10
5
19
29
26
7
11
20
6
12
18
9
16
22
8
21
8
19
12
11
11
11
11
15
11
3
7
10
14
10
14
17
13
15
12
11
10
12
15
12
36
16
17
8
10
13
8
23
18
14
10
27
15
11
14
10
16
13
15
16
13
8
39
29
13
7
10
11
7
6
10
16
19
17
16
7
18
21
15
17
18
4
18
16
16
9
10
10
12
14
14
6
10
3
7
5
7
11
19
16
17
10
12
7
9
9
10
21
17
22
7
6
19
7
7
8
8
13
13
16
7
16
11
16
25
11
33
13
17
17
13
6
6
6
18
9
16
12
7
8
26
10
15
15
20
14
4
4
14
6
12
5
21
21
18
10
11
10
17
9
11
16
11
7
20
14
11
11
13
10
4
17
11
15
6
15
8
18
10
13
8
18
6
10
8
21
9
21
5
10
13
9
8
12
10
8
10
4
10
13
9
12
10
13
16
14
8
15
9
15
13
14
11
16
14
5
14
20
13
16
12
18
11
11
10
12
15
7
17
22
15
10
12
13
17
7
8
10
11
6
12
7
4
12
5
14
11
12
12
