67
58
33
21
15
12
9
12
58
61
22
19
9
14
7
9
39
6
44
52
21
24
10
83
60
30
26
26
14
18
13
30
31
19
17
18
8
52
16
22
7
13
57
20
17
17
21
10
59
28
15
12
8
13
84
57
23
42
25
21
20
10
14
36
10
10
7
85
18
69
18
10
17
37
14
12
15
58
6
51
31
66
28
14
19
22
9
62
22
22
22
12
11
8
11
54
28
36
17
15
35
36
11
11
6
18
8
9
25
20
20
13
59
26
20
15
14
47
41
42
15
11
15
9
38
15
36
21
11
15
43
21
10
7
22
19
20
23
10
33
23
15
13
8
33
8
6
13
74
83
40
36
16
8
23
24
14
13
13
45
14
36
27
17
7
34
5
47
29
16
12
27
10
57
36
24
20
11
22
12
36
11
7
31
25
17
12
9
10
27
18
7
37
3
9
5
11
12
17
17
15
12
7
13
10
7
10
9
26
4
49
12
13
12
19
9
5
12
12
20
54
29
16
13
8
57
10
52
23
34
23
29
22
8
23
31
17
8
8
6
24
5
12
24
38
21
13
95
12
17
9
27
24
9
7
29
28
33
39
9
48
27
18
8
20
19
19
20
10
10
13
8
23
6
11
38
26
8
12
11
6
14
17
4
46
14
15
10
8
18
9
15
11
61
23
11
50
12
16
39
6
53
15
19
50
13
36
41
22
18
21
12
16
13
54
49
61
33
10
12
51
12
14
12
17
11
4
9
14
8
14
21
15
13
21
21
59
33
19
11
14
15
16
9
8
49
15
11
18
13
8
10
33
45
33
36
20
33
33
15
13
7
27
16
18
8
18
19
25
15
14
14
18
13
14
25
5
8
40
21
12
10
10
21
11
8
14
25
16
12
56
33
6
60
15
33
16
17
9
41
14
28
20
13
13
13
59
21
46
29
12
10
22
10
10
8
17
21
4
17
4
8
6
7
11
12
9
35
34
17
16
29
17
13
28
40
6
9
8
13
10
9
41
18
16
12
15
17
11
6
41
31
15
24
16
48
12
11
16
10
6
19
10
27
11
12
8
15
20
14
20
6
11
26
11
10
7
9
12
14
10
26
12
10
10
44
17
14
31
11
12
14
7
34
11
15
19
20
16
13
22
18
7
33
13
58
45
32
6
25
29
14
26
7
10
7
12
15
14
33
36
17
11
13
17
10
8
36
8
9
8
36
13
12
31
12
45
21
23
14
30
9
9
43
15
21
7
16
18
15
8
8
23
14
13
7
10
20
12
12
12
8
7
9
26
8
13
20
4
9
15
9
14
7
26
7
16
14
13
10
14
24
15
22
8
13
7
15
4
17
11
13
18
15
13
16
15
13
7
23
19
32
28
15
10
10
23
6
18
30
17
6
30
19
10
18
14
10
12
44
13
17
19
18
7
8
8
7
12
15
29
14
49
13
9
22
12
23
20
8
10
34
14
14
27
20
39
5
4
6
18
15
10
37
14
13
8
14
8
13
25
6
7
27
9
7
7
13
20
8
3
9
7
9
27
31
14
24
16
20
8
8
4
8
8
23
18
12
19
12
20
12
8
19
11
8
11
8
15
4
9
17
17
10
21
26
9
12
7
18
4
8
15
5
27
17
18
5
33
16
12
9
8
24
17
10
8
23
14
24
14
13
12
9
10
13
11
8
8
11
25
14
11
15
17
7
42
9
9
14
13
30
8
11
18
14
3
13
10
21
8
8
18
13
15
12
11
16
8
11
7
13
8
20
16
12
12
15
9
6
5
10
6
12
8
28
14
20
10
22
16
17
14
16
9
10
17
17
14
16
8
5
20
5
14
10
5
20
8
15
18
29
10
11
9
21
6
14
13
42
18
14
15
3
7
12
6
15
7
29
9
12
5
22
12
10
16
15
9
11
5
8
16
19
13
15
16
21
19
7
33
13
7
12
7
16
11
27
6
11
13
19
8
5
7
6
6
17
9
11
9
11
14
19
6
9
7
25
14
7
13
17
10
11
11
14
16
4
7
13
8
8
9
8
10
33
13
11
13
16
20
12
14
6
7
22
6
7
11
12
4
18
10
11
9
10
12
5
16
21
16
9
13
4
8
3
15
22
16
15
12
11
9
13
18
4
13
17
6
11
19
15
5
13
5
9
4
9
16
17
13
12
16
7
10
10
9
11
21
12
8
6
9
7
7
9
13
5
12
10
7
6
10
20
16
14
13
6
25
11
6
8
7
7
8
15
7
14
3
13
10
8
6
11
19
21
17
7
6
16
