16
14
8
8
13
6
6
25
19
70
25
10
16
22
11
58
12
8
36
6
53
9
61
26
15
5
11
9
61
20
7
39
18
15
6
15
50
37
23
15
21
15
13
18
11
36
4
25
32
12
13
17
9
47
50
27
32
59
48
26
8
9
7
22
12
66
39
7
52
18
15
7
21
11
50
21
17
18
35
21
14
45
10
52
24
26
14
13
12
5
47
10
9
15
11
30
8
9
15
16
7
29
13
27
15
11
53
18
14
8
46
17
30
3
59
20
22
4
52
61
18
20
13
15
21
21
12
8
36
10
10
18
22
21
10
8
80
70
77
56
34
17
14
32
38
23
13
15
16
73
14
38
11
37
19
11
8
35
17
15
17
7
17
8
21
11
49
40
28
18
18
15
20
11
11
28
4
20
5
42
47
35
31
34
23
15
19
71
9
8
33
20
18
29
21
11
10
78
29
20
13
61
15
12
11
35
31
18
15
4
29
11
50
35
19
13
16
9
11
14
6
20
42
27
19
10
18
24
33
14
17
22
43
23
5
32
16
13
8
9
10
9
6
43
21
24
18
15
11
10
14
24
6
12
33
46
14
13
31
14
13
6
28
19
62
19
15
11
14
40
14
10
10
33
10
24
8
7
26
4
14
50
39
12
15
15
8
63
8
8
11
10
29
8
19
6
16
14
13
20
19
46
19
18
18
26
8
23
10
11
17
26
5
26
11
13
6
50
11
42
21
38
16
23
20
22
13
16
13
12
14
28
29
27
16
17
29
25
7
6
28
15
12
21
14
11
12
48
8
32
12
20
18
18
14
13
21
20
15
12
10
18
17
13
17
35
18
6
18
3
4
13
26
20
12
17
12
69
22
20
13
28
34
34
13
12
28
19
30
25
21
19
15
30
28
16
14
12
30
14
11
16
16
10
36
30
29
15
17
4
25
24
9
5
52
42
11
11
17
10
12
10
8
30
29
19
21
13
11
13
35
23
21
9
8
35
20
8
13
11
51
15
45
28
13
16
9
15
22
33
28
13
10
25
18
19
49
15
14
5
15
10
23
10
21
15
10
9
19
10
7
14
15
16
10
23
8
10
22
19
7
9
9
6
17
16
9
20
10
12
16
29
6
8
19
11
7
24
24
12
14
7
14
40
17
19
10
18
7
17
5
12
22
28
30
24
19
16
9
8
26
5
8
12
42
5
25
14
9
21
10
7
34
28
7
12
12
12
13
17
10
11
6
9
14
16
17
3
6
14
11
10
11
8
10
10
8
9
36
14
10
30
14
65
24
30
13
6
12
16
6
16
27
8
11
24
16
14
21
19
17
13
32
12
12
25
14
19
17
10
41
10
11
11
17
10
26
17
10
24
21
8
7
14
8
6
15
6
36
9
38
20
20
7
16
12
11
13
17
6
10
8
29
11
11
19
19
13
18
23
17
11
10
20
20
15
26
19
15
8
6
9
9
20
8
23
15
12
6
15
10
22
21
12
9
9
9
10
25
10
18
14
23
5
12
22
29
22
11
10
15
8
10
5
15
11
17
9
9
24
8
18
40
20
9
9
6
30
9
10
15
42
17
10
7
16
13
5
8
12
7
13
4
22
12
13
9
5
19
9
7
12
23
17
23
14
11
14
10
7
37
14
18
5
7
30
8
5
14
7
15
19
22
7
17
11
9
4
12
14
7
9
14
8
5
13
7
6
12
14
13
16
15
21
13
16
7
15
3
16
18
36
17
8
14
20
12
9
32
23
29
15
16
20
14
5
15
28
5
16
10
20
13
7
7
16
7
7
12
5
6
5
29
14
13
15
14
12
12
15
5
15
5
12
22
12
18
5
17
12
6
11
16
6
21
13
6
10
7
22
9
8
17
8
12
11
9
9
6
19
13
22
10
20
12
11
8
15
11
10
6
6
11
10
17
11
6
13
9
11
8
8
14
11
14
11
11
10
14
8
7
7
18
21
10
7
8
12
14
23
15
15
10
14
12
14
17
12
15
16
8
9
9
22
16
7
17
17
11
10
19
13
12
9
9
7
8
19
11
18
5
10
8
11
16
20
13
4
12
6
6
13
10
22
6
29
12
14
8
9
6
21
14
4
8
12
12
9
17
12
20
9
4
9
21
10
11
12
12
8
6
9
12
12
18
9
7
19
20
16
9
10
12
8
22
10
11
9
5
13
14
16
12
14
10
13
13
8
8
5
11
10
12
15
9
17
8
11
9
10
18
9
12
7
12
12
10
6
19
9
6
19
14
14
15
9
6
4
3
12
