18
13
23
95
43
25
14
18
10
54
12
59
48
13
23
17
10
13
80
49
28
23
17
22
23
12
33
23
19
17
17
14
16
41
38
38
14
19
14
20
12
43
12
11
6
8
23
9
16
21
12
28
18
12
17
13
14
68
35
11
12
44
14
46
57
21
37
7
57
8
11
12
7
101
35
24
13
13
51
28
11
48
16
24
25
10
20
16
5
16
11
40
53
10
15
7
17
98
63
28
21
18
11
10
48
16
15
16
60
14
31
17
8
10
7
15
68
14
40
37
17
25
20
18
12
25
13
25
7
30
12
11
6
33
14
21
18
23
18
9
8
72
27
23
16
10
36
7
12
31
7
38
15
12
20
15
77
16
11
9
10
20
12
34
31
31
22
11
19
26
9
24
6
13
14
14
7
8
14
10
19
14
20
16
13
21
27
12
65
35
22
57
18
23
61
41
31
17
12
10
67
5
17
64
53
10
10
12
35
34
12
24
8
7
9
10
19
18
12
12
81
46
41
15
35
13
50
15
25
7
15
28
18
61
30
21
14
11
16
38
17
11
8
10
8
20
36
8
8
7
24
9
40
11
11
8
31
22
12
20
15
5
13
64
48
43
22
20
21
10
10
7
10
28
21
9
10
13
74
25
7
10
18
12
19
4
11
9
20
12
12
5
37
29
9
32
10
22
9
38
17
10
10
67
23
21
19
36
29
5
7
5
52
14
17
18
18
28
11
10
6
13
30
16
44
25
20
34
58
37
21
19
15
15
41
16
40
28
21
21
42
40
14
20
11
44
29
14
9
61
60
48
33
14
47
28
17
10
11
9
9
13
5
7
19
15
10
12
8
12
7
6
16
30
43
15
27
22
21
11
7
10
12
4
7
12
20
30
17
11
22
16
22
17
19
13
50
10
6
34
49
18
17
42
14
16
21
20
8
22
31
36
26
7
14
13
18
24
17
6
4
6
7
5
20
19
16
4
21
14
23
15
10
15
17
12
9
3
23
21
9
34
31
14
9
14
9
27
8
8
15
12
11
21
3
7
29
46
15
8
12
22
18
19
7
17
31
10
23
13
17
16
11
16
20
14
9
22
26
20
11
7
18
14
14
10
14
11
15
31
13
13
19
24
10
17
19
16
16
16
30
41
11
12
16
47
5
12
19
17
23
10
16
12
7
18
8
20
16
12
10
9
21
6
20
31
7
6
10
25
13
35
35
9
9
18
29
21
11
44
30
27
12
7
21
11
25
20
17
26
20
23
17
10
14
22
22
16
7
11
10
14
6
16
18
9
13
19
22
8
17
5
15
11
28
23
16
6
11
6
8
11
14
18
23
13
11
40
13
13
37
8
8
63
16
29
32
26
12
12
14
27
9
8
15
43
28
12
40
15
17
23
5
30
21
20
15
20
33
8
20
29
12
16
8
19
12
16
7
30
8
10
13
19
9
10
5
10
15
8
15
28
14
7
24
9
13
29
8
10
31
6
13
22
7
13
8
9
12
11
8
7
19
21
16
7
18
13
15
14
3
14
6
8
11
11
10
10
12
5
13
11
10
10
13
9
18
15
24
12
7
13
15
20
15
12
12
29
8
9
22
11
21
11
9
14
12
17
14
14
12
10
19
16
12
7
15
13
13
11
13
18
8
11
9
10
16
27
6
26
16
13
19
17
4
5
16
14
21
12
9
12
17
8
22
11
7
12
13
14
22
23
14
11
15
8
9
18
6
28
10
23
10
5
13
7
16
13
15
20
10
12
21
10
15
28
16
23
18
14
7
13
12
15
9
9
13
14
12
9
11
14
14
9
12
12
8
15
9
15
11
7
10
40
19
12
12
12
13
11
12
11
14
20
14
14
8
14
15
8
16
10
13
12
11
10
16
12
10
12
9
12
10
21
9
6
7
16
11
12
12
19
16
15
8
14
8
14
9
6
9
14
8
20
18
13
9
8
19
20
6
21
20
8
10
11
5
12
14
7
15
17
8
6
11
9
12
17
13
15
18
19
9
8
3
8
19
18
18
4
8
13
13
12
10
10
17
14
13
8
11
5
8
15
9
11
16
10
16
9
25
3
22
5
6
10
9
7
13
23
16
8
9
15
7
18
16
8
17
13
5
11
11
11
12
7
11
23
9
11
11
7
7
8
16
15
8
12
7
11
11
17
34
20
15
10
13
9
9
8
11
17
10
13
7
10
10
13
8
16
16
8
13
9
4
6
11
14
10
14
8
13
15
8
6
13
17
14
8
5
6
15
12
10
6
7
7
12
19
14
