70
60
50
13
57
17
44
50
24
11
10
55
23
75
21
26
47
8
66
30
13
34
23
21
84
74
48
17
30
20
19
17
30
10
6
13
9
57
8
24
22
78
25
40
23
22
13
67
48
50
31
15
14
40
27
11
20
8
9
9
19
6
6
30
14
14
16
17
12
42
11
7
11
24
10
12
11
70
18
12
12
14
43
29
20
10
21
11
12
7
23
23
20
7
18
8
46
8
13
8
42
20
9
8
38
12
21
25
21
20
5
7
42
19
12
46
33
14
10
13
27
12
69
24
11
9
16
14
38
18
20
13
11
40
14
17
22
6
17
71
18
9
9
94
37
31
24
19
15
18
36
23
13
24
11
5
12
10
10
11
12
14
26
6
28
28
16
11
15
13
40
36
13
14
8
33
16
10
30
21
55
6
21
21
4
9
70
17
20
12
13
55
21
25
7
38
16
11
9
32
19
67
59
11
9
33
40
22
20
14
20
11
39
8
53
11
10
24
22
15
14
75
26
17
7
35
29
9
11
8
17
5
19
9
16
17
7
36
23
11
46
15
70
15
18
11
68
14
11
16
10
8
33
11
11
9
15
14
21
12
11
7
50
9
32
14
8
9
30
26
68
68
31
29
17
14
15
37
26
19
6
26
23
9
16
47
25
28
11
20
6
47
7
61
16
11
36
19
9
23
14
10
35
12
19
11
8
10
8
16
22
14
20
13
52
41
29
40
18
7
21
22
30
35
27
5
22
9
9
79
8
30
19
13
13
9
7
23
7
11
25
22
7
61
17
39
11
6
60
12
23
4
17
9
11
8
20
16
16
20
18
5
13
28
8
9
28
33
11
20
9
12
13
19
15
9
51
25
52
21
23
14
8
5
6
5
16
7
6
11
22
23
12
16
15
7
43
15
43
17
18
14
9
15
15
13
37
4
11
6
10
16
17
13
17
15
13
8
14
10
11
15
17
10
8
14
10
13
18
17
9
19
15
19
49
20
18
15
10
8
9
16
14
13
20
54
39
13
15
22
18
12
18
15
28
19
12
11
14
42
18
10
12
21
12
17
11
23
7
15
16
40
17
21
23
9
7
49
11
42
34
67
39
32
13
18
10
16
17
29
14
14
13
11
21
13
23
9
19
8
41
12
21
16
16
8
24
9
17
13
7
5
37
37
34
10
25
9
16
14
6
12
8
21
6
18
22
8
26
13
13
10
19
5
6
12
15
6
12
13
7
21
8
29
14
31
11
24
23
15
8
28
33
15
27
18
23
7
14
12
7
20
7
17
6
35
21
9
12
41
22
10
13
5
43
4
17
4
29
6
7
36
11
13
12
15
15
17
33
18
14
24
15
9
7
11
23
15
18
9
9
23
23
14
9
13
13
18
23
12
6
12
13
17
10
8
24
18
18
11
15
12
9
26
12
16
26
20
16
9
8
14
11
9
26
14
9
7
14
12
12
10
9
7
12
9
71
16
10
7
10
10
9
7
14
7
9
12
8
8
18
12
10
32
28
18
17
11
9
18
23
17
14
15
12
18
8
12
3
14
13
24
15
11
8
7
25
17
10
9
13
10
17
5
19
12
8
8
18
26
15
15
14
10
19
10
3
15
21
12
4
14
16
35
9
9
20
23
13
14
9
24
11
14
14
16
11
12
11
12
19
10
9
14
7
12
21
22
7
10
8
9
8
16
19
11
10
20
39
11
10
15
13
16
20
15
14
11
6
6
12
8
4
18
13
7
19
14
43
17
17
14
7
13
14
16
9
21
14
14
33
13
13
5
7
11
10
10
11
12
8
14
6
16
20
6
19
6
15
11
28
14
8
27
9
8
22
14
5
10
13
8
23
13
10
21
18
12
21
14
12
13
15
12
12
10
11
11
7
11
5
18
19
16
29
11
8
11
11
12
8
6
14
4
4
22
16
24
24
8
13
21
8
18
17
21
15
5
18
13
9
25
11
7
40
8
7
13
14
13
8
16
9
13
17
4
9
9
13
11
14
7
15
8
13
16
9
22
13
6
10
14
19
21
19
22
17
7
10
4
4
14
5
8
13
9
11
5
10
10
11
21
12
10
10
28
16
8
8
9
14
10
5
10
8
10
13
14
10
15
6
8
6
13
8
13
15
13
6
7
14
6
17
12
16
12
6
13
10
9
14
10
8
8
11
12
16
6
9
13
7
10
7
21
13
17
11
17
11
15
12
10
11
15
13
8
10
12
7
7
15
7
8
9
15
8
12
8
10
6
13
10
13
5
9
12
8
10
11
13
