48
39
18
17
18
9
46
48
10
12
13
27
44
11
78
25
18
10
61
48
11
9
71
16
90
49
22
25
8
12
28
8
20
3
16
13
5
62
16
7
10
49
35
7
35
16
15
6
35
17
70
22
58
48
33
30
24
9
8
9
30
13
48
30
26
3
5
15
10
8
40
48
42
27
38
25
32
33
24
13
15
22
10
11
6
29
11
24
32
30
15
14
15
13
10
14
69
12
9
59
20
18
14
19
9
37
14
15
42
19
18
36
17
57
38
18
6
87
20
55
6
5
92
59
45
8
16
22
5
30
22
67
15
39
19
68
27
29
23
19
62
46
39
15
18
11
9
65
29
3
35
27
41
12
12
23
13
10
10
14
37
9
42
19
23
25
16
9
11
30
17
12
13
9
14
48
18
19
22
10
14
12
13
14
16
70
35
5
11
4
70
15
10
10
37
23
20
17
19
11
30
13
4
45
37
14
11
13
5
12
22
12
10
45
7
9
12
65
17
71
21
26
9
15
8
33
31
13
17
18
6
5
17
54
43
47
18
19
6
39
44
14
8
43
39
18
7
86
58
21
43
18
10
16
31
19
16
24
10
22
18
16
30
24
21
12
71
15
10
14
18
29
18
20
12
16
14
8
12
49
23
19
14
47
10
34
14
14
7
28
13
5
38
25
16
12
42
14
15
37
9
4
16
4
14
19
11
14
27
19
20
8
15
9
37
12
20
9
6
13
8
28
23
9
62
20
26
25
14
8
8
8
8
10
27
38
10
22
28
19
10
13
24
17
10
27
17
18
17
23
23
17
13
12
5
26
16
43
19
8
10
7
15
19
12
14
13
18
9
9
5
10
18
14
13
30
6
17
13
6
18
19
41
15
8
42
15
19
9
18
42
25
17
15
11
18
11
32
14
12
9
15
11
5
21
23
14
43
12
5
19
32
25
17
14
15
8
60
32
19
19
13
14
33
17
16
10
7
9
37
79
8
22
4
36
11
14
14
14
15
28
12
9
5
24
21
15
36
20
9
14
14
10
15
13
8
20
22
23
13
15
15
27
18
13
20
14
13
9
9
12
15
8
12
16
8
35
48
13
68
11
19
11
13
25
10
32
17
10
23
27
16
18
22
15
45
29
34
14
4
11
10
17
8
9
19
11
39
31
14
6
13
20
15
13
8
9
29
16
38
19
12
9
21
18
14
17
20
6
4
45
42
19
23
12
19
25
19
16
27
6
47
8
37
14
3
21
6
9
11
15
10
6
13
16
16
24
10
9
14
6
18
12
11
19
5
22
14
46
18
10
17
12
14
9
8
29
7
6
36
20
21
13
13
14
10
16
6
7
20
12
14
9
15
10
18
9
23
14
19
9
10
38
11
12
11
11
9
21
11
7
17
41
5
12
12
13
24
15
9
23
6
30
13
18
17
11
8
11
11
20
22
5
22
10
13
11
11
9
9
8
4
39
14
12
10
11
15
20
13
11
11
9
7
5
11
10
5
6
7
40
28
15
10
13
16
11
3
5
11
9
10
21
12
13
3
8
7
29
8
13
5
15
8
12
12
7
27
17
9
11
15
16
13
14
19
16
13
14
14
7
18
32
10
15
10
14
17
19
12
22
15
12
8
10
47
21
8
8
7
9
19
15
23
14
17
12
11
19
23
16
22
11
8
13
10
13
6
14
13
16
13
11
16
14
12
22
6
12
12
16
9
6
29
8
10
16
8
10
20
9
13
28
20
12
11
8
11
42
12
14
19
18
19
23
13
10
20
18
22
6
9
7
12
17
12
14
41
12
13
18
7
7
5
7
12
22
8
10
6
14
6
11
16
32
11
16
17
14
15
11
12
7
6
15
13
10
12
15
8
15
20
20
12
14
6
7
11
5
14
15
16
6
5
32
10
9
16
13
3
12
12
12
5
15
5
11
17
8
25
17
8
6
10
14
13
12
8
13
17
16
16
16
13
17
16
11
11
17
18
9
11
16
11
15
21
8
12
12
16
15
8
10
19
9
18
12
13
17
15
7
11
11
6
21
9
10
17
14
8
8
13
13
10
13
9
15
15
15
6
12
20
15
13
13
15
11
8
10
11
16
20
13
8
14
20
12
7
13
9
11
20
12
3
13
19
18
20
13
16
14
11
26
10
13
14
12
16
14
6
21
13
21
14
19
23
17
8
22
10
10
11
9
25
24
13
7
15
11
7
19
15
10
9
17
6
19
8
16
11
12
14
6
16
9
14
7
16
11
10
5
10
3
15
15
6
4
9
5
4
