0.04357358405110112
0.04357358405105999
0.043573584051068856
0.04357358405109317
0.043573584051039956
0.0435735840510535
0.04496240777501215
0.045890445815112146
0.04966881188561955
0.06050703247392076
0.08061708061004344
0.08061708061005664
0.08250865577018793
0.13588226806402695
0.13785223312831282
0.13608547034166882
0.13568881473635183
0.13715997625580922
0.13322869430894546
0.1286079014314444
0.12682589008903786
0.12582878828117325
0.12585702847436653
0.1196607597934904
0.11516468568969455
0.06596862094267653
0.064830056781043
0.059182251146539244
0.05918225114650156
0.05918225114651162
0.05657848469055162
0.05515361695941101
0.05465721646671632
0.05355458751752649
0.053090117307828526
0.049203193716673574
0.048950599920113975
0.048950599920113975
0.04753196765570442
0.04753196765570442
0.047501523743854815
0.04530054523045629
0.04455065415821481
0.04455065415821481
0.04455065415821481
0.04474955763397368
0.04474955763397368
0.04474955763397368
0.04474955763397368
0.04474955763397368
0.04303756201275678
0.04303756201275678
0.04303756201275678
0.04303756201275678
0.04303756201275678
0.04303756201275678
0.04303756201275678
0.04303756201275678
0.04204799999999999
0.04204799999999999
0.04204799999999999
0.04204799999999999
0.04204799999999999
0.04204799999999999
0.04204799999999999
0.04204799999999999
0.04204799999999999
0.04204799999999999
0.04204799999999999
0.04204799999999999
0.04204799999999999
0.04204799999999999
0.04204799999999999
0.04204799999999999
0.04204799999999999
0.04204799999999999
0.04204799999999999
0.04204799999999999
0.04204799999999999
0.04204799999999999
0.04204799999999999
0.04204799999999999
0.04204799999999999
0.04204799999999999
0.04204799999999999
0.04204799999999999
0.04204799999999999
0.04204799999999999
0.04204799999999999
0.04204799999999999
0.04204799999999999
0.04204799999999999
0.04204799999999999
0.04204799999999999
0.04204799999999999
0.04204799999999999
0.04204799999999999
0.04204799999999999
0.04204799999999999
0.04204799999999999
0.04204799999999999
