0.046080687488168265
0.04608068748813382
0.04608068748819491
0.046080687488141356
0.04608068748817928
0.046080687488154935
0.04677108732938713
0.04905086327046287
0.0513715606053856
0.06106249490350899
0.08048037918439575
0.08048037918438788
0.08059449279030366
0.13216837701270287
0.13116707856459617
0.12986133045152484
0.12788620014644783
0.12527193139573797
0.125799729671665
0.11717009161224953
0.11592390773537989
0.11531063362156331
0.11531063362156331
0.1090815416860872
0.10838896548778766
0.06448793026413822
0.06334794783875992
0.06269290777429516
0.062692907774295
0.06132610823883771
0.061536367716013854
0.06063658302120837
0.0570644745726379
0.05390092089298136
0.05390092089298136
0.05076387700458697
0.05076387700458697
0.05076387700458697
0.05043886597235652
0.0488426724746867
0.0488426724746867
0.0488426724746867
0.047330391216837076
0.047330391216837076
0.0460099465797435
0.0460099465797435
0.0460099465797435
0.0460099465797435
0.0460099465797435
0.0460099465797435
0.044751999999999965
0.044751999999999965
0.044751999999999965
0.044751999999999965
0.044751999999999965
0.044751999999999965
0.044751999999999965
0.044751999999999965
0.044751999999999965
0.044751999999999965
0.044751999999999965
0.044751999999999965
0.044751999999999965
0.044751999999999965
0.044751999999999965
0.044751999999999965
0.044751999999999965
0.044751999999999965
0.044751999999999965
0.044751999999999965
0.044751999999999965
0.044751999999999965
0.044751999999999965
0.044751999999999965
0.044751999999999965
0.044751999999999965
0.044751999999999965
0.044751999999999965
0.044751999999999965
0.044751999999999965
0.044751999999999965
0.044751999999999965
0.044751999999999965
0.044751999999999965
0.044751999999999965
0.044751999999999965
0.044751999999999965
0.044751999999999965
0.044751999999999965
0.044751999999999965
0.044751999999999965
0.044751999999999965
0.044751999999999965
0.044751999999999965
0.044751999999999965
0.044751999999999965
0.044751999999999965
0.044751999999999965
0.044751999999999965
0.044751999999999965
0.044751999999999965
