0.05088895187856485
0.05088895187852233
0.050888951878532096
0.05088895187856053
0.05088895187854221
0.050888951878531416
0.05147645142934844
0.053321532689193325
0.05606082400108079
0.06642502213281748
0.08991891834580122
0.08991891834580092
0.09079815161884457
0.1361631746638709
0.14311641405747802
0.14333330655120496
0.14433694158346738
0.13328813091000052
0.12823976277523677
0.12258864178051367
0.12016394074714755
0.11737138333640584
0.11713911921575906
0.110678293236542
0.10593118583640852
0.06931137031730654
0.06708775710526084
0.0647842201959803
0.06396352341763938
0.061493835159840596
0.05874256455444247
0.05643146100412737
0.0552296060439086
0.05522960604390257
0.053449148442731804
0.052337034542613896
0.052337034542613896
0.05231936823741211
0.05123559483294921
0.050848337655532344
0.051018177017490625
0.051018177017490625
0.05002038596686069
0.05002038596686069
0.05002038596686069
0.05002038596686069
0.05002038596686069
0.05002038596686069
0.05002038596686069
0.05002038596686069
0.04959770219750154
0.04959770219750154
0.04959770219750154
0.04959770219750154
0.04959770219750154
0.04959770219750154
0.04959770219750154
0.04959770219750154
0.04959770219750154
0.04959770219750154
0.04959770219750154
0.04959770219750154
0.04959770219750154
0.04959770219750154
0.04959770219750154
0.04959770219750154
0.04959770219750154
0.049366
0.049366
0.049366
0.049366
0.049366
0.049366
0.049366
0.049366
0.049366
0.049366
0.049366
0.049366
0.049366
0.049366
0.049366
0.049366
0.049366
0.049366
0.049366
0.049366
0.049366
0.049366
0.049366
0.049366
0.049366
0.049366
0.049366
0.049366
0.049366
0.049366
0.049366
0.049366
0.049366
0.049366
