0.05037660090457982
0.05037660090462148
0.05037660090463032
0.050376600904657405
0.05037660090465444
0.0503766009046496
0.051191733501705215
0.0518162541579369
0.05463226149690106
0.06216227173789179
0.08217269917943607
0.08217269917939862
0.08316204520407094
0.12678905476920488
0.13476892292072032
0.13385519382828115
0.13540775590279605
0.1269971918258892
0.12550884623901404
0.11925079591850324
0.11729562303174575
0.11513544295737688
0.11503951761145696
0.10559628467922112
0.10328600442535725
0.060685328468940626
0.06060889614740285
0.05877291008955854
0.05877291008954087
0.05828674198691952
0.05672406970041762
0.056724069700362915
0.056848320056971775
0.05373884181834436
0.053921698528640934
0.053770948174700066
0.053770948174700066
0.053770948174700066
0.052935340024759296
0.052935340024759296
0.052935340024759296
0.052935340024759296
0.05131312419974391
0.05131312419974391
0.05131312419974391
0.050479026424407346
0.050479026424407346
0.050479026424407346
0.050479026424407346
0.050479026424407346
0.04988796389167497
0.04988796389167497
0.04889199999999998
0.04889199999999998
0.04889199999999998
0.04889199999999998
0.04889199999999998
0.04889199999999998
0.04889199999999998
0.04889199999999998
0.04889199999999998
0.04889199999999998
0.04889199999999998
0.04889199999999998
0.04889199999999998
0.04889199999999998
0.04889199999999998
0.04889199999999998
0.04889199999999998
0.04889199999999998
0.04889199999999998
0.04889199999999998
0.04889199999999998
0.04889199999999998
0.04889199999999998
0.04889199999999998
0.04889199999999998
0.04889199999999998
0.04889199999999998
0.04889199999999998
0.04889199999999998
0.04889199999999998
0.04889199999999998
0.04889199999999998
0.04889199999999998
0.04889199999999998
0.04889199999999998
0.04889199999999998
0.04889199999999998
0.04889199999999998
0.04889199999999998
0.04889199999999998
0.04889199999999998
0.04889199999999998
0.04889199999999998
0.04889199999999998
0.04889199999999998
0.04889199999999998
0.04889199999999998
0.04889199999999998
0.04889199999999998
