0.04196056791789886
0.041960567917921944
0.04196056791795651
0.041960567917907844
0.041960567917909926
0.04196056791791814
0.04318954243605253
0.04500347589609314
0.04743907099897288
0.05212617685410072
0.06700325309140347
0.06700325309143092
0.06818945873960183
0.12152407226005582
0.122021691290709
0.12312050808499862
0.12275492700476308
0.13156305093319917
0.12898807548096555
0.12108547734559014
0.11636266958199419
0.11468020288061696
0.1146556761599293
0.10960021227968078
0.10520362868940976
0.05714960176423767
0.057149601764244294
0.05430816386781566
0.05382242830012179
0.05393446560165681
0.05075192335527108
0.04910027520143316
0.047567097763347554
0.04644287341404572
0.04462942625877424
0.04346831579226065
0.04346831579226065
0.04346831579226065
0.04346831579226065
0.04346831579226065
0.04346831579226065
0.04335643320020084
0.043017275364229474
0.043017275364229474
0.043017275364229474
0.043017275364229474
0.043017275364229474
0.043017275364229474
0.043017275364229474
0.043017275364229474
0.04052545271629758
0.04052545271629758
0.04052545271629758
0.04052545271629758
0.04052545271629758
0.04052545271629758
0.04052545271629758
0.04052545271629758
0.04052545271629758
0.0402431293881644
0.0402431293881644
0.0402431293881644
0.0402431293881644
0.0402431293881644
0.0402431293881644
0.0402431293881644
0.0402431293881644
0.0402431293881644
0.0402431293881644
0.0402431293881644
0.0402431293881644
0.0402431293881644
0.0402431293881644
0.0402431293881644
0.0402431293881644
0.0402431293881644
0.0402431293881644
0.0402431293881644
0.0402431293881644
0.0402431293881644
0.0402431293881644
0.0402431293881644
0.0402431293881644
0.0402431293881644
0.0402431293881644
0.0402431293881644
0.0402431293881644
0.0402431293881644
0.0402431293881644
0.040184
0.040184
0.040184
0.040184
0.040184
0.040184
0.040184
0.040184
0.040184
0.040184
0.040184
0.040184
