0.042131219590444746
0.042131219590435295
0.04213121959038941
0.04213121959043729
0.042131219590418635
0.042131219590441714
0.04320680857344041
0.044544050490494515
0.04761202145466476
0.05290902262330575
0.06747303389041218
0.0674730338904129
0.06792853356538697
0.11791705334235787
0.12242154306653254
0.1239821133360561
0.12472291883622243
0.13793204795630354
0.1350879506839303
0.12949409475421472
0.12497182030998218
0.1194093382691008
0.118214098069361
0.11130564113123305
0.11106970251509378
0.056355746459475185
0.05635574645944327
0.05020249403195684
0.05006513848681038
0.05003034842212295
0.04759771908871629
0.04759771908870849
0.04694978198121949
0.046859180852075126
0.04621841677938139
0.04403237538562773
0.04403237538562773
0.04403237538562773
0.04348305400645785
0.04348305400645785
0.04320579510484741
0.04320579510484741
0.04286681024619131
0.04286681024619131
0.04286681024619131
0.04286681024619131
0.04286681024619131
0.04286681024619131
0.04286681024619131
0.04286681024619131
0.04159743625405545
0.04159743625405545
0.04159743625405545
0.04159743625405545
0.04159743625405545
0.04159743625405545
0.04159743625405545
0.041393093049612625
0.041393093049612625
0.040648396803313065
0.040648396803313065
0.040648396803313065
0.040648396803313065
0.040648396803313065
0.040648396803313065
0.040648396803313065
0.040648396803313065
0.040648396803313065
0.040648396803313065
0.040648396803313065
0.04041400000000001
0.04041400000000001
0.04041400000000001
0.04041400000000001
0.04041400000000001
0.04041400000000001
0.04041400000000001
0.04041400000000001
0.04041400000000001
0.04041400000000001
0.04041400000000001
0.04041400000000001
0.04041400000000001
0.04041400000000001
0.04041400000000001
0.04041400000000001
0.04041400000000001
0.04041400000000001
0.04041400000000001
0.04041400000000001
0.04041400000000001
0.04041400000000001
0.04041400000000001
0.04041400000000001
0.04041400000000001
0.04041400000000001
0.04041400000000001
0.04041400000000001
0.04041400000000001
0.04041400000000001
0.04041400000000001
