0.04168529608529775
0.04168529608533286
0.041685296085309985
0.0416852960853013
0.041685296085311636
0.041685296085309444
0.042818789966740496
0.04518398628164935
0.0488149974628824
0.059335949257953643
0.07907034281206557
0.07907034281205941
0.08027511179791653
0.13879035189663783
0.13735826208199164
0.13768775053403778
0.1365828130502551
0.1311930713555186
0.13234032192641967
0.12670221473908827
0.12409670470434289
0.12010082616157945
0.11818560241567136
0.11467801114529329
0.11289144808769029
0.05456883535601117
0.0545688353559605
0.053911721747328896
0.05417647580376777
0.05337226586863713
0.05072664891451801
0.04968059719298516
0.04879831193188188
0.047096549632397
0.04709654963239846
0.04614900866635921
0.04614900866635784
0.04597622218369673
0.044431101343886344
0.043909922970425695
0.043909922970425695
0.043909922970425695
0.04198309371663047
0.04205900240110778
0.04205900240110778
0.04205900240110778
0.04205900240110778
0.04205900240110778
0.04205900240110778
0.04205900240110778
0.040867329260508706
0.040867329260508706
0.040867329260508706
0.040867329260508706
0.040867329260508706
0.040867329260508706
0.040867329260508706
0.040867329260508706
0.040867329260508706
0.040867329260508706
0.040867329260508706
0.040867329260508706
0.040867329260508706
0.040867329260508706
0.040867329260508706
0.040867329260508706
0.040867329260508706
0.03998600000000003
0.03998600000000003
0.03998600000000003
0.03998600000000003
0.03998600000000003
0.03998600000000003
0.03998600000000003
0.03998600000000003
0.03998600000000003
0.03998600000000003
0.03998600000000003
0.03998600000000003
0.03998600000000003
0.03998600000000003
0.03998600000000003
0.03998600000000003
0.03998600000000003
0.03998600000000003
0.03998600000000003
0.03998600000000003
0.03998600000000003
0.03998600000000003
0.03998600000000003
0.03998600000000003
0.03998600000000003
0.03998600000000003
0.03998600000000003
0.03998600000000003
0.03998600000000003
0.03998600000000003
0.03998600000000003
0.03998600000000003
0.03998600000000003
0.03998600000000003
