0.06104725135178292
0.06104725135178061
0.061047251351787755
0.06104725135180448
0.06104725135179533
0.061047251351803125
0.06121824633267977
0.06271660098291468
0.06356792810990257
0.0703351967674331
0.08454102642140242
0.0845410264214096
0.08729205941349293
0.11914576613614752
0.12737114732668692
0.13272044866188493
0.13660959867369177
0.1206989931965351
0.11877827964047845
0.1168936053919997
0.1152018107902549
0.11276602215183128
0.11084167575642376
0.10632530883251688
0.10597414104763539
0.07479270526009577
0.07479270526002993
0.07277758828868502
0.07256852780039583
0.07247259801013513
0.07256744884011494
0.07181299752333319
0.07096188706204429
0.07074498120095968
0.06794646762681691
0.06805005215188102
0.06805005215184047
0.06805005215191351
0.06565126155588874
0.06565126155583398
0.06490270717735401
0.06490270717736868
0.06490270717738061
0.06386987039506242
0.06391815718199416
0.06327805978603128
0.06277340545456221
0.06277340545455147
0.06205383664800511
0.06205383664801663
0.060341424272818446
0.060341424272818446
0.060341424272818446
0.060341424272818446
0.060341424272818446
0.060341424272818446
0.060341424272818446
0.060341424272818446
0.060341424272818446
0.060341424272818446
0.060341424272818446
0.060341424272818446
0.060341424272818446
0.060341424272818446
0.060341424272818446
0.060341424272818446
0.060341424272818446
0.060341424272818446
0.060341424272818446
0.060341424272818446
0.060341424272818446
0.060341424272818446
0.060341424272818446
0.060341424272818446
0.060341424272818446
0.060341424272818446
0.060341424272818446
0.060341424272818446
0.060341424272818446
0.060221999999999935
0.060221999999999935
0.060221999999999935
0.060221999999999935
0.060221999999999935
0.060221999999999935
0.060221999999999935
0.060221999999999935
0.060221999999999935
0.060221999999999935
0.060221999999999935
0.060221999999999935
0.060221999999999935
0.060221999999999935
0.060221999999999935
0.060221999999999935
0.060221999999999935
0.060221999999999935
0.060221999999999935
0.060221999999999935
0.060221999999999935
0.060221999999999935
