0.047440646073793294
0.047440646073791094
0.04744064607379901
0.04744064607378094
0.04744064607378371
0.04744064607378607
0.04787839465413272
0.0488472100575767
0.05231457624764374
0.05922813780114889
0.0779320773344819
0.07793207733447995
0.07848910359914296
0.13686651714162754
0.13942295399434548
0.13719789823158104
0.13608541874562483
0.12450410235654127
0.12322618779582299
0.11535136070958689
0.1112990147414265
0.10806654122888366
0.10806654122888366
0.09832905407288746
0.09665068735451297
0.05298953808769659
0.05245312356774405
0.05103481500065965
0.05050074691888514
0.05050074691929216
0.05044800402714014
0.050098672785573554
0.050092643742909414
0.04960958593735372
0.04894841169022504
0.04894841169022504
0.04894841169022504
0.04894841169022504
0.04894841169022504
0.04894841169022504
0.04894841169022504
0.04894841169022504
0.04865144169680948
0.04865144169680948
0.04839090739397235
0.048442723721688834
0.048442723721688834
0.048442723721688834
0.048442723721688834
0.048442723721688834
0.046902062340972994
0.046902062340972994
0.046902062340972994
0.046902062340972994
0.046902062340972994
0.046902062340972994
0.046902062340972994
0.046902062340972994
0.046902062340972994
0.046682436725616686
0.046682436725616686
0.046682436725616686
0.046682436725616686
0.046682436725616686
0.046682436725616686
0.046682436725616686
0.046682436725616686
0.046682436725616686
0.046682436725616686
0.046682436725616686
0.046682436725616686
0.046682436725616686
0.046682436725616686
0.046177281845536565
0.046177281845536565
0.045353999999999985
0.045353999999999985
0.045353999999999985
0.045353999999999985
0.045353999999999985
0.045353999999999985
0.045353999999999985
0.045353999999999985
0.045353999999999985
0.045353999999999985
0.045353999999999985
0.045353999999999985
0.045353999999999985
0.045353999999999985
0.045353999999999985
0.045353999999999985
0.045353999999999985
0.045353999999999985
0.045353999999999985
0.045353999999999985
0.045353999999999985
0.045353999999999985
0.045353999999999985
0.045353999999999985
0.045353999999999985
0.045353999999999985
