0.058954497944302284
0.05895449794431002
0.0589544979443037
0.05895449794429783
0.05895449794430164
0.05895449794428717
0.0599326496928041
0.06255123766190583
0.06538504720481293
0.07444015940628836
0.09754899224007786
0.0975489922400692
0.09798724529916765
0.15365909383973336
0.14976221905017836
0.14690743301914336
0.14429560833544527
0.12691916639626097
0.12571115309593967
0.11570512198557402
0.11149864607099658
0.11076413599332348
0.11076413599332348
0.10673591110380283
0.10613261711992772
0.06357286270647572
0.06357286270653903
0.0631324323210733
0.0631324323210649
0.06313243232101573
0.06340470834717431
0.06317557494785928
0.06143909789346722
0.06150454361161103
0.060427474443359386
0.06054220061103608
0.06054220061103608
0.06054220061103608
0.05972370347001516
0.05972370347001516
0.05972370347001516
0.05972370347001516
0.05807000064905538
0.05807000064905538
0.05733044294172835
0.05733044294172835
0.05733044294172835
0.05733044294172835
0.05733044294172835
0.05733044294172835
0.05704599999999991
0.05704599999999991
0.05704599999999991
0.05704599999999991
0.05704599999999991
0.05704599999999991
0.05704599999999991
0.05704599999999991
0.05704599999999991
0.05704599999999991
0.05704599999999991
0.05704599999999991
0.05704599999999991
0.05704599999999991
0.05704599999999991
0.05704599999999991
0.05704599999999991
0.05704599999999991
0.05704599999999991
0.05704599999999991
0.05704599999999991
0.05704599999999991
0.05704599999999991
0.05704599999999991
0.05704599999999991
0.05704599999999991
0.05704599999999991
0.05704599999999991
0.05704599999999991
0.05704599999999991
0.05704599999999991
0.05704599999999991
0.05704599999999991
0.05704599999999991
0.05704599999999991
0.05704599999999991
0.05704599999999991
0.05704599999999991
0.05704599999999991
0.05704599999999991
0.05704599999999991
0.05704599999999991
0.05704599999999991
0.05704599999999991
0.05704599999999991
0.05704599999999991
0.05704599999999991
0.05704599999999991
0.05704599999999991
0.05704599999999991
0.05704599999999991
