0.05792378303950494
0.057923783039477636
0.05792378303948388
0.05792378303947512
0.05792378303948901
0.057923783039481334
0.06504029232374887
0.07581986676504365
0.11408529100708631
0.13752849691074007
0.14579061037876975
0.14579061037877084
0.14409188288744815
0.1160909388946909
0.11540099530223628
0.1148200581172253
0.11293453165671287
0.04744701823245067
0.04682989686239419
0.04488761352676414
0.04402337616824171
0.04402337616824171
0.04402337616824171
0.0426316830755087
0.0426316830755087
0.04251025171065481
0.04251025171065481
0.04081215772179618
0.04081215772179618
0.04081215772179618
0.04081215772179618
0.04081215772179618
0.04081215772179618
0.04081215772179618
0.04081215772179618
0.04081215772179618
0.04081215772179618
0.04041400000000001
0.04041400000000001
0.04041400000000001
0.04041400000000001
0.04041400000000001
0.04041400000000001
0.04041400000000001
0.04041400000000001
0.04041400000000001
0.04041400000000001
0.04041400000000001
0.04041400000000001
0.04041400000000001
0.04041400000000001
0.04041400000000001
0.04041400000000001
0.04041400000000001
0.04041400000000001
0.04041400000000001
0.04041400000000001
0.04041400000000001
0.04041400000000001
0.04041400000000001
0.04041400000000001
0.04041400000000001
0.04041400000000001
0.04041400000000001
0.04041400000000001
0.04041400000000001
0.04041400000000001
0.04041400000000001
0.04041400000000001
0.04041400000000001
0.04041400000000001
0.04041400000000001
0.04041400000000001
0.04041400000000001
0.04041400000000001
0.04041400000000001
0.04041400000000001
0.04041400000000001
0.04041400000000001
0.04041400000000001
0.04041400000000001
0.04041400000000001
0.04041400000000001
0.04041400000000001
0.04041400000000001
0.04041400000000001
0.04041400000000001
0.04041400000000001
0.04041400000000001
0.04041400000000001
0.04041400000000001
0.04041400000000001
0.04041400000000001
0.04041400000000001
0.04041400000000001
0.04041400000000001
0.04041400000000001
0.04041400000000001
0.04041400000000001
0.04041400000000001
0.04041400000000001
