0.057048701379317335
0.057048701379313754
0.05704870137935163
0.057048701379333544
0.0570487013793585
0.05704870137931459
0.06197802865166647
0.07155715408790189
0.0990524961413346
0.13788309816881442
0.14656407150774697
0.14656407150774436
0.14477930005141615
0.11910335991290702
0.11510091104297174
0.11163237155132413
0.1088812702385788
0.046711091170935776
0.0447371508159651
0.04166104022348179
0.04166104022348179
0.04104694360013498
0.04104694360013498
0.04052542725802053
0.04052542725802053
0.0405143495254048
0.0405143495254048
0.0405143495254048
0.0405143495254048
0.0405143495254048
0.0405143495254048
0.04035555555555547
0.04035555555555547
0.04035555555555547
0.04035555555555547
0.04035555555555547
0.040184
0.040184
0.040184
0.040184
0.040184
0.040184
0.040184
0.040184
0.040184
0.040184
0.040184
0.040184
0.040184
0.040184
0.040184
0.040184
0.040184
0.040184
0.040184
0.040184
0.040184
0.040184
0.040184
0.040184
0.040184
0.040184
0.040184
0.040184
0.040184
0.040184
0.040184
0.040184
0.040184
0.040184
0.040184
0.040184
0.040184
0.040184
0.040184
0.040184
0.040184
0.040184
0.040184
0.040184
0.040184
0.040184
0.040184
0.040184
0.040184
0.040184
0.040184
0.040184
0.040184
0.040184
0.040184
0.040184
0.040184
0.040184
0.040184
0.040184
0.040184
0.040184
0.040184
0.040184
0.040184
