0.0633073453505265
0.06330734535052851
0.06330734535053817
0.06330734535051537
0.06330734535053265
0.06330734535053598
0.07007377399766684
0.08616445183454544
0.1174914404074213
0.14819728190360895
0.1539817364316616
0.153981736431666
0.1536805294144156
0.12170444006655572
0.11824192432416938
0.11665105356285668
0.11360539052879606
0.05320234827542314
0.052610590101778786
0.04935748312061216
0.04935748312061216
0.04832621765934891
0.04832621765934891
0.046737602359817734
0.046737602359817734
0.04598371954842538
0.04543691080688758
0.044446596619460946
0.044446596619460946
0.044446596619460946
0.044446596619460946
0.044446596619460946
0.044446596619460946
0.044446596619460946
0.04359912376779838
0.04204799999999999
0.04204799999999999
0.04204799999999999
0.04204799999999999
0.04204799999999999
0.04204799999999999
0.04204799999999999
0.04204799999999999
0.04204799999999999
0.04204799999999999
0.04204799999999999
0.04204799999999999
0.04204799999999999
0.04204799999999999
0.04204799999999999
0.04204799999999999
0.04204799999999999
0.04204799999999999
0.04204799999999999
0.04204799999999999
0.04204799999999999
0.04204799999999999
0.04204799999999999
0.04204799999999999
0.04204799999999999
0.04204799999999999
0.04204799999999999
0.04204799999999999
0.04204799999999999
0.04204799999999999
0.04204799999999999
0.04204799999999999
0.04204799999999999
0.04204799999999999
0.04204799999999999
0.04204799999999999
0.04204799999999999
0.04204799999999999
0.04204799999999999
0.04204799999999999
0.04204799999999999
0.04204799999999999
0.04204799999999999
0.04204799999999999
0.04204799999999999
0.04204799999999999
0.04204799999999999
0.04204799999999999
0.04204799999999999
0.04204799999999999
0.04204799999999999
0.04204799999999999
0.04204799999999999
0.04204799999999999
0.04204799999999999
0.04204799999999999
0.04204799999999999
0.04204799999999999
0.04204799999999999
0.04204799999999999
0.04204799999999999
0.04204799999999999
0.04204799999999999
0.04204799999999999
0.04204799999999999
0.04204799999999999
