0.06568640955835826
0.06568640955834738
0.06568640955835571
0.06568640955834476
0.0656864095583481
0.06568640955834858
0.07280841004405568
0.08803253205869485
0.1254288821169778
0.1496169345860496
0.15885498008618595
0.1588549800861856
0.15840210936416824
0.12560056245984283
0.12246853003127516
0.11917740749158959
0.11836597671312275
0.057918722259293634
0.0564996247841505
0.05649962478418132
0.05564527295260109
0.05467527126292113
0.05197573538940859
0.051888564588201215
0.051800375510934464
0.051920859841912595
0.05061072862880084
0.049366
0.049366
0.049366
0.049366
0.049366
0.049366
0.049366
0.049366
0.049366
0.049366
0.049366
0.049366
0.049366
0.049366
0.049366
0.049366
0.049366
0.049366
0.049366
0.049366
0.049366
0.049366
0.049366
0.049366
0.049366
0.049366
0.049366
0.049366
0.049366
0.049366
0.049366
0.049366
0.049366
0.049366
0.049366
0.049366
0.049366
0.049366
0.049366
0.049366
0.049366
0.049366
0.049366
0.049366
0.049366
0.049366
0.049366
0.049366
0.049366
0.049366
0.049366
0.049366
0.049366
0.049366
0.049366
0.049366
0.049366
0.049366
0.049366
0.049366
0.049366
0.049366
0.049366
0.049366
0.049366
0.049366
0.049366
0.049366
0.049366
0.049366
0.049366
0.049366
0.049366
0.049366
