0.06446731596988295
0.0644673159698855
0.06446731596988624
0.06446731596986391
0.06446731596986305
0.06446731596986191
0.07126468769589052
0.09202057839702739
0.125761035573931
0.1510779832397418
0.15477036990711368
0.15477036990711732
0.15334470738553302
0.13088285668514088
0.12468292035281607
0.12306445769763927
0.1226410479191866
0.054758273119039996
0.054135969275140215
0.053306320881907385
0.05298704699230576
0.05166006931423777
0.05166006931423777
0.046276456876456824
0.046276456876456824
0.046032952641997894
0.046032952641997894
0.046032952641997894
0.046032952641997894
0.046032952641997894
0.046032952641997894
0.046032952641997894
0.046032952641997894
0.046032952641997894
0.046032952641997894
0.045353999999999985
0.045353999999999985
0.045353999999999985
0.045353999999999985
0.045353999999999985
0.045353999999999985
0.045353999999999985
0.045353999999999985
0.045353999999999985
0.045353999999999985
0.045353999999999985
0.045353999999999985
0.045353999999999985
0.045353999999999985
0.045353999999999985
0.045353999999999985
0.045353999999999985
0.045353999999999985
0.045353999999999985
0.045353999999999985
0.045353999999999985
0.045353999999999985
0.045353999999999985
0.045353999999999985
0.045353999999999985
0.045353999999999985
0.045353999999999985
0.045353999999999985
0.045353999999999985
0.045353999999999985
0.045353999999999985
0.045353999999999985
0.045353999999999985
0.045353999999999985
0.045353999999999985
0.045353999999999985
0.045353999999999985
0.045353999999999985
0.045353999999999985
0.045353999999999985
0.045353999999999985
0.045353999999999985
0.045353999999999985
0.045353999999999985
0.045353999999999985
0.045353999999999985
0.045353999999999985
0.045353999999999985
0.045353999999999985
0.045353999999999985
0.045353999999999985
0.045353999999999985
0.045353999999999985
0.045353999999999985
0.045353999999999985
0.045353999999999985
0.045353999999999985
0.045353999999999985
0.045353999999999985
0.045353999999999985
0.045353999999999985
0.045353999999999985
0.045353999999999985
0.045353999999999985
0.045353999999999985
0.045353999999999985
