0.06589150174887232
0.06589150174887223
0.06589150174889892
0.06589150174889567
0.06589150174888642
0.06589150174889828
0.07464107297236482
0.09296851951145434
0.13245275839729492
0.15421249882083665
0.1476809893843614
0.14768098938436272
0.1450725266931753
0.11348325375232417
0.11130310040056667
0.10914202431066032
0.10670885241799766
0.05849874604973421
0.058191948470209226
0.05825970658478333
0.05825970658478333
0.05825970658478333
0.05825970658478333
0.05606198234894753
0.05606198234894753
0.051562311557788953
0.051562311557788953
0.050624096385542106
0.050624096385542106
0.050624096385542106
0.050624096385542106
0.050624096385542106
0.050624096385542106
0.04889199999999998
0.04889199999999998
0.04889199999999998
0.04889199999999998
0.04889199999999998
0.04889199999999998
0.04889199999999998
0.04889199999999998
0.04889199999999998
0.04889199999999998
0.04889199999999998
0.04889199999999998
0.04889199999999998
0.04889199999999998
0.04889199999999998
0.04889199999999998
0.04889199999999998
0.04889199999999998
0.04889199999999998
0.04889199999999998
0.04889199999999998
0.04889199999999998
0.04889199999999998
0.04889199999999998
0.04889199999999998
0.04889199999999998
0.04889199999999998
0.04889199999999998
0.04889199999999998
0.04889199999999998
0.04889199999999998
0.04889199999999998
0.04889199999999998
0.04889199999999998
0.04889199999999998
0.04889199999999998
0.04889199999999998
0.04889199999999998
0.04889199999999998
0.04889199999999998
0.04889199999999998
0.04889199999999998
0.04889199999999998
0.04889199999999998
0.04889199999999998
0.04889199999999998
0.04889199999999998
0.04889199999999998
0.04889199999999998
0.04889199999999998
0.04889199999999998
0.04889199999999998
0.04889199999999998
0.04889199999999998
0.04889199999999998
0.04889199999999998
0.04889199999999998
0.04889199999999998
0.04889199999999998
0.04889199999999998
0.04889199999999998
0.04889199999999998
0.04889199999999998
0.04889199999999998
0.04889199999999998
0.04889199999999998
0.04889199999999998
0.04889199999999998
