0.0725533451782947
0.07255334517827858
0.07255334517829723
0.07255334517828195
0.0725533451782797
0.07255334517827362
0.07870401641694943
0.09310526869286924
0.1306312341821129
0.15641079740995453
0.14851911163882814
0.14851911163883016
0.14663878086190016
0.11785702034756387
0.11445185748900523
0.113091560023712
0.1099553199512054
0.06530181869575545
0.06451875725938772
0.0632832151300235
0.0632832151300235
0.0632832151300235
0.0632832151300235
0.06243103486937991
0.06243103486937991
0.060653042992741504
0.060653042992741504
0.060653042992741504
0.060653042992741504
0.060653042992741504
0.06047402945113779
0.060221999999999935
0.060221999999999935
0.060221999999999935
0.060221999999999935
0.060221999999999935
0.060221999999999935
0.060221999999999935
0.060221999999999935
0.060221999999999935
0.060221999999999935
0.060221999999999935
0.060221999999999935
0.060221999999999935
0.060221999999999935
0.060221999999999935
0.060221999999999935
0.060221999999999935
0.060221999999999935
0.060221999999999935
0.060221999999999935
0.060221999999999935
0.060221999999999935
0.060221999999999935
0.060221999999999935
0.060221999999999935
0.060221999999999935
0.060221999999999935
0.060221999999999935
0.060221999999999935
0.060221999999999935
0.060221999999999935
0.060221999999999935
0.060221999999999935
0.060221999999999935
0.060221999999999935
0.060221999999999935
0.060221999999999935
0.060221999999999935
0.060221999999999935
0.060221999999999935
0.060221999999999935
0.060221999999999935
0.060221999999999935
0.060221999999999935
0.060221999999999935
0.060221999999999935
0.060221999999999935
0.060221999999999935
0.060221999999999935
0.060221999999999935
0.060221999999999935
0.060221999999999935
0.060221999999999935
0.060221999999999935
0.060221999999999935
0.060221999999999935
0.060221999999999935
0.060221999999999935
0.060221999999999935
0.060221999999999935
0.060221999999999935
0.060221999999999935
0.060221999999999935
0.060221999999999935
0.060221999999999935
0.060221999999999935
0.060221999999999935
0.060221999999999935
0.060221999999999935
0.060221999999999935
