0.10608357917135705
0.10608357917133933
0.10608357917134177
0.10608357917134477
0.106083579171347
0.1060835791713501
0.12705781278607706
0.13706545330194128
0.1397071304849784
0.1302584987066543
0.09932600043491244
0.09932600043491893
0.09932600043493807
0.04650195068089814
0.045990513126913504
0.04482748800495261
0.044733359103208345
0.044733359103208345
0.044751999999999965
0.044751999999999965
0.044751999999999965
0.044751999999999965
0.044751999999999965
0.044751999999999965
0.044751999999999965
0.044751999999999965
0.044751999999999965
0.044751999999999965
0.044751999999999965
0.044751999999999965
0.044751999999999965
0.044751999999999965
0.044751999999999965
0.044751999999999965
0.044751999999999965
0.044751999999999965
0.044751999999999965
0.044751999999999965
0.044751999999999965
0.044751999999999965
0.044751999999999965
0.044751999999999965
0.044751999999999965
0.044751999999999965
0.044751999999999965
0.044751999999999965
0.044751999999999965
0.044751999999999965
0.044751999999999965
0.044751999999999965
0.044751999999999965
0.044751999999999965
0.044751999999999965
0.044751999999999965
0.044751999999999965
0.044751999999999965
0.044751999999999965
0.044751999999999965
0.044751999999999965
0.044751999999999965
0.044751999999999965
0.044751999999999965
0.044751999999999965
0.044751999999999965
0.044751999999999965
0.044751999999999965
0.044751999999999965
0.044751999999999965
0.044751999999999965
0.044751999999999965
0.044751999999999965
0.044751999999999965
0.044751999999999965
0.044751999999999965
0.044751999999999965
0.044751999999999965
0.044751999999999965
0.044751999999999965
0.044751999999999965
0.044751999999999965
0.044751999999999965
0.044751999999999965
0.044751999999999965
0.044751999999999965
0.044751999999999965
0.044751999999999965
0.044751999999999965
0.044751999999999965
0.044751999999999965
0.044751999999999965
0.044751999999999965
0.044751999999999965
0.044751999999999965
0.044751999999999965
0.044751999999999965
0.044751999999999965
0.044751999999999965
0.044751999999999965
0.044751999999999965
0.044751999999999965
0.044751999999999965
