0.10678161785303734
0.1067816178530403
0.10678161785303691
0.1067816178530403
0.10678161785304023
0.10678161785304056
0.12815728081077746
0.13848116872864896
0.1408039697892921
0.13104424718336077
0.0956917329104972
0.09569173291045462
0.09332805818795657
0.04932792992549064
0.04900445586333889
0.04900445586333889
0.04900445586333889
0.04900445586333889
0.04900445586333889
0.04900445586333889
0.04844848484848481
0.046032952641997894
0.046032952641997894
0.046032952641997894
0.046032952641997894
0.046032952641997894
0.046032952641997894
0.046032952641997894
0.046032952641997894
0.046032952641997894
0.046032952641997894
0.046032952641997894
0.045353999999999985
0.045353999999999985
0.045353999999999985
0.045353999999999985
0.045353999999999985
0.045353999999999985
0.045353999999999985
0.045353999999999985
0.045353999999999985
0.045353999999999985
0.045353999999999985
0.045353999999999985
0.045353999999999985
0.045353999999999985
0.045353999999999985
0.045353999999999985
0.045353999999999985
0.045353999999999985
0.045353999999999985
0.045353999999999985
0.045353999999999985
0.045353999999999985
0.045353999999999985
0.045353999999999985
0.045353999999999985
0.045353999999999985
0.045353999999999985
0.045353999999999985
0.045353999999999985
0.045353999999999985
0.045353999999999985
0.045353999999999985
0.045353999999999985
0.045353999999999985
0.045353999999999985
0.045353999999999985
0.045353999999999985
0.045353999999999985
0.045353999999999985
0.045353999999999985
0.045353999999999985
0.045353999999999985
0.045353999999999985
0.045353999999999985
0.045353999999999985
0.045353999999999985
0.045353999999999985
0.045353999999999985
0.045353999999999985
0.045353999999999985
0.045353999999999985
0.045353999999999985
0.045353999999999985
0.045353999999999985
0.045353999999999985
0.045353999999999985
0.045353999999999985
0.045353999999999985
0.045353999999999985
0.045353999999999985
0.045353999999999985
0.045353999999999985
0.045353999999999985
0.045353999999999985
0.045353999999999985
0.045353999999999985
0.045353999999999985
0.045353999999999985
0.045353999999999985
