0.10821898964936225
0.10821898964936258
0.10821898964936176
0.108218989649362
0.10821898964936572
0.10821898964936277
0.12979917591623147
0.14693508973650637
0.15066746085259172
0.14728469738253688
0.11422020427545457
0.1142202042754816
0.11384952343615007
0.05429012155081052
0.05362241558527396
0.05329719255444347
0.05141330613830608
0.05043965661641539
0.049366
0.049366
0.049366
0.049366
0.049366
0.049366
0.049366
0.049366
0.049366
0.049366
0.049366
0.049366
0.049366
0.049366
0.049366
0.049366
0.049366
0.049366
0.049366
0.049366
0.049366
0.049366
0.049366
0.049366
0.049366
0.049366
0.049366
0.049366
0.049366
0.049366
0.049366
0.049366
0.049366
0.049366
0.049366
0.049366
0.049366
0.049366
0.049366
0.049366
0.049366
0.049366
0.049366
0.049366
0.049366
0.049366
0.049366
0.049366
0.049366
0.049366
0.049366
0.049366
0.049366
0.049366
0.049366
0.049366
0.049366
0.049366
0.049366
0.049366
0.049366
0.049366
0.049366
0.049366
0.049366
0.049366
0.049366
0.049366
0.049366
0.049366
0.049366
0.049366
0.049366
0.049366
0.049366
0.049366
0.049366
0.049366
0.049366
0.049366
0.049366
0.049366
0.049366
