1.0
1.0
1.0
1.0
1.0
1.0
0.994
0.985
0.956
0.899
0.751
0.751
0.741
0.118
0.117
0.116
0.115
0.037
0.037
0.035
0.035
0.032
0.031
0.025
0.022
0.008
0.008
0.008
0.008
0.008
0.008
0.008
0.008
0.007
0.007
0.007
0.007
0.007
0.007
0.007
0.007
0.007
0.007
0.007
0.006
0.006
0.006
0.005
0.005
0.005
0.003
0.003
0.003
0.003
0.003
0.003
0.003
0.003
0.003
0.003
0.003
0.003
0.003
0.003
0.003
0.003
0.003
0.003
0.003
0.003
0.003
0.003
0.003
0.0
0.0
0.0
0.0
0.0
0.0
0.0
0.0
0.0
0.0
0.0
0.0
0.0
0.0
0.0
0.0
0.0
0.0
0.0
0.0
0.0
0.0
0.0
0.0
0.0
0.0
0.0
0
