0.998
0.998
0.998
0.998
0.998
0.998
0.992
0.979
0.936
0.861
0.707
0.707
0.625
0.241
0.214
0.163
0.116
0.026
0.024
0.023
0.023
0.023
0.023
0.021
0.019
0.012
0.012
0.012
0.012
0.012
0.01
0.009
0.009
0.009
0.007
0.006
0.006
0.006
0.006
0.006
0.005
0.005
0.005
0.004
0.004
0.004
0.004
0.004
0.003
0.003
0.0
0.0
0.0
0.0
0.0
0.0
0.0
0.0
0.0
0.0
0.0
0.0
0.0
0.0
0.0
0.0
0.0
0.0
0.0
0.0
0.0
0.0
0.0
0.0
0.0
0.0
0.0
0.0
0.0
0.0
0.0
0.0
0.0
0.0
0.0
0.0
0.0
0.0
0.0
0.0
0.0
0.0
0.0
0.0
0.0
0.0
0.0
0.0
0.0
0.0
0
