0.998
0.998
0.998
0.998
0.998
0.998
0.994
0.984
0.95
0.881
0.705
0.705
0.7
0.169
0.114
0.114
0.068
0.018
0.018
0.018
0.016
0.014
0.014
0.014
0.014
0.009
0.009
0.009
0.009
0.008
0.006
0.006
0.006
0.006
0.005
0.005
0.005
0.004
0.004
0.004
0.004
0.004
0.004
0.004
0.004
0.004
0.004
0.004
0.004
0.004
0.003
0.003
0.003
0.003
0.003
0.003
0.003
0.003
0.003
0.003
0.003
0.003
0.003
0.003
0.003
0.003
0.003
0.003
0.003
0.003
0.003
0.003
0.003
0.003
0.003
0.0
0.0
0.0
0.0
0.0
0.0
0.0
0.0
0.0
0.0
0.0
0.0
0.0
0.0
0.0
0.0
0.0
0.0
0.0
0.0
0.0
0.0
0.0
0.0
0.0
0
