0.999
0.999
0.999
0.999
0.999
0.999
0.992
0.977
0.947
0.882
0.682
0.682
0.663
0.183
0.177
0.167
0.111
0.019
0.019
0.019
0.019
0.018
0.018
0.018
0.016
0.009
0.009
0.007
0.007
0.007
0.005
0.005
0.005
0.005
0.005
0.004
0.003
0.003
0.003
0.003
0.003
0.003
0.003
0.003
0.003
0.003
0.003
0.003
0.003
0.003
0.003
0.003
0.003
0.003
0.003
0.003
0.003
0.003
0.003
0.003
0.003
0.003
0.003
0.003
0.003
0.003
0.003
0.003
0.003
0.003
0.003
0.003
0.003
0.003
0.003
0.003
0.003
0.003
0.003
0.003
0.003
0.003
0.003
0.003
0.003
0.003
0.003
0.003
0.003
0.003
0.003
0.003
0.0
0.0
0.0
0.0
0.0
0.0
0.0
0.0
0
