1.0
1.0
1.0
1.0
1.0
1.0
0.993
0.981
0.954
0.891
0.718
0.718
0.699
0.184
0.159
0.152
0.136
0.02
0.02
0.02
0.02
0.02
0.02
0.02
0.015
0.01
0.01
0.009
0.009
0.009
0.009
0.009
0.005
0.005
0.005
0.005
0.005
0.005
0.005
0.005
0.005
0.005
0.004
0.004
0.004
0.004
0.004
0.004
0.004
0.004
0.003
0.003
0.003
0.003
0.003
0.003
0.003
0.003
0.003
0.003
0.003
0.003
0.003
0.003
0.003
0.003
0.003
0.003
0.003
0.003
0.003
0.003
0.003
0.003
0.003
0.003
0.003
0.003
0.003
0.0
0.0
0.0
0.0
0.0
0.0
0.0
0.0
0.0
0.0
0.0
0.0
0.0
0.0
0.0
0.0
0.0
0.0
0.0
0.0
0.0
0
