1.0
1.0
1.0
1.0
1.0
1.0
0.995
0.985
0.954
0.882
0.706
0.706
0.701
0.147
0.147
0.145
0.131
0.025
0.024
0.022
0.019
0.018
0.018
0.018
0.017
0.01
0.01
0.01
0.01
0.01
0.009
0.009
0.009
0.006
0.006
0.006
0.006
0.006
0.006
0.006
0.006
0.006
0.005
0.005
0.004
0.004
0.004
0.004
0.004
0.003
0.003
0.003
0.003
0.003
0.003
0.003
0.003
0.003
0.003
0.003
0.003
0.003
0.003
0.003
0.003
0.003
0.003
0.003
0.003
0.0
0.0
0.0
0.0
0.0
0.0
0.0
0.0
0.0
0.0
0.0
0.0
0.0
0.0
0.0
0.0
0.0
0.0
0.0
0.0
0.0
0.0
0.0
0.0
0.0
0.0
0.0
0.0
0.0
0.0
0.0
0
