10 72 82 598 638 643 854
618 852
21 326
62 63 122 337 457
94 213 300 316 560 998
22 153 387 393 421 642 820
21 114 336 344 356 420 770 979
38 101 397 411 535
35 579
61 228
28 253 254 455 552 742
19 74 162 263 350
866 891
103 272
27 130 186 496 512 692 842
49 160
200 272 745 980
111 152 337 457 476 691
18 240 375
1 138 555 558
356 701
76 94 365 727 832
138 281
13 545 977
241 538 593 759
55 107 266
511 946
8 210 795 838 848
143 334
195 649
30 167 236 352 388 500 534 610 875
28 49 152 266 442 587 641 796 992
30 31 78 267 626 637
38 117 212 461
44 130 341 551 573 875 937
69 116 247 255 691
97 601 623 727
15 438 815
84 783
24 556 965
62 123
11 14 88 191 214 256 654
368 846
9 42 68 140 334 651
24 87 482 742 919
15 152 163 336 679
4 138 270 385 434 982
12 21 172 567 668
219 631
26 368 452 459 559
46 478 532 662
169 262 311
41 42 224 928
136 251 414 466 916
13 60
15 129 197 402 879
2 47 151 422 728 984
679 967
145 296 332
19 93 153 367 761
27 349 632
101 313 387
129 154 239 476 549 923 929
33 287 361 467
13 19 131 134 231 280 736 746
203 399 977 978
16 508 684 782 935
2 47 398
94 230
60 148 342 966
89 567
6 14 705
8 11 121 142 258 344 464 802 827 941
20 363
194 506 872
20 355 475
97 312 736
56 193
552 753
55 134 164 200 212 786 796
58 76 84 88 278 539 756
47 66 130 148 284
8 261 418 873
51 829
397 459
23 27 74 92 303 386 546 586 708 735
5 39 156 203 446 462 513 645
20 223 734
71 115 868 891
29 88
131 306 605
74 98 380 819
213 341
135 229 596
3 151 294 822 840 906
15 109 714 917
94 210 332 368 563 696
3 27 47 134 165 242 606 685 964
30 313 390
41 99 146 165 189 549 767 923
42 130
601 744
22 28 268 455 502 593 672 717 877 947
174 491
15 36 119 198 254 330 381 435 577 597
6 52 217 504 988
32 139 514 613 975
3 29 87 324 506 605 838
100 261 264 339 418 548
73 601 998
85 95 97 480 724
1 646 878 884
44 46 232
44 48 150 221 480 860 973
471 494 864
147 292 560
30 31 78 158 917
153 421 665
28 30
43 294 974
56 816
51 75 136 226 246 552 578 739
43 49 693
396 403 537
37 86 168 223 355 362 424
46 49 105 197 345 430
232 497 629
35 302
340 832
12 208 839
62 123 528 574 605 986
289 519
238 253 254 489 726
59 88 149 239 277 335 458
7 20
511 735 831
14 16 18 302 346 473 553 615 657
18 67 82 90 112 343 950
11 67 90 197 213 235 293 316 496
37 70 96
5 176 279 346 472 599 786 921 965
4 11 104 118 244 320 364
9 25 448 689 887 900
1 168 301
114 987
4 11 12 42 443 545
270 758
83 378 486 588
7 59 220 826 829
125 351 622 798 1000
2 22 114 205 286 634 789 978
29 35 65 997
17 66 104 224
405 480 833 835 860
20 94 181 531 733 960
772 884 974
166 534 749
48 249 437 488 513 953
404 787
54 60 69 170 387 504 820 868
22 393
161 959 985
33 353
6 81 166 197 397 458
285 420
50 342
84 228 321 358 432 686
25 75 147 715
21 40 53 69 96 219 402
35 57 91 109 113 302 488
95 150 177 724
46 163 600
33 62 64 413 881
108 414 419 944
175 484 693
117 164
226 276 373 472 578 806
20 58 223 372 375 389 407 609
138 180 664
27 108 155 698 774
260 314 339 441
7 44 58 83 160 372 543 823
46 197 490 627 652 957
143 250
77 458 712
38 164
27 74 92 142
571 844
8 19 162 222 577
139 344 636
69 70 91 195
396 489 717
5 6 492
1 111 167 189
2 12 171 311 412 567
38 101 390 454 955 969
13 57 181 501
34 537
1 91 556
293 336 359 633
68 87 239 357 392 433 494 594 703 841
75 218 349 366 729 898
158 348 415 478
11 121 133 595
73 147 157 206 230 249 292 304 712 727
178 591 705 865
73 79 202
200 531 733
78 178 275 819
246 527
385 776
99 362
11 124 133 242 506
36 277
91 195 255 295 919
228 270 352
634 692
149 351 412 427
145 182 296 426 433 476 535 696
36 377
36 124 191 277 614 707 845 914
1 7 30 31 34 43
178 197
6 225 488 943 988
42 339 794
100 283
8 28 75 254 319 740 873 990
4 28 73 248 318 904 957
95 102
106 406
66 151 156 176 186 192 487 877
16 86 193 301 554 780 935
68 87 114 132 139 209 251 253 338 991
13 394
6 170 445
46 174 943
86 168
31 327 431 615 826 970
20 265 354 497
10 51 498
33 236 903
16 180 198 207 238 328 869 924 967
69 91 96 247 295 343 468 511
3 21 106
121 183
80 148 290 297 347 807
52 56 171 188 315 536 930
357 656
34 158 889 936
24 74 108 142 159 425 512 590 658
152 169 227 240 384 475 578 637
1 77 208 885
70 91 98 127 147 285
762 931 1000
40 70 195 728
70 436 860
30 116 364 409 581
135 177 229 849
19 65 218
282 980
10 353 532 867
99 113 239 294 754 861 926
28 455 740 742
179 225 495 580 713
185 259 335 367 584 700
34 52
55 196 279 602
48 83 174 490
332 353 881
50 232 485 711
48 50 99 102 128 351 362 554 743
3 43 266 302
88 243 514 565 934
10 51 379 498
18 844
82 444
6 21 26 445 514
50 269 711 730
29 416
57 186
64 131 413 416 440 826
21 32 106
310 849
10 42 120 229 323 468 875 920
26 55 113 159 389 415 445
13 19 145 350 563 647
11 191
125 249 340 389 698
38 61 65 84 170 215 259 280 700
164 387 454 461
588 738
27 111 383
2 3 203
8 247
561 653
19 142
87 408 552
165 190 902
100 141 355 465 523 574 821
36 202 533
118 211
12 546 569 686 879 985
237 241 656
58 63 590 747 817
9 365
48 71 947
8 137
12 21 32 321 766 782
2 38 164 306 331 739 790 817 961
8 75 136 227 417 516 655
28 251 990
61 68 186 231 381 542 686
416 788
82 205 266 463 598 789
5 166 388 639 989
336 611 814
18 828
24 27 71 134 159 386 774 964
46 93 105 174 213 430 572 714 940
58 67 315
16 828 906
59 84 158 165 503 887
314 901
22 111 123 150 185 256 278 550 986
85 111 386 680 816 916 991
115 560 764 977
7 55 82 518
178 940
30 34 52 54 166 171 558 749
163 611
63 69
62 932
21 68 89 589 751
10 68 263 821 903 916 982 984 995
140 448 606
61 91 411
379 651 979
70 96
358 524
504 522 599 694
84 231
149 767
78 297 620 865
48 161
14 39 536 775 802 931
167 199
9 25 203 502
10 39 51 127 791 946 949
359 743
6 14 124
3 17 606 909
365 526 603
163 205 400 460
114 344 474 808
4 354 631 930
24 115 286
38 212 665
4 225 713
770 809
505 721
71 98 224 253 467
936 937
7 18 163 518 522
15 342 738 771 793
278 859
69 111 303 380 735 946 962
20 51 56 63 262 429 734
56 95 144 544 912 973
58 233 315 839
18 46 86 152 240 391 591
18 49 60 89 199 291 404 792 956
118 653 710
23 489 568 708 947
1 32 44 155 451 583 709
139 379
5 9 53 160 342 930
11 129 163 566
376 544 563 627 771
67 106 423
63 120 561 969
6 659 931
6 42 511
9 284 570 968
21 257 262
41 410
27 614 660
143 187 334 557
82 226 626 666 814
14 39 895
31 34 77 107
7 335 447 766
7 35 48 128 618 621
98 116 343
133 260 315 839
11 20 90 124 284 607 640 688
129 581
45 49 886
45 49 370 587
10 72 138 373 428 830 918
32 54 78 443 577
253 641
209 781
200 745
105 174
5 65 102 196 210 553 582
107 115 268 583
100 140 173
12 72 136
105 129 871 917 957
18 49 103 226 348 843
104 110 252 258 380 420 479
3 47 118 908
57 94 132 164 174 218 304 566
40 295 741
30 52 520
69 258
36 77 171 275 417
4 270 273 959
81 170 243 459
267 777 971
51 248
11 58 144 260 595
6 37 608 981
36 56 177 579
103 319 748 756
165 427
145 217 254 274 621 638 768
304 515
120 153
17 22 320 842 915
120 153 234 306 421 781
101 103 117 288 850
72 75
390 461
36 386 856
114 275 613
384 603
154 239 362
7 43 188 525 997
299 487 549 642 809
15 46 95 879
3 9 47 104 130 203 222 242
67 423 763
63 375
13 23 66 122 217 392 564 698
2 3 244
24 71 159 509 857
40 96 116 308
107 331 493 913 969
89 326
16 127 139 780
20 223
56 64 141 245 529 531 660 756
5 26 39 85
61 159 286 509
103 210 280 324 439 993
60 92 93 303
121 190
32 137 244 265 589
2 66 176 775
34 107
491 933
4 7 143 175 405 495 622 654
76 185 579 853
45 214 695 832 973
583 681
46 68 129 139 263 394 402
31 236 551 951
77 84 118 352 469
261 380 395 945
1 33
281 413 837
48 102 177 485
209 843 979
21 181 282 382 484 805 824
29 401 589
24 386
35 390 592
101 466 895
880 994
108 383 831 964
111 112 252 457 657 765
49 67 181 191 632
159 217 625
114 154 379 809 987
8 15 652 697 737 901
1 32 54 109 300 309 517 562 812
50 79 150 177 232 293 437 510 621 720
47 162 399 609
21 54 136 262
35 56 95 230 437 618 711 720 882
14 237 547 680 805
2 37 52 494 812
148 411 473 669 810 858 897 922
33 840
33 35 126 287 361 682
122 639
456 462 600
62 100 207 268 773 882
1 223 787 983
129 911
272 855
51 75 250 324
41 51 205 256 618
57 554 835 912
189 803 928
8 184 443 516 548 848
19 107 158 595
16 172 834
6 282
199 233 550 592 607
83 148 490 751 810 922
215 567
158 534
91 444 561 690
3 54 126 227 429 525 614 693 994
110 122 405
13 19
188 290 647 820 864 913
166 388
140 582
538 829 869
74 155
12 311 326 406 499
12 144 164 357 446 782
96 649
2 52 126 247 878 974
529 576
5 33 110 361 494 581 710 911
1 53 55 138 309 623 666
1 18 167 226 345
9 22 356 441 564 680 701
92 137 245 319 614 676 748 750 999
47 255 328 574 613
180 198
898 938
5 8 15 119 177 233 279 281 733
52 107 125
204 218 389 714 804 887
20 417 532
182 605 836
18 45 603 713
16 139 194 954
110 112 122 252 285
7 127 408 475 670
7 21 93 110 885
110 175 258 367 457 479 484 936
83 225 276
108 202 801 823
93 214 369 409 788 976
3 597
15 79 305
69 70 91 113 116 229 690
127 216 892 990
169 215 413 478 558 774
725 882
22 132 393 441 612 634 677 685 846
3 17 104 299 524 612
23 79 128 488 510 743 863
27 884
481 507 757 849
4 13
30 75 338 592 790 844 908 971
135 150 372 437 550 799 888
31 388 534
81 116 119 802
62 64 123 688
40 69 894
220 870
23 56 65 85 128 150 221 269 598
121 280 369 584 761
35 284 530
67 124 191 194 260 360 506
144 201 582
33 184 447 878 913
73 466 578 643
528 709 904
32 616
2 3 27 133 171 184 192 195
390 454
16 35 86 128 956
29 369 452
4 55 171 279 350
40 91 102 644 678
40 66 70 222 442 690
32 59 176
944 989
68 305 425 682 779
94 157 204 206
27 710
31 78
106 311
88 209 434 469 527 817
115 134 541 546 831
81 329 807 995
216 260 292 942
660 961
226 250 276 426 438 625 674 784
7 43 575
219 284 636
25 61 153 180 423 440 496 554 765 883
126 305 330 436 779
160 257 635 792 886
16 86 301 317 487 956
19 588
17 26 82 162 537 996
138 219
5 63 847 914
55 80 666
9 17 25 364 642 689 692 785 896
227 238 349 869
81 536
237 464
4 10 190 219 308 592 718
125 769
7 569 580
6 228 805 899
5 440 886
6 14 97
25 178 223 645
173 246 265 345 584
20 429
5 722
719 889
25 40 98 176 255 468 741 752 919
1 447
377 458 533 540
39 109 346
72 281
94 132 194 288 309 369 953
71 419 891
187 323 469
523 807
85 158 293 343 532 799
132 700
18 76 109 132 274 676
34 244 273 419
11 68 191 718
126 460 991
20 168
45 87 157 482 562 566 601 949
23 56 107 211 452 562 985
58 90 109 216 233 986
31 78 551
3 60 224 570
4 10 87 234 723
26 50 312
5 98 150 182 245 636 671 968
14 16 53 353 407 768
284 984
24 33 214 292 399 706
180 317
36 59 277 519
92 507
53 82
345 953
40 149 825
12 21 77 312 326 514 526 749 755
167 371
36 212 843 948
117 132 155 407 661 901
80 433 479 610 704
22 126 321 467 646
9 35 124 147 188
51 261 800 896
3 38 101 117 182 188 786
13 310 505
31 166
61 143 172 187 228 270 435 498 955
24 95 96 109 277 378
121 485 725 852
23 44 161 202 553 633 732
59 533
354 414 438 593 661 723 806 938
3 42 87 154 190 427 683 803 960
16 168 198 297 424
8 9 184 477 516 577 761
61 183 231 370 587 760
48 97 128 135 269 730
26 170 731 1000
20 307 695 834
44 60 372
24 134 278 360 419 988
24 173 376 893
97 161 202 229 292 300 825
90 169 171 208 695
190 781
20 63 363 941
11 90 360 423 960
146 156 165 333 351 948
192 327 978
585 588 669 738
14 93 976
41 150 407
22 673 992
219 428
201 307 530 706
5 81 119 559
152 591
80 283 433 523 927
34 52 264 463 485 599 681
27 108 134 173 507
15 213 374 491
70 80 112 117 257 799
48 125 161 997
103 141 492 824 972 999
230 888
73 76 249
18 66 118
9 83 648 729 958
83 199 237 439 667 720
88 214
15 61 156 197 491 899
191 298 323 548
4 75 80 173 355 391 396 471
40 47 52 310 377 516 531 620 715 925
50 662 816
97 160 500 728
468 644 876 904
139 253 493 587
15 25 29 60 64 93 280 291 367 797
9 22 374
1 32 77 106 128 594 616 755 825
72 267 384 617
299 752
327 538 539
84 143 239 321 899
231 381
34 134 142 228 868
17 75 226 250 366 580 594 854
135 835
14 200
7 153
12 13 32 261 348 932
187 352 358 381 557 653 783 862
13 19 74 162 509 675
2 7 43 279 299 481 525
296 313 421 796
37 382
16 180 198 294 499 706
8 16 264 443 838
16 37 200 314 492 529 664
259 416 788
12 54 89 127 282 557 716 722
37 288 608
28 159 201 396 470
71 98 298 624 983
7 46 136 412 508 580 694 830 876
221 399 480 609 855
7 43
258 285 404 815
8 15 273
65 177 409 444 510
60 207 256 291 335 367 565 673
12 139 613 808
35 65 79 85 823
60 88 93 291 565
4 68 133 620
9 23 102 120 232 662
25 146 351 410 929
18 308 454
131 449 842
305 361
112 285 405
103 288 295
45 49 55 123 160 333 383 853
60 955
78 388
2 193
99 354 926
39 43 52 107 479 551
28 179
100 141 265 283 297 392
9 17 211 244 612
26 407
141 264 325 542
2 17
11 80 88 135 259 607 669 726 972
13 310 406 505 721
45 216 391 670 709 920
248 449 867
87 385 573
5 27 92 155 590 619 983
19 34 72 105 157 213 631 758 870
40 85 568 859
9 25 47 211 364 785 851
20 223 375 425 429 478
2 22 222 320 681
331 442 498 840 905
15 23 50 312 615
2 69 73 75 295 603 607 677
18 172 204 244 333
53 212 221 359 363 444 535 777
187 235 243 547
4 896
114 356 426 544 585 777 836
19 98 162 291 310 394 572
135 594 729 791 942
38 331
100 119 283
57 596 629
32 53 55 205 240 463
136 597 668 675 778
152 402 943
136 163 183 282
64 131 932
318 337
13 175 547
134 509
1 18 45 391
16 66 183 220 358 381 431
26 465
451 650 918
15 91 92 311 370 922
6 81 198 474 704 993
22 162
43 289 435 575
17 130 243
177 265 865
76 204 271
58 133
19 120 129
6 863
194 763 795
52 520
180 193
408 521
3 17 43 50 289 400 434 945
26 659
33 179 384 440 702 827
2 17 211 581 701 772 911
6 80 95 102 234 265 366 466 610
28 71 273 370 451
17 25 104 320 877 888 909
1 6 72 108 109 168 604 755 824
3 192 441 897
24 28 71 202 332 496
2 9
57 385 959
1 24 27 322 398 747
13 105 810
34 52 67 268 453 550 671 975
15 105 591 658 793
37 44 53 56 128 497 568 812
43 107 166 307 522
173 821
51 527
2 22 62 64
29 121 185 205 259 966
192 220 224 374 410 570 679
23 82 95 561 736 910
93 259
502 524 564 677
5 39
16 86 684
124 260
4 908
1 11 67 90 125 147 304 571 635 872
41 149 156 161 169 245 339 492 767 981
227 327
31 146 184 754
37 159 181 750 837
122 230 234 903
54 275
66 67 95 130
62 123 248 521 688
157 216 292 300 316 513 526
29 42 47 185 207 278 333
342 376 585
1 115 240 257 337 343 571 682
65 202
79 187 220 252 297 987
325 400 663
64 76 123 157 325 400 521
9 25 557 560 685
188 876
50 724
238 328 572
53 963
28 49 96 99 236 247 255 460 593
238 330 417 436 484 967
186 267
32 555 815
169 171
523 609
57 274 497
78 470
12 21 106 133 172 262 326 589
53 952
77 703
5 137 345
25 699
102 109 206 271 576 672
149 902
24 92 138 989
137 395 945
73 92 383
76 94 632 789
57 113 269 347 371 493 541 759 910 962
110 111 382
308 438 841
35 56 221 371 863
18 155 524
112 122 337 405 657 691 787
14 119 748
85 101 246 283 317 375 391
110 122 318
53 82 463 952
4 251 338 674 847 898
623 672 705
37 103 141 272 542 565 576 608 972 999
136 248
630 757
196 251 699 708
28 118 151 305 489 493 907 909
14 119 243 314 464 510 533 540 687
1 11 137 549 702
174 737
59 99 277 628 707 926
161 167 628 813
45 108 209 242 474 652 808
2 192
88 207 278 924
54 59 85 161 553
630 965
89 175 189 210 241 328 403 794
30 56 71 100 110 176 271 562 640
6 14 465 547 961
65 212 927
112 252
84 766 813
358 499 643 648 790
7 209 289 290 350 486 696 801
48 50 57 97 135 359 372 732
83 148 154 446 585 751 892
10 338
49 199 401 885
24 115 145 322 647
86 106 303 366 538
9 22 66 173 176 374 600 773
206 517 667 769 859
213 940
15 126 436 771
61 187 758
6 768
2 8 30 184 225 261 477 716 925
13 142 286 334 398 470 721 858
10 63 276 539
175 220 227 349
127 347 408 431 776 914
3 17 25 47 176 900
44 249 650
5 209 210 304 346
34 268
175 431
49 167
38 181
340 521
8 142 325 604 611
34 52 217 845 982
41 131 156 165 267
309 316 439
59 856
4 10 219 324 795
313 411
129 319 406
26 119
85 163 325 600 604 663
10 72 127 225 569 800 864
123 867
19 54 182 545
2 130
10 70 338 617
55 637 958
48 281
69 308
11 67
10 26
61 143 323 334 432 760 783
38 142 179
31 117 140 144 178 201 341 503
127 144 354 830 847
140 503
111 420 543 765
23 75 103 104 126 228 235 287 396 665
173 360 862
79 759
4 10 414
19 78 236 255 341 694 889 937
72 206 517
241 451
90 293 313 598 762
13 66 201 373 379 676 894
2 222
30 67 101 146 190 221
483 586
4 617
7 18
383 387 398 425 719
31 62 74 299 395 658 910
21 54 275 415 537 675
9 12 106 144 307 408 422 461 528 770
22 105 216 238
287 330
41 148 189 376
6 81 119 143 235 378 504 745 746 775
12 54 77 169
135 300 401
41 44 57 128 146 189 948
23 302
241 370
44 45 110
5 59
2 3 9 17 104 130 242 364 418 453
220 349
678 741
63 137 395
174 921
80 205 355 400 512 663 773
8 58 90 133 430 572 697 719
1 39 229 241 270 616 858
179 378 499 819
70 99 295 446 649
28 254 455 564 740 797 934
61 115 619 861 862
76 125 249 365 526 667 818
38 41 610
10 114
103 200 245
53 145
87 138 225 281 333 384 475 539 800
40 85 725
11 58 86 233 428 459
29 183 256
13 19 263 424
113 164 487 582 599 785 950
5 39 41 170 269 363 655 850 857 918
4 82 84 279 633 941 958 963
10 48 72 434 448 938 995
23 49 50 298 474 500 764 833 848
101 272 329 794 837
41 99
29 121 954 992
214 954 966
247 298
57 79 113
50 462 535 543 752 833
22 65 74 380 432 590 644 791
38 117
71 92 140 894 939 952
60 90 194 256 315 360 855
21 221 814
40 41 42 70 190 923
14 86 317 530 540
33 45 47 77 96 469 630 753 784 902
1 199 207
101 120 153
442 655
59 377
37 149 240 410 576 851
231 573
160 201 273 602 874
42 74 165 512
23 53 286 426 505 529 629 811
335 369 584
702 779
140 178 357 495 874
3 11 36 211 233 856
515 624
14 29 62 131 182 329 481 566
216 274 316 450 933
145 296
12 32
73 230 271 515 715
145 217 268 520 583 784
185 409
38 327 717
16 168 198 301 307 424 508 780
8 39 74 196 477
25 26 37
76 204 218 744
14 602
12 32 172 208 215 348 555
63 734
208 215 406
33 46 175 227 615
5 14 26 155 546 975
24 36 59 371 619
16 828 883
41 42
8 548
184 716
35 44 50 79 102 113 269 293
48 154 208 382 483 664 883 998
46 195
8 403
10 11 53 89 963
79 673
108 250 430 507 556 586
66 151 439 508 645 707
148 296 329 332 368 447 731 897
11 29 88 93 183 208 415 976
51 105 294
43 167 257 403 482 518 811
33 126 234 287 330 573 723
5 64 361 575 722 895
12 169
65 312
4 10 87 392 471 501 648 674 753 854
64 449
1 55 62 64 84 123 131 248
1 21 89 172 545 853 871
24 286 322 470 483 556 747
42 704
29 30 78 113 196 912
141 288 542 602
15 46
6 26 237 397 659 687 762
365 377
168 317
11 58 137 595 726 763
20 65 229
11 12 215 900
34 262 356 604
1 89 106 257 792 811
16 51 193 234
45 179 347
214 280 797 880
112 907
1 18
116 195
1 154 404 699
73 204
17 25 44 83 596 980
80 100 880
5 39 196 324 346 462
31 395 873
28 30 80 89 137 264
319 750
266 626
90 473 486 563
4 318 776
33 98 116 641 646
2 9 211
36 59 519 628 845
37 798
178 201
42 149 156 427 970
36 131 146 276
40 116 298
2 118 151 522
94 157 218 450 456 890
366 373 718 754 806 994
1 6 18 45 111 303 359 401 571 635
68 347 378 471 617
132 271
14 166 445 536 739
124 872
23 74 108 156 483 624 866 928
105 152 804
186 203 905
7 289
30 158 236 341
608 804 924
183 207
3 17 186 502 570 905
43 435 450 518 575
26 83 385
96 98 850
7 371 500
14 687
15 206 291 352 627 730 846
3 8 155 182 263 322 519 625
114 344
14 81 170 397 464 540 671 746
23 79
86 638
44 579 852 962
141 181 282 382 981
7 77 172 412 597 764 778
20 47 104 203 283
41 339 428 683 803 861
20 118 448
151 252 285 318 404 476 697 871 907
144 157 348 472 778 841
1 40 160 199 678 772
63 224 866
151 363
71 117 306 934
449 574
8 44 113 264 925
83 544
8 612
170 235 243 731
13 19 314 892
16 193 294 822 906
251 276 569 827
309 870 949
10 147 274 389 472 482 890
6 179 452 559 651 732 996
194 640
33 36 45 112 258 543 968
4 72 81 100 501 670
2 9 222 393 915
3 109 147 192 393 453 481 933
273 357 495 503 656 874 939
10 376 473
5 39 210 275
490 793
31 64 97 125 272 586 683
193 530 684 822
4 51 501 527 661
39 196
73 76 271 274 456 798 818 893
13 37 245 266 951
17 25
3 20 29 288 465
23 35 38 97 120 432
345 401
237 329 939
290 403 528 650 836
5 12 21 32 89 133 394 525 616 921
212 320 541 558 611 951
22 915
76 206 450 818 851 893
8 477
204 942
7 801
517 890
28 55 301 398
19 263 350 374 394 422 453 689
15 323 340 402
267 971
460 467
102 568
17 224 920
290 353 881 996
215 555
13 73 132 146 218 340 456 515 760
222 242 287 296 322 336 486
399 541 950
23 57 596
34 217 520
757 993
42 99 154 189 246 362 929 970
24 27 58 115 125 328 639 857 944
112 121 185 654 813
513 769
162 422 935
19 124 232
68 120 122 246 306 373 392 703 927
17 31 250
2 27 29 321 737
104 606
188 290
12 54 622 834
4 37 39 331 418 668 712
43 289
6 26 81 235 368 559 744
