12 26
22 32
5 6 28 30
2 5
5 10 26 35 36
3 9 23 35 50
5 21
10 18 19
9 42
2 6
32 40
33 38 39 44
4 36
7 12 38
6 13 28
2 24 29
9 19
2 13
2 8 41 44 48
15 21
3 8 45
2 3 40 41
7 32
3 15 49
4 9 18 21 24
1 16 22
38 39 43 48
1 25
3 31
14 20 31 34
23 40
16 17 27
1 7 25 46
20 29
6 11
34 50
9 10 17
12 14 37
10 19
1 12 25
11 43 47
8 31
30 36
12 45
5 13 23 28 30
4 11 44 50
16 33
7 17 19 42
13 15
10 20 25
17 24 29 43 47
4 14 26 34
45 46
18 22
6 18 22 24
20 27 37
11 27
15 21 23 47
8 33
8 48
7 39 42 46 49
1 4 20
16 41 49
11 14 37
1 35
