0.0006644745762711864
0.0006644745762711864
0.0006644745762711864
0.0006644745762711864
0.0006644745762711864
0.0006644745762711864
0.0006644745762711864
0.0008405
0.0012974653465346534
0.0018427919463087248
0.002904
0.002904
0.002904
0.005050794019933555
0.005165019801980198
0.005156263157894737
0.005212459283387622
0.0038001666666666665
0.00375948
0.003706503311258278
0.0036540300000000004
0.003615976821192053
0.003615976821192053
0.003558887043189369
0.003540251655629139
0.0003587586206896552
0.0003517586206896552
0.00032232142857142854
0.00032232142857142854
0.00030465384615384615
0.00026004166666666667
0.0002535
0.00023563636363636362
0.0002267142857142857
0.00017152941176470587
0.000126
0.000126
0.000126
9.9e-05
9.9e-05
9.9e-05
9e-05
7.2e-05
7.2e-05
7.2e-05
7.2e-05
7.2e-05
7.2e-05
6.3e-05
6.3e-05
9e-06
9e-06
9e-06
9e-06
9e-06
9e-06
9e-06
9e-06
9e-06
9e-06
9e-06
9e-06
9e-06
9e-06
9e-06
9e-06
9e-06
9e-06
9e-06
9e-06
9e-06
9e-06
9e-06
9e-06
9e-06
0.0
0.0
0.0
0.0
0.0
0.0
0.0
0.0
0.0
0.0
0.0
0.0
0.0
0.0
0.0
0.0
0.0
0.0
0.0
0.0
0.0
0.0
0.0
0.0
0.0
0.0
