0.0008222602739726027
0.0008222602739726027
0.0008222602739726027
0.0008222602739726027
0.0008222602739726027
0.0008222602739726027
0.0008222602739726027
0.0009091645569620254
0.001414008620689655
0.00203136
0.0031725401785714286
0.0031725401785714286
0.0031725401785714286
0.006294260726072607
0.006294260726072607
0.006271111475409836
0.006329758957654723
0.0034260223048327137
0.003392033333333333
0.003372457564575646
0.0033513247232472326
0.003330258302583026
0.003330258302583026
0.0033145037037037037
0.0032768152173913044
0.0002578947368421053
0.0002578947368421053
0.00022755555555555555
0.00022755555555555555
0.00022755555555555555
0.00018225
0.00018225
0.0001734
0.00015576923076923078
0.0001225
0.00010677777777777777
0.00010677777777777777
0.00010677777777777777
7.557142857142857e-05
7.557142857142857e-05
7.557142857142857e-05
7.557142857142857e-05
5.4e-05
5.4e-05
5.4e-05
5.4e-05
5.4e-05
5.4e-05
5.4e-05
5.4e-05
9e-06
9e-06
0.0
0.0
0.0
0.0
0.0
0.0
0.0
0.0
0.0
0.0
0.0
0.0
0.0
0.0
0.0
0.0
0.0
0.0
0.0
0.0
0.0
0.0
0.0
0.0
0.0
0.0
0.0
0.0
0.0
0.0
0.0
0.0
0.0
0.0
0.0
0.0
0.0
0.0
0.0
0.0
0.0
0.0
0.0
0.0
0.0
0.0
0.0
0.0
0.0
