0.0009467142857142856
0.0009467142857142856
0.0009467142857142856
0.0009467142857142856
0.0009467142857142856
0.0009467142857142856
0.0009467142857142856
0.0011716435643564357
0.0015470703125
0.002443232044198895
0.004162861313868613
0.004162861313868613
0.004162861313868613
0.005240027355623101
0.00528800303030303
0.00528800303030303
0.005304027272727273
0.003458556291390728
0.0034315364238410597
0.0033933861386138617
0.003366748366013072
0.0033601176470588233
0.0033601176470588233
0.00331155737704918
0.0032876111111111114
0.00023169565217391304
0.00023169565217391304
0.00017152941176470587
0.00017152941176470587
0.0001625625
0.00013828571428571427
0.00013828571428571427
0.00012033333333333332
0.00010240000000000001
7.8125e-05
6.914285714285714e-05
6.914285714285714e-05
6.914285714285714e-05
6.914285714285714e-05
6.914285714285714e-05
6.016666666666666e-05
6.016666666666666e-05
6.016666666666666e-05
6.016666666666666e-05
5.1200000000000004e-05
5.1200000000000004e-05
5.1200000000000004e-05
5.1200000000000004e-05
5.1200000000000004e-05
5.1200000000000004e-05
0.0
0.0
0.0
0.0
0.0
0.0
0.0
0.0
0.0
0.0
0.0
0.0
0.0
0.0
0.0
0.0
0.0
0.0
0.0
0.0
0.0
0.0
0.0
0.0
0.0
0.0
0.0
0.0
0.0
0.0
0.0
0.0
0.0
0.0
0.0
0.0
0.0
0.0
0.0
0.0
0.0
0.0
0.0
0.0
0.0
0.0
0.0
0.0
0.0
0.0
0.0
