0.000669515625
0.000669515625
0.000669515625
0.000669515625
0.000669515625
0.000669515625
0.000669515625
0.0008646124999999999
0.0012450934579439253
0.0020317636363636365
0.0028002857142857144
0.0028002857142857144
0.0028002857142857144
0.0055029644012944984
0.005486097087378641
0.005507085987261146
0.005498713375796179
0.0033548592057761734
0.003328935251798561
0.003296347670250896
0.0032612801418439715
0.0032294558303886923
0.0032294558303886923
0.003207095744680851
0.003164450704225352
0.0002030625
0.0002030625
0.0001715
0.0001715
0.0001715
0.00014892307692307693
0.00014892307692307693
0.00012445454545454546
0.00011136363636363636
0.00011136363636363636
0.00011136363636363636
0.00011136363636363636
0.00010509090909090909
9e-05
9e-05
9e-05
9e-05
8.1e-05
8.1e-05
8.1e-05
7.2e-05
7.2e-05
7.2e-05
7.2e-05
7.2e-05
1.8e-05
1.8e-05
1.8e-05
1.8e-05
1.8e-05
1.8e-05
1.8e-05
1.8e-05
1.8e-05
1.8e-05
9e-06
9e-06
9e-06
9e-06
9e-06
9e-06
9e-06
0.0
0.0
0.0
0.0
0.0
0.0
0.0
0.0
0.0
0.0
0.0
0.0
0.0
0.0
0.0
0.0
0.0
0.0
0.0
0.0
0.0
0.0
0.0
0.0
0.0
0.0
0.0
0.0
0.0
0.0
0.0
0.0
0.0
0.0
