0.0006933492063492064
0.0006933492063492064
0.0006933492063492064
0.0006933492063492064
0.0006933492063492064
0.0006933492063492064
0.0006933492063492064
0.0008400133333333333
0.0012757714285714285
0.0018678639455782314
0.0025130196078431374
0.0025130196078431374
0.0025130196078431374
0.005690321554770318
0.00571161724137931
0.005739459183673469
0.005718246621621622
0.003522821052631579
0.0034772579505300354
0.0034458982456140354
0.0034112140350877193
0.003362
0.003362
0.0033075555555555558
0.0032644505119453927
0.0003008333333333333
0.0003008333333333333
0.0002675925925925926
0.0002675925925925926
0.0002675925925925926
0.00024336
0.00024336
0.00024336
0.00021018181818181818
0.00017705263157894737
0.000144
0.000144
0.000135
0.000117
0.000117
0.000117
0.000117
7.2e-05
7.2e-05
6.3e-05
6.3e-05
6.3e-05
6.3e-05
6.3e-05
6.3e-05
2.7e-05
1.8e-05
1.8e-05
1.8e-05
1.8e-05
1.8e-05
1.8e-05
1.8e-05
1.8e-05
1.8e-05
0.0
0.0
0.0
0.0
0.0
0.0
0.0
0.0
0.0
0.0
0.0
0.0
0.0
0.0
0.0
0.0
0.0
0.0
0.0
0.0
0.0
0.0
0.0
0.0
0.0
0.0
0.0
0.0
0.0
0.0
0.0
0.0
0.0
0.0
0.0
0.0
0.0
0.0
0.0
0.0
0.0
