0.0006093793103448276
0.0006093793103448276
0.0006093793103448276
0.0006093793103448276
0.0006093793103448276
0.0006093793103448276
0.0006093793103448276
0.0008581621621621622
0.0012392403846153844
0.001682049645390071
0.0030078968609865467
0.0030078968609865467
0.0030078968609865467
0.004848662162162162
0.004840762711864407
0.004848335570469799
0.00484812
0.0035439114391143914
0.003522247232472325
0.0034442934782608695
0.003414250896057348
0.0033830071174377227
0.0033830071174377227
0.003333552816901408
0.003296646853146853
0.00027826086956521737
0.00027826086956521737
0.00023333333333333333
0.00023333333333333333
0.00023333333333333333
0.0001958421052631579
0.0001958421052631579
0.0001958421052631579
0.0001868888888888889
0.0001536
0.00013569230769230767
0.00013569230769230767
0.00013569230769230767
0.00010509090909090909
0.00010509090909090909
0.00010509090909090909
9.9e-05
9.9e-05
9.9e-05
9e-05
9e-05
9e-05
9e-05
8.1e-05
8.1e-05
0.0
0.0
0.0
0.0
0.0
0.0
0.0
0.0
0.0
0.0
0.0
0.0
0.0
0.0
0.0
0.0
0.0
0.0
0.0
0.0
0.0
0.0
0.0
0.0
0.0
0.0
0.0
0.0
0.0
0.0
0.0
0.0
0.0
0.0
0.0
0.0
0.0
0.0
0.0
0.0
0.0
0.0
0.0
0.0
0.0
0.0
0.0
0.0
0.0
0.0
0.0
