0.0006963582089552239
0.0006963582089552239
0.0006963582089552239
0.0006963582089552239
0.0006963582089552239
0.0006963582089552239
0.0006963582089552239
0.0009336206896551724
0.0013372232142857142
0.002312523529411765
0.0038793333333333336
0.0038793333333333336
0.0038793333333333336
0.005602005934718102
0.005617423529411764
0.005625293255131964
0.005617173020527859
0.0032404945454545453
0.003231682481751825
0.0031810471014492754
0.003172203636363636
0.003162801444043321
0.003162801444043321
0.0031178453237410073
0.0031066702508960576
0.00021025
0.00021025
0.000196
0.000196
0.000196
0.00014008333333333334
0.00014008333333333334
0.00013127272727272727
0.00012445454545454546
0.0001
8.228571428571429e-05
8.228571428571429e-05
8.228571428571429e-05
6.666666666666667e-05
6.666666666666667e-05
6.666666666666667e-05
6.666666666666667e-05
4.5e-05
4.5e-05
4.5e-05
4.5e-05
3.6e-05
3.6e-05
3.6e-05
3.6e-05
9e-06
9e-06
0.0
0.0
0.0
0.0
0.0
0.0
0.0
0.0
0.0
0.0
0.0
0.0
0.0
0.0
0.0
0.0
0.0
0.0
0.0
0.0
0.0
0.0
0.0
0.0
0.0
0.0
0.0
0.0
0.0
0.0
0.0
0.0
0.0
0.0
0.0
0.0
0.0
0.0
0.0
0.0
0.0
0.0
0.0
0.0
0.0
0.0
0.0
0.0
0.0
