0.0007605
0.0007605
0.0007605
0.0007605
0.0007605
0.0007605
0.0007605
0.0009911123595505618
0.0013653333333333332
0.0019677808219178083
0.003352782407407407
0.003352782407407407
0.003352782407407407
0.004802496815286624
0.004787250793650793
0.005056112852664577
0.00554445
0.0034945247524752476
0.003478890728476821
0.003422674418604651
0.00334668
0.0033334158415841584
0.0033334158415841584
0.0032632105263157895
0.0032525114754098357
0.0002801666666666667
0.0002801666666666667
0.0002556818181818182
0.0002556818181818182
0.0002556818181818182
0.00021355555555555554
0.00021355555555555554
0.000196
0.00017152941176470587
0.0001500625
0.00011408333333333333
0.00011408333333333333
0.00011408333333333333
8.711111111111112e-05
8.711111111111112e-05
8.711111111111112e-05
8.711111111111112e-05
7.8125e-05
7.8125e-05
7.8125e-05
6.3e-05
6.3e-05
6.3e-05
6.3e-05
6.3e-05
1.8e-05
1.8e-05
1.8e-05
1.8e-05
1.8e-05
1.8e-05
1.8e-05
1.8e-05
9e-06
9e-06
9e-06
9e-06
9e-06
9e-06
9e-06
9e-06
9e-06
9e-06
9e-06
0.0
0.0
0.0
0.0
0.0
0.0
0.0
0.0
0.0
0.0
0.0
0.0
0.0
0.0
0.0
0.0
0.0
0.0
0.0
0.0
0.0
0.0
0.0
0.0
0.0
0.0
0.0
0.0
0.0
0.0
0.0
0.0
