0.0005980491803278689
0.0005980491803278689
0.0005980491803278689
0.0005980491803278689
0.0005980491803278689
0.0005980491803278689
0.0005980491803278689
0.0007744133333333333
0.001097795918367347
0.001928673611111111
0.0035254453781512606
0.0035254453781512606
0.0035254453781512606
0.005064728155339806
0.005064545161290322
0.005064545161290322
0.005032391585760518
0.0034660823970037455
0.00343164552238806
0.0034252344322344324
0.003404014652014652
0.003374003623188406
0.003374003623188406
0.0032826129032258065
0.003268906810035842
0.00025205000000000003
0.00024004761904761903
0.0002178
0.0002178
0.0002178
0.0001868888888888889
0.0001868888888888889
0.0001868888888888889
0.00017152941176470587
0.00015625
0.00012930769230769232
0.00012930769230769232
0.00012930769230769232
9e-05
9e-05
9e-05
9e-05
8.1e-05
8.1e-05
8.1e-05
8.1e-05
8.1e-05
8.1e-05
7.2e-05
7.2e-05
9e-06
9e-06
9e-06
9e-06
9e-06
0.0
0.0
0.0
0.0
0.0
0.0
0.0
0.0
0.0
0.0
0.0
0.0
0.0
0.0
0.0
0.0
0.0
0.0
0.0
0.0
0.0
0.0
0.0
0.0
0.0
0.0
0.0
0.0
0.0
0.0
0.0
0.0
0.0
0.0
0.0
0.0
0.0
0.0
0.0
0.0
0.0
0.0
0.0
0.0
0.0
0.0
