0.0007758805970149253
0.0007758805970149253
0.0007758805970149253
0.0007758805970149253
0.0007758805970149253
0.0007758805970149253
0.0007758805970149253
0.0010601720430107528
0.001488982456140351
0.0021995064935064934
0.002994788990825688
0.002994788990825688
0.002994788990825688
0.005897155279503106
0.005888599378881988
0.005883085626911314
0.005855756838905775
0.0035997576791808876
0.0035665850340136055
0.003537457912457912
0.0034170033898305086
0.0034054594594594596
0.0034054594594594596
0.003362766101694915
0.0033223728813559323
0.00027654545454545456
0.00027654545454545456
0.000245
0.000245
0.000245
0.00022444999999999998
0.0002178
0.00020889473684210526
0.00019338888888888889
0.00014223076923076922
0.00011781818181818181
0.00011781818181818181
0.0001089
0.00010240000000000001
0.00010240000000000001
0.00010240000000000001
0.00010240000000000001
8.45e-05
8.45e-05
7.557142857142857e-05
7.557142857142857e-05
7.557142857142857e-05
7.557142857142857e-05
6.016666666666666e-05
6.016666666666666e-05
9e-06
9e-06
9e-06
9e-06
9e-06
9e-06
9e-06
9e-06
9e-06
9e-06
9e-06
9e-06
9e-06
9e-06
9e-06
9e-06
9e-06
9e-06
9e-06
9e-06
9e-06
9e-06
9e-06
9e-06
9e-06
0.0
0.0
0.0
0.0
0.0
0.0
0.0
0.0
0.0
0.0
0.0
0.0
0.0
0.0
0.0
0.0
0.0
0.0
0.0
0.0
0.0
0.0
0.0
0.0
0.0
0.0
