0.009542550955414014
0.009542550955414014
0.009542550955414014
0.009542550955414014
0.009542550955414014
0.009542550955414014
0.009542550955414014
0.01140248275862069
0.013548975675675676
0.010731510416666666
0.007121481818181818
0.007121481818181818
0.007121481818181818
0.0035862723004694837
0.003569514018691589
0.003569514018691589
0.0035691906976744185
6.533333333333333e-05
6.533333333333333e-05
6.533333333333333e-05
6.533333333333333e-05
6.533333333333333e-05
6.533333333333333e-05
1.6e-05
1.6e-05
0.0
0.0
0.0
0.0
0.0
0.0
0.0
0.0
0.0
0.0
0.0
0.0
0.0
0.0
0.0
0.0
0.0
0.0
0.0
0.0
0.0
0.0
0.0
0.0
0.0
0.0
0.0
0.0
0.0
0.0
0.0
0.0
0.0
0.0
0.0
0.0
0.0
0.0
0.0
0.0
0.0
0.0
0.0
0.0
0.0
0.0
0.0
0.0
0.0
0.0
0.0
0.0
0.0
0.0
0.0
0.0
0.0
0.0
0.0
0.0
0.0
0.0
0.0
0.0
0.0
0.0
0.0
0.0
0.0
0.0
0.0
0.0
0.0
0.0
0.0
0.0
