0.007871518518518519
0.007871518518518519
0.007871518518518519
0.007871518518518519
0.007871518518518519
0.007871518518518519
0.007871518518518519
0.009498612307692307
0.012462049868766404
0.011104209302325582
0.007544449567723342
0.007544449567723342
0.007544449567723342
0.003746170403587444
0.003746170403587444
0.003713801801801802
0.003713801801801802
7.225e-05
7.225e-05
7.225e-05
6.4e-05
6.4e-05
6.4e-05
4.8e-05
4.8e-05
1.6e-05
1.6e-05
0.0
0.0
0.0
0.0
0.0
0.0
0.0
0.0
0.0
0.0
0.0
0.0
0.0
0.0
0.0
0.0
0.0
0.0
0.0
0.0
0.0
0.0
0.0
0.0
0.0
0.0
0.0
0.0
0.0
0.0
0.0
0.0
0.0
0.0
0.0
0.0
0.0
0.0
0.0
0.0
0.0
0.0
0.0
0.0
0.0
0.0
0.0
0.0
0.0
0.0
0.0
0.0
0.0
0.0
0.0
0.0
0.0
0.0
0.0
0.0
0.0
0.0
0.0
0.0
0.0
0.0
0.0
0.0
0.0
0.0
0.0
0.0
0.0
0.0
