0.007847875432525952
0.007847875432525952
0.007847875432525952
0.007847875432525952
0.007847875432525952
0.007847875432525952
0.007847875432525952
0.01056465256797583
0.013432225
0.011462170212765957
0.007371129909365559
0.007371129909365559
0.007371129909365559
0.0037536044444444446
0.0037288672566371684
0.0037288672566371684
0.0037047511111111112
7.225e-05
7.225e-05
5.633333333333334e-05
5.633333333333334e-05
4.05e-05
4.05e-05
3.2e-05
3.2e-05
0.0
0.0
0.0
0.0
0.0
0.0
0.0
0.0
0.0
0.0
0.0
0.0
0.0
0.0
0.0
0.0
0.0
0.0
0.0
0.0
0.0
0.0
0.0
0.0
0.0
0.0
0.0
0.0
0.0
0.0
0.0
0.0
0.0
0.0
0.0
0.0
0.0
0.0
0.0
0.0
0.0
0.0
0.0
0.0
0.0
0.0
0.0
0.0
0.0
0.0
0.0
0.0
0.0
0.0
0.0
0.0
0.0
0.0
0.0
0.0
0.0
0.0
0.0
0.0
0.0
0.0
0.0
0.0
0.0
0.0
0.0
0.0
0.0
0.0
0.0
0.0
