0.007843877133105802
0.007843877133105802
0.007843877133105802
0.007843877133105802
0.007843877133105802
0.007843877133105802
0.007843877133105802
0.011017190476190477
0.015280875
0.012105973614775724
0.008000816860465117
0.008000816860465117
0.008000816860465117
0.0039446428571428575
0.0039446428571428575
0.0039446428571428575
0.0039446428571428575
0.00012014285714285714
0.00010416666666666667
0.00010416666666666667
8e-05
6.4e-05
6.4e-05
6.4e-05
4.8e-05
0.0
0.0
0.0
0.0
0.0
0.0
0.0
0.0
0.0
0.0
0.0
0.0
0.0
0.0
0.0
0.0
0.0
0.0
0.0
0.0
0.0
0.0
0.0
0.0
0.0
0.0
0.0
0.0
0.0
0.0
0.0
0.0
0.0
0.0
0.0
0.0
0.0
0.0
0.0
0.0
0.0
0.0
0.0
0.0
0.0
0.0
0.0
0.0
0.0
0.0
0.0
0.0
0.0
0.0
0.0
0.0
0.0
0.0
0.0
0.0
0.0
0.0
0.0
0.0
0.0
0.0
0.0
0.0
0.0
0.0
0.0
0.0
0.0
0.0
0.0
0.0
