0.00738675
0.00738675
0.00738675
0.00738675
0.00738675
0.00738675
0.00738675
0.009402609120521172
0.013948957104557642
0.011519750656167978
0.007491811764705883
0.007491811764705883
0.007491811764705883
0.0036748801843317974
0.003650230414746544
0.00363384331797235
0.00363384331797235
0.00012014285714285714
0.00012014285714285714
0.00010416666666666667
0.00010416666666666667
6.4e-05
6.4e-05
4.8e-05
4.8e-05
0.0
0.0
0.0
0.0
0.0
0.0
0.0
0.0
0.0
0.0
0.0
0.0
0.0
0.0
0.0
0.0
0.0
0.0
0.0
0.0
0.0
0.0
0.0
0.0
0.0
0.0
0.0
0.0
0.0
0.0
0.0
0.0
0.0
0.0
0.0
0.0
0.0
0.0
0.0
0.0
0.0
0.0
0.0
0.0
0.0
0.0
0.0
0.0
0.0
0.0
0.0
0.0
0.0
0.0
0.0
0.0
0.0
0.0
0.0
0.0
0.0
0.0
0.0
0.0
0.0
0.0
0.0
0.0
0.0
0.0
0.0
0.0
0.0
0.0
0.0
0.0
