0.009138270627062706
0.009138270627062706
0.009138270627062706
0.009138270627062706
0.009138270627062706
0.009138270627062706
0.009138270627062706
0.010087048192771085
0.011390625
0.011345714285714287
0.007510276967930029
0.007510276967930029
0.007510276967930029
0.0038037713004484305
0.0038037713004484305
0.0037955156950672643
0.003771283783783784
0.000144
0.000128
8e-05
8e-05
8e-05
8e-05
4.8e-05
4.8e-05
0.0
0.0
0.0
0.0
0.0
0.0
0.0
0.0
0.0
0.0
0.0
0.0
0.0
0.0
0.0
0.0
0.0
0.0
0.0
0.0
0.0
0.0
0.0
0.0
0.0
0.0
0.0
0.0
0.0
0.0
0.0
0.0
0.0
0.0
0.0
0.0
0.0
0.0
0.0
0.0
0.0
0.0
0.0
0.0
0.0
0.0
0.0
0.0
0.0
0.0
0.0
0.0
0.0
0.0
0.0
0.0
0.0
0.0
0.0
0.0
0.0
0.0
0.0
0.0
0.0
0.0
0.0
0.0
0.0
0.0
0.0
0.0
0.0
0.0
0.0
0.0
