0.007689423208191126
0.007689423208191126
0.007689423208191126
0.007689423208191126
0.007689423208191126
0.007689423208191126
0.007689423208191126
0.008108501607717042
0.010544047091412741
0.011364377604166667
0.007719313218390805
0.007719313218390805
0.007719313218390805
0.003865909090909091
0.0038414025974025977
0.0038254086956521736
0.0038172565217391304
7.225e-05
6.4e-05
4.8e-05
1.6e-05
1.6e-05
1.6e-05
0.0
0.0
0.0
0.0
0.0
0.0
0.0
0.0
0.0
0.0
0.0
0.0
0.0
0.0
0.0
0.0
0.0
0.0
0.0
0.0
0.0
0.0
0.0
0.0
0.0
0.0
0.0
0.0
0.0
0.0
0.0
0.0
0.0
0.0
0.0
0.0
0.0
0.0
0.0
0.0
0.0
0.0
0.0
0.0
0.0
0.0
0.0
0.0
0.0
0.0
0.0
0.0
0.0
0.0
0.0
0.0
0.0
0.0
0.0
0.0
0.0
0.0
0.0
0.0
0.0
0.0
0.0
0.0
0.0
0.0
0.0
0.0
0.0
0.0
0.0
0.0
0.0
0.0
