0.009669316455696202
0.009669316455696202
0.009669316455696202
0.009669316455696202
0.009669316455696202
0.009669316455696202
0.009669316455696202
0.011595129943502825
0.0144600625
0.011175125
0.007485380116959065
0.007485380116959065
0.007485380116959065
0.003731579908675799
0.003731579908675799
0.003691359447004608
0.003691359447004608
0.000136125
0.000128
0.000128
0.000128
0.000128
0.000128
0.000128
8e-05
3.2e-05
3.2e-05
0.0
0.0
0.0
0.0
0.0
0.0
0.0
0.0
0.0
0.0
0.0
0.0
0.0
0.0
0.0
0.0
0.0
0.0
0.0
0.0
0.0
0.0
0.0
0.0
0.0
0.0
0.0
0.0
0.0
0.0
0.0
0.0
0.0
0.0
0.0
0.0
0.0
0.0
0.0
0.0
0.0
0.0
0.0
0.0
0.0
0.0
0.0
0.0
0.0
0.0
0.0
0.0
0.0
0.0
0.0
0.0
0.0
0.0
0.0
0.0
0.0
0.0
0.0
0.0
0.0
0.0
0.0
0.0
0.0
0.0
0.0
0.0
0.0
0.0
