0.011572032786885246
0.011572032786885246
0.011572032786885246
0.011572032786885246
0.011572032786885246
0.011572032786885246
0.011572032786885246
0.016038706329113923
0.014191077669902913
0.011116905472636817
0.00744221613832853
0.00744221613832853
0.00744221613832853
0.003716147465437788
0.003716147465437788
0.003716147465437788
0.0037078755760368664
9.025e-05
9.025e-05
9.025e-05
8.1e-05
3.2e-05
3.2e-05
3.2e-05
3.2e-05
0.0
0.0
0.0
0.0
0.0
0.0
0.0
0.0
0.0
0.0
0.0
0.0
0.0
0.0
0.0
0.0
0.0
0.0
0.0
0.0
0.0
0.0
0.0
0.0
0.0
0.0
0.0
0.0
0.0
0.0
0.0
0.0
0.0
0.0
0.0
0.0
0.0
0.0
0.0
0.0
0.0
0.0
0.0
0.0
0.0
0.0
0.0
0.0
0.0
0.0
0.0
0.0
0.0
0.0
0.0
0.0
0.0
0.0
0.0
0.0
0.0
0.0
0.0
0.0
0.0
0.0
0.0
0.0
0.0
0.0
0.0
0.0
0.0
0.0
0.0
0.0
