0.009059561128526647
0.009059561128526647
0.009059561128526647
0.009059561128526647
0.009059561128526647
0.009059561128526647
0.009059561128526647
0.01111807183908046
0.014865678010471204
0.011603324808184143
0.0076910804597701155
0.0076910804597701155
0.0076910804597701155
0.0037790313901345293
0.0037790313901345293
0.003763045045045045
0.003763045045045045
0.00020833333333333335
0.00019236363636363637
0.0001445
0.00012014285714285714
0.00012014285714285714
0.00012014285714285714
6.4e-05
4.8e-05
0.0
0.0
0.0
0.0
0.0
0.0
0.0
0.0
0.0
0.0
0.0
0.0
0.0
0.0
0.0
0.0
0.0
0.0
0.0
0.0
0.0
0.0
0.0
0.0
0.0
0.0
0.0
0.0
0.0
0.0
0.0
0.0
0.0
0.0
0.0
0.0
0.0
0.0
0.0
0.0
0.0
0.0
0.0
0.0
0.0
0.0
0.0
0.0
0.0
0.0
0.0
0.0
0.0
0.0
0.0
0.0
0.0
0.0
0.0
0.0
0.0
0.0
0.0
0.0
0.0
0.0
0.0
0.0
0.0
0.0
0.0
0.0
0.0
0.0
0.0
0.0
