14 21 59 71 203 205 264 368 565 884
54 143 177 231 337 372 658 993
4 53 262 321 533 741 944
24 84 340 791
74 514
136 825
36 101 223 316 328 338 585 929
2 3 5 14 57 110 153 330
123 243 450 598 822
115 404 625
10 140 178 199 384 508 544
53 364
3 49 507 964
43 94 124 862
4 24 38 45 152 172 261 275 371 820
60 113
99 181 383
54 147 657
115 351
91 145 467 923
63 290
30 86 104 239 694 940
226 470
722 882
26 539
42 82 158 311 604 736 777 908 964 966
19 167 245
2 52 164 358 418 528 595 621
13 111 210 229 359 424 517
103 150 251 770 934
17 83 113 135 346 394 748 821 858
7 704
24 161 240 316 519 879
22 728
10 18 95 109 140 178 379
5 114 304 396 437 527
35 855
17 171 194
5 215
108 122 237
27 76 97 119 733 832
46 197 228 499 546 794
103 408 640
137 700 915
29 134
273 419 873
10 16 103 460 506 524
134 406 521 595
37 51 228 423
11 40 132 156 291 374 607 856 878
49 73 577 790
243 605
3 24 37 75 218 380 385 439 571 572
457 511
253 743
246 620
34 118 147 158 189 304 396 624 731 962
228 294 394 442
45 101 126 280 414 454
12 23 54
50 291
493 576 802
13 31 174 369 761 993
21 216 365 537 625 725 793
6 281 336 643 682
6 68 88 90 111 120 677 982
112 194 227 361 594 615 750
43 351 467 721 754
26 238 332 341 438 539 650
53 62 81 345
17 139 256
32 64 66 567 741 922
11 33 88
15 97 256 576 783
35 44 106 119 147 586 608
25 146
13 27 57
606 812 838
36 545 936
28 229 286 403 529
28 156 698 763
143 186 240 259 268 339 564
411 670
13 70 115 217 342 609 680 844 948
4 313 434 692 884
13 152 336 411 458 796 959
4 88 509 522
16 69 93 603 743
133 546
76 239 272 480 484 586 588
44 120 196
3 72 86 513
20 54 70 247 620
55 78 233 370
498 864
50 68 166 171 269 617 652
25 523 594 886
15 317
57 70
23 111 129 167
39 609
11 97 457 502
7 18 69 865
62 67 468
7 375 608 855
201 575
312 766
211 353 973
23 241
250 372 934
536 637 788
18 231 926
5 41 118
6 14 49 130 149 324
9 71 159 172 599 600
176 899
147 158 186 461
152 176 268 587 765 876 921
449 566 578
131 136
15 33 44 79 105 213 230 331 443
1 111
35 37 52 87 158 366 595
42 130
39 105 154 182 219 249 310 536 788
69 81 117 185 494
44 916
5 215 413 426 831
399 596
33 107
35 71 77 80 303 513 721 779 844
3 14 71 86 87 132 182 199 428
60 65 98 224 452 732
152 535 584 917 975
28 86 144 168 371 535 988
127 824
75 189 450 712 781
371 671
4 8 130 365 491
21 92
15 16 54 115 243 498 524 527 541
9 104 397 752
25 48 328 490 639 900
89 110 205 867
682 734
19 181 684 687 915 921
100 124 686
32 180
46 90 184 197 251 352 487 497
103 150 220 568 631 637
559 600
26 221
57 844
111 277
32 46 92 93 159 163 234 397 474 477
31 71 112 117 124 296
258 436
10 11 12 63 451 721
56 273
27 283 869
21 208 307 719
54 162 304
23 589
46 738 809
112 123
55 221 262 368 400 405
3 54 169 249 303 343 797 937
12 39 43 101 214 310 324 449 630
134 209 279
27 40 42 80 156 262 561 571 804
32 300 591 901
8 262
84 433
247 391
51 172
12 94
94 248 441 548
11 78 581
15 541
22 590
4 30 86 275 479 880
163 306 307 412 560 894 962
45 64
77 107 315 567 752 802 955
45 64 75 120 425
23 40 46 129 167 241 414 533
329 534
67 218 628
125 451 604 754 762
109 133 408 478
27 39
25 107 157 354 395
10 702
231 564 742
14 46 47 86 172 264 872
9 22 41 51 121 220 298
17 48 139 279 786
27 39 214 233 248 330 410 423
50 139 369
6 164 376 412 546 814
113 285 396
5 12 52 81 380 982
113 207 322
85 874
50 290 330 690
36 191 248 592
27 39 190 274 818
5 153 168
63 677
35 102 343 371 680
246 364 837
221 297
71 173 737
51 616
69 79 472 507 577 831 975
94 303 899 906
31 169 434
118 213 675 872
7 102
135 257 494
49 185 882
32 78
43 519 590
64 186 416 458 632
7 89 149 853
9 217 220 270 420 522 693 895
22 138 144 146 400 652
1 34 369
4 32 117 130 192 404 504
27 37 39 154 219 228
18 178 193
21 213 216 487 532 675 861
32 345
94 117 242 479 699 715
19 26 127 175 262 601 824 954
10 20 95 193 919 983
6 48
36 440
4 11
72 367
80 494
18 38 553
16 137 167 401 427 506 543 931
27 274 630 723
25 85 87 391
87 126 636 654 960
71 558
225 483 588 702
6 11 45 222 316 619 842
4 42 169 208
21 92 179 573
1 486
170 290 484 668
55 216 368
82 311 716
1 478
66 108 254 332 357 666
76 88 99 116 569 614 976
146 967
650 925
40 45 75 138 302 390 526 635 784 999
50 102 123 124 369
99 138 166 187 571 659
83 195
157 355 676
862 890
657 828 993
12 36 176 248 409 542
60 290 315
281 839
37 252 255 356 490 673 896 955
33 37
105 427 838
13 80 88 185 217 311 326 643
56 584
10 40 50 68 95 436
5 48 263 267 296
56 207
31 53 79 156 257
3 9 75 199 280 303 593 761 791 836
33 41 44 63 569 891
24 587 681 722
13 37 219 362 388 443
49 432 454 502
8 81 130 218 286 300
325 458 778
211 222 885
23 31 80 284 358 465
56 73 419 822
32 200 340 376 868 948 977
23 114 142 821 980
63 235 462 569 837
301 735
6 9
32 257 825
19 45
39 60 228 310 779
188 495
11 13 57 82 93 128 200 281 655 872
40 155 335 473
17 160 662
30 264 360 734
28 40 68 187 194 291
25 34 42 49 168 175 387 411 686
2 58 85 138 845
74 352 821
91 340 696 890
11 48 63 283 326 377
9 35 129 241 712 800
36 170 274 818
122 146 198 744 772 932
55 84 340 522 662 914
37 67 105 265 320 427 506 530 605
26 341 381
226 397 593
4 321 491 797
9 76 104 164 480 903
6 174
184 635
15 242 696
35 167 209
8 26 175 329 661 845
400 798
15 30 51 694 842
179 902
10 18 383 431
78 233
128 200 386
123 210 624 638 787
164 420 483 521
174 190 234 396
372 828
36 224 623
121 467 881
5 23 32 34 179 193 236 392 888
2 8 20 163 570
82 377 693
8 95
554 811
121 145 599
3 106 772
173 195 251 536 635 811 923
1 312 343 608 999
184 195 234 469 530 697 706 724 774
22 28 40 68 210 607 860
26 158 183
46 179 204 292 335 364 381 573 780
32 39 297 552 679
137 357 575
35 168 176
119 203 358 423 576
57 481 646 716
14 149 988
1 27 52 83 147 195 234 251 474 833
85 168
25 998
15 105 243 947 970
67 370 502
348 807
54 195 279 415 475 647 733 900
155 750 763 806
1 21 29 31 87
25 77 87 127 136 146
2 17 231 345 917
136 208
44 66 137 1000
9 30 452
44 60 196 351 757
77 141 669 789 991
25 36 718
77 154 190 687 912
2 37 58 135 139 160 346 475 747
15 320
18 212
65 745
5 669
83 616 938
16 44 65 122 314 316 347 541 760 979
13 19 25 175 382
774 854
322 406
113 385 453
337 564
12 84 531
163 197 205 352 572
17 87 175 214 744
58 399 531 548 985
66 120
306 704 928
529 555 882
52 366 445 764
56 120 584 682 729
30 115 130 206 360 476 622 753 853
138 291 359 580 698
1 293
78 373
407 519
151 302 562 612
43 74 117
57 446 736 887
18 26 43 121 258 384 847 983
135 621
166 561 611
74 185 877
126 529
134 263 380 974
188 756 937
21 213 390 703 937
8 53 597 950
164 323 366 431 588 706 727 916
43 77 91 145 405 565 590 599
45 72 105 243 265 312 351
167 207 241 416 531 631 672
55 78
12 82 281 446 538 867
127 391 824 858
12 236 496
184 453 469 769
11 52 57 93 118 655 697 851
150 362 499 755 956
64 120 382
99 417 935
533 557
4 101 225 313 398 720 919
18 260 278
5 79 97 309 674 766 832 866
11 102 181 289 390 794
99 274 333 417
136 804
45 563 583 601 930 981
202 336
159 301 354
15 16 439 441
21 66 102 208 382 612 869
24 51 77 600
472 928
4 53 345 679
47 456 500 513
113 299
604 655
25 127 294
1 100
46 54 162
6 23
177 461
7 119 945
3 59 141 302
97 711
282 514 773
7 63 98 122 227 286 360 548 801
91 467
149 172 613
25 491 960
206 551 634
40 131 374 583
83 90 547 709 776 833 942
29 209 596
32 42
36 871 963 985
401 720 775
43 590
14 131 173 324 535 781
216 363 770 950
258 974
235 472 512 866 891 928
60 224 236 980
53 99 137 420 427 433 554
10 62 93 221 309 434 486
187 846
2 322 361 530 568
23 227 375 468
4 261 463
33 63 70 183 569
35 143 150 166 243 255 344 589 619
23 37 180 283 941
26 32 62 848
217 613 829
107 377 462 498 815
574 746
21 390
41 248 294 358 386 580
66 691
190 910
219 274 556
231 240
7 9 366 450 483 578 727
10 140 395
12 36 94 114 191 336 430 500 713
795 873
10 174 201 379 383
729 810 830
870 929
83 266 497 520 776
21 71 419 473 549
640 927
64 67 344 367 526 589 834 957
33 127 131 144 329 701 722 766 767
8 67 106 130 152 288
10 43 68 71 74 137 252
22 68 603
238 742 987
249 250 429 481
401 792
1 11 116 342 386 675
23 109 451 585
20 47 192 244 364 412
129 557
157 337 395 664 920
4 157 279 962
79 259 372 785 823
108 289 294 296 496 743 900
84 866
61 70 266 579 810
11 124 373 384 539
7 8 35 174 578
286 297
21 90 298
65 627
89 438
81 180 206 257 268 286 393 465 591 921
49 97 389
239 448
159 344 924
99 679
3 14
2 58 346
29 48 279 380
22 237 301 357 402 666 813 915
6 341
79 109 237 257 323
104 119 220 232 448 463 608
330 389 965
24 89 151 338 414
50 166 641 698 849
209 753
24 194 308 664 699 804
51 165 261 491
19 147 296
647 897
166 237 249 250 402 430 596
24 164 219 567 597
700 956
49 69 96 460 477 493 841 905
148 153 319 369
1 44 524 579 939 951
73 931
3 177 492 559
46 197 321 352 647 808
62 182 228 288 983
31 42 67 218 553
19 120 181 325 583 868
50 176 215
2 197
27 74 348 818
408 748
27 324
92 204 572 894
108 137 232 237 327 892
18 922 976
135 782 961
5 28 41 48 267 289 517 922
41 68 91 107 226 426
7 17 656 809
55 688
11 201
7 35
1 34 148 957
8 42 192 494
7 57 69 87 251 591 689 907
9 119 226 551 578
132 136 282 408 424 503 603 660 708 835
2 58
11 602
88 145 705 777 829
161 338
52 59 106 108
256 370 507 790
67 399 542 566
25 52 198
263 285 879
327 350 386 911 912
31 878
92 287 523
16 20 487 952
55 133 163 363 444 562 861 911
58 101 110 181 598 646
4 468 901
26 353
154 190 219 223 328 394 910
254 933
4 15 31 56 61 73 550 731 996
161 253 269 421 789 879
151 152 224 433 476 627 745 858
473 642 746 751
36 212 545 896 899 980 985
16 52 198 205 272 323 385 389 420
159 367 526 614
110 135 270 422 447
56 266 707 810 856 968
127 146
16 44 543
9 14 86 151
27 394 673
10 46 61 213 292
2 160
8 227 334 365 510 944
307 651 738 963
30 302
3 32 566 734
3 7 8 96 246 272 654 674 881 936
22 156 359 708 849
413 850
48 95 100 184 300 319 402 630 819 953
49 79 96 577
198 752 772
201 232 749 814 892
132 153 560 626
6 65 762
118 205 292 439
72 344 805
55 340 585 730
248 959
14 59 141 516 603
73 343 549 830
14 36 267 362 606 958
103 211 215 264 639
94 125 217 429 515 525
5 193 240 309 532
367 759
28 112 848 849
33 41 95 222 305 319 385 478 967
19 45 66 75
42 334
103 207 709
951 979
8 74 165 486 901
7 22 53 102 104 164 265 397 568 714
12 19 20 255 796
4 185 288
46 115 274 291 370 465 737 813
3 14 59 559 835
263 786
79 96 907
133 216 233 305 505 562 626 851
170 214 472 532
15 16 36 196 931 939
60 94 315
527 820
34 787
150 732 843 854
187 860
95 193 337
73 266 873
86 109 148 360 418 479 706
159 354 363 526 805 927
57 82 93 217 278 609 716 984
3 35 161 173 275 360 668 876
52 81 452
45 64 66 280 834
271 836
14 141 189 199 600 913
75 382 425 930
49 69 120 149 236 317 737
182 852 909
268 717
176 435
30 318 424 446 476 545 558
10 41 95 464
26 89 438 973
5 333 435 801 958
42 53 67 192 226 695 978 995
65 245
60 100 126 280 381 403 442 735
33 41 63 107 235 290 997
55 84 373
123 359
38 730
6 245 249 383
114 215 273 276 500 548 888
58 177 186 455
28 349 960
2 644
250 301 839
35 106 171 226 418 586 610 761 816
76 164 323 418
8 27 30 59 194 240 395
83 115 521 570
1 34 293
54 72 157 161 505
61 73 550 574 579 707 731 898
59 199 593
3 14 51 145 173 563 659 672 789 812
108 119 198 202 902 986
29 89 142 667
3 55 78 149 225 489 501 830
179 287 368 725
23 129 142 875 917
209 294 585 792
17 110 139 656
15 16 105 206 230 865 976 979
19 45 344 563 601 886
44 506 696
64 594
9 52 76 540 855
470 701
49 61 377 605
319 795
128 918
30 59 318 405 459 658
49 167 235 464
133 179 197 287 421 611
151 215 560 651 678 725 823
7 445 764
51 153 189 302 459
88 149 200 444 777 829 839
33 55 56 143 505 876 920
104 218 342
72 75 269 280 354 924 952 957
13 116 705
26 59 89 199 534
421 739
3 59 293
15 347
101 165 212 276 458 896
29 157 221 279 753 933
89 135 170 488 665
29 496 771 840
165 313
17 961
26 109 768 906
36 37 443 723
11 13 143 158 259 645
8 50 331 466 553
23 447
7 119 333
277 348 718 779
24 116 212 276 440 515 581 674 914
5 141 437 875
104 265 448
142 801 875
69 457
1 34 134 209 349
746 778
26 89 965
229 403 587
42 67 469 822 951
12 37 85 91 94 623 670 754
52 62 74 208 313 504
107 183
114 117 256 581 819 870 940
5 25 121 146 175 191
9 203 225 431 447 540 586 998
25 87 387
64 83 434
33 295 782 902
51 54 250 285 297 505 645 823
87 119 125 304 440 534 645 808
2 488
21 287
88 112 123 183 537 582 987
295 621 650
27 37 155 277 511 790 841 843 852 905
2 577
530 949
72 92 184 207 216 326 363 518 521 709
24 69 136 161 297 327 842
31 82 336 547 566
18 75 126 217 293 384 596 933
31 235 288 300 305 398 466 820
32 180 970
3 29 134 225 264
478 484 528
96 370 713
34 148 495 827
49 317 389
65 182 423 642 769 807 885 909
357 813
33 170 226 232 295 426 718
18 70 544
166 638 699 863
179 287
191 539 940 965
124 132 607 806
49 69 256 460 711
57 70 680 895
18 48 64 66 140 267 380 573 977
58 140 321
17 665
30 71 77 353 661
361 990
5 153 215 437
116 130 376 482 604 705 946
108 150 200 303 350 966
613 836
24 327
68 125 131 201 391 451 523
98 125 129 143 315
9 140 350 388 392 485 671 793 929
39 538 784
38 53 268 486 803 994
21 368 684
98 168 476 678
112 374 517 561 708 798 920
12 114 792
83 769 811
125 162 549 564
26 42 177 552 864 991
244 247
13 101 618 895
108 575
63 107 121 183 416 462
102 277 633 728
33 815
122 301 332
47 352
13 278 509 992
147 455
148 188 495 520
71 86 404 442 932
299 499 984
77 111
173 616
100 529 686
20 291 620
48 56 73 97 263 273 726
45 112 132 594
143 172 988
6 211 749
256 457
29 35 106 189 230 449 593 610 653 971
8 31 142 241 667 783 799 972
4 8 74 468 477 511 567 730 825
18 379
61 73 202 519 574
10 18 47 92 193 471
72 159
33 867
116 509
8 79 97 185 597
270 538
73 271 273 751 889 996
8 57 70 143 165 431 579
95 111 163 903
2 118 298 307 487 499 719 963
1 34 148 281 509 936
43 145 890
259 285 334 893
94 236 411 840
49 69 79 155 330 512
18 178
297 570
47 118 363 421 739
22 40 187
42 81 848
17 29 160 267
67 169 185 262 591 628 877
37 39 869 956
38 402 456 481
60 65 98 732 762
206 298 605 865
34 36 61 155 195 209 617 840
34 520
83 113 379 417 471 934
45 268 504 880
19 550 991
20 28 131 171 379 407 557
41 265 377
9 374 415
2 61 308 778 996
5 142 196 409 435 845 857 994
29 91 738 930
2 17 135 139 422
11 466
76 82 133 138 144 223 269 785
13 22 325 522 644 656
20 244
19 943 981
20 204 292 546
39 968
78 255 409 819
1 54 84 162 524
86 159 304 558 641 759 883
15 16 331 543 606 817 918
222 245 560
28 141 282 496 582 611 678 854 860 969
2 23 94 346 667
562 808
77 124 144 264 475 726 750
83 96 155 288 507 711 783 831 939
62 169 180 221 227 334 592 889
48 417 430 504 602
14 271 739
92 306
19 66 120
13 20 61 134 197
43 318 432
299 453
75 111 172 245 318 425 691 714
64 382
440 780
9 14 23 51 54 192 353 355 488
233 310 501
758 995
103 113 406 683 833
642 687
13 93 253 326 989
154 170 276 388 615 758 850
61 325 733
68 306 685
6 10 19 258 592 791 834 859 886
56 103 474 531 726
27 86 356
310 324 429 556 784 852
1 212 255 284 581 634
5 61 172 222 224 629
24 160 345 498 637
15 114 751
21 46 47 90 298
4 31 67 597 803
1 108 137 254
114 851
48 253
29 128 607 837
43 114 121 236 907
13 181 887
74 180 393 765 950
10 27 198 556 910 948 955
26 661 973
37 47 110 170 204 359 925
2 202 223 266 436 871
22 28 50 131 144 194 282 622
111 142 207
16 77 115 559 932
98 122 137 332 627 925
57 128 278 446 693 767 812
191 871
3 14 15 47 640 669 969
260 503 717
29 48 449 644
7 272 312 358 378
15 141 196 503
3 77 200
36 80 173 229 322 432 691
111 290 375 588 653 787
9 715
52 323 986
22 123
6 174 222 795
3 141 271 275 913
153 177 231 261 853 864
232 430 666 892 908
41 489
6 11 181 186 240 247 339 470 582
356 753
62 203 549
388 646
299 361
6 24 319 552
4 8 31 38 42 146 148 445 553 561
20 214 244 364 755
295 428 525 649 668
2 3 6 17 74 117 246 488 710 809
21 80 156 314 459
2 55 74 78 658 660 971
2 51 104 259 309 649 756 826 885
61 135 266 464 550 584 898
728 888
19 91 160 332 763
38 450 463 774 926
122 481
1 349 756
60 245
125 227 263 393 551 692 904 978
101 547
12 101
244 407 868
3 16 88 90 314 439 537 545 625 861
100 126
4 13 62 736 775 786 798
44 144 176 186 285 448 528
38 404
22 233 410 863 914
22 62 124 171 194 210 282 555
56 325
149 238
20 447 938
30 106 173 202
40 136 210 252 638 710
234 453 631 942
6 90 222 413 628
3 48 51 147 149 275 913
20 247
282 773
22 28 57 131
29 296 406 514
25 30 91 373 694 969
16 26 63 89 177 329 341 534
17 20 70 107 180 183 398 445
547 670
134 474 536 697 776 990
41 106 206
30 139 354 355 676 759 1000
17 112 748
7 203 485
16 41 78 196 606 799
28 40 112
100 126 201 229
5 12 435
3 22 40 50 187 269 308 482 503 846
169 180 237 508 747
89 174
55 104 335 639 850
29 34 44 54 242 320
16 71 100 166 239 367 555 563
10 178 471 599 817
1 21 573
177 339 455 660 946
88 116 212 348 350 376
464 473
117 218 355 673 944
138 710
492 828
163 175 196 543
29 192 261 283 289 296 460 490 943
109 151 315
12 59 108 133 134 154 964
28 40 68
13 70 90 278 643 918
2 53 72 123 351
8 38 81 257 260 415 757 904 994
16 21 46 47 81 92 764
97 317
56 61
700 735
20 246 381 767
195 234 322 497 514 554 949
25 76 129 142 167
158 162 259 626 742 883
73 238 280 419 720 729
663 760 949
76 220
2 17 24 34 58 110 139
28 116 123 191 891
210 515 771
5 168 437 978
50 619 659
16 38 44 115
12 36 202 223 237 276 399 542 629 906
99 702
1 293 333 349 385 388 552
38 117
803 904
22 171 378
47 90 118 216 532 794
118 269 378 516 846
7 113 213 554 683 768 770 843
7 12 114 236 480 500 623 870
75 583 714 981
327 350
24 186 392 911
489 688
7 337 438 480 612 695 971
96 155 502 512 576
12 214 252 378 615 807
43 145
7 52
17 58 99 139 260 308
15 230 314 376 510 565 817
48 110 308 390 422 662 717
24 161 338 952
85 168 176
2 19
429 456
220 265 485
35 37 154 214
6 211
19 211 247 618 749
6 25 129 145 249 477 633 862 887
44 510 768 966 992
28 33 81 132 144 424 624 773 826
14 141 235 239 313 689 781 954
98 125
17 29 46 132 232 253 413 475 537
28 320 347
24 207 392
2 21 148 275 307 333
93 116 200
43 205 270 516
53 80
3 30
12 162 312 883
106 246 381 484 740
22 124 131 835
190 755 941
260 859
580 652
161 277 632 672
33 41 63 235
9 34 416 681 857 999
8 884
25 80 190 286 300 365 889
101 202 346 501 572 592
4 150 356 362 909
11 82 386 482 538
28 144 252 632
10 140 384 508
32 53 104 208 334 459
1 188 284 293 634 827
39 356 556 788
50 138 143 171 847
707 898
1 12 107 148 178 276 493 827
29 289
212 542 629
7 102 160 349 595 685 800 998
128 893
72 157 614 724 924 975
39 178 565
6 8 60
38 40 112 192 465 515 587 897
441 490
98 115 242 339 947
428 782
23 128 287 972
27 58 204 986
138 252 580 641 806
53 70 128 270 602 893 989
85 153 412 874
225 272 540 727 945
16 62 81
20 203 328 422 574 723 995
4 80 676
133 208 218 221 267 758
5 85 241 309 796
59 152 912
18 570 663 771 935
1 26 171 289 375 989
65 253 582 745
18 140 178
11 93 326 444 482 571 602 916 992
5 832
27 189 228 283 318 558
30 32 42 121 145 342 393 690 972
43 91 121 919 923 959 984
126 229 555 654
610 657 905
105 142 495 946
1 6 34 250 329
189 199 516 535
41 66 398 462
35 258 461 512 533
84 244 841 874
72 157
125 224
410 648
4 39 55 85 96 187 452 471 947 977
9 45 165 191 238 511 741 953
105 314 347
23 525
76 109 220 239 540 967
10 14 18 19 188 425 544
10 383
160 598 665
47 65 72 96 97 155 366 389 713 945
14 24 34 90 188 493 695 908
5 85
23 32 42 92 455
38 66 82 110 213 387 415 982
9 60 146 371 523 528
90 179 204 292 335 492 684
510 541
426 677
78 320 373 410 479 648 688
775 927 938
1 13 284 987
150 234 251 444 518 683
109 223 328 441 601 953 970
103 184
30 513
1 284
95 100 126 454 544 648 857
38 65 129 198 231 305 805 816
122 170 201 230 254 283 295 428 456
65 98 785
78 84 261 288 331
8 33 183 305 636 815 997
31 517
1 4 10 292 311 466 935 990
70 88
1 15 40 47 712 894
58 230 271 378 724 942
20 41 294 483 997
9 35 84 407 470 816
20 780
16 242
82 281 362 703
255 442 501
204 335
17 38 165 169 690
154 182 443
23 128 375
63 122 156 232 254 575 609
9 653
76 102 188 284 461 633 671 704
11 311
47 100 414 520 636
47 64 205 306 651
30 689
130 740 814
13 24 93 99 557 958
84 206 242 353 757
31 227 321 331 692 797
3 12 26 73 401 799
76 109 203 225 343 463 551 800 903
403 454
39 233
12 69 163 317 432 802
147 158 162 285 372 492 527
51 59 405 409 622 954
19 238
14 271 880
22 50 132 136 156 617 664 863 897
46 105 681
355 856
21 92 181 219
62 80
2 64 260 272 598 859 881 961
98 127 151 224 365 433 508
4 96 103 182 299 497
113 469 568 618
589 649
31 38 75 152 165 169 223 943
847 877
2 56 110 151 374 485
175 387
2 20 85 162 229 339 341 760 1000
58 316
18 140 193 258 436
5 6 19 174 211 254 719 740
62 68 79 133 400 878 926
7 102 106 277 715 765 941
60 348 518
11 116 278 342 703
65 826 974
10 701
15 230 295 338 387 518
11 13 93 270 838
525 747
25 87 127 744
210 347 357
361 489 793 968
6 31 56 91 273 663 685
