1.0
1.0
1.0
1.0
1.0
1.0
1.0
0.998
0.978
0.916
0.786
0.786
0.784
0.39
0.355
0.354
0.341
0.027
0.026
0.024
0.014
0.014
0.012
0.012
0.012
0.008
0.008
0.008
0.008
0.008
0.008
0.008
0.008
0.008
0.006
0.005
0.004
0.004
0.003
0.003
0.003
0.003
0.003
0.003
0.003
0.003
0.003
0.003
0.003
0.003
0.003
0.003
0.003
0.003
0.003
0.003
0.003
0.003
0.003
0.003
0.003
0.003
0.003
0.003
0.003
0.003
0.003
0.0
0.0
0.0
0.0
0.0
0.0
0.0
0.0
0.0
0.0
0.0
0.0
0.0
0.0
0.0
0.0
0.0
0.0
0.0
0.0
0.0
0.0
0.0
0.0
0.0
0.0
0.0
0.0
0.0
0.0
0.0
0.0
0.0
0
