1.0
1.0
1.0
1.0
1.0
1.0
1.0
0.989
0.971
0.92
0.725
0.725
0.723
0.415
0.397
0.387
0.377
0.029
0.029
0.027
0.026
0.025
0.025
0.022
0.022
0.01
0.01
0.009
0.009
0.009
0.009
0.009
0.008
0.008
0.008
0.007
0.007
0.006
0.005
0.005
0.005
0.005
0.004
0.004
0.004
0.004
0.004
0.004
0.004
0.004
0.004
0.003
0.003
0.003
0.003
0.003
0.003
0.003
0.003
0.003
0.003
0.003
0.003
0.0
0.0
0.0
0.0
0.0
0.0
0.0
0.0
0.0
0.0
0.0
0.0
0.0
0.0
0.0
0.0
0.0
0.0
0.0
0.0
0.0
0.0
0.0
0.0
0.0
0.0
0.0
0.0
0.0
0.0
0.0
0.0
0.0
0.0
0.0
0.0
0.0
0
