0.998
0.998
0.998
0.998
0.998
0.998
0.998
0.993
0.979
0.93
0.721
0.721
0.717
0.095
0.091
0.084
0.081
0.023
0.022
0.02
0.02
0.02
0.02
0.014
0.012
0.009
0.009
0.009
0.007
0.007
0.007
0.007
0.007
0.007
0.006
0.006
0.006
0.005
0.005
0.005
0.005
0.005
0.004
0.004
0.004
0.004
0.004
0.004
0.004
0.004
0.003
0.003
0.003
0.003
0.003
0.003
0.003
0.003
0.003
0.003
0.003
0.003
0.003
0.003
0.003
0.003
0.003
0.003
0.003
0.0
0.0
0.0
0.0
0.0
0.0
0.0
0.0
0.0
0.0
0.0
0.0
0.0
0.0
0.0
0.0
0.0
0.0
0.0
0.0
0.0
0.0
0.0
0.0
0.0
0.0
0.0
0.0
0.0
0.0
0.0
0
