1.0
1.0
1.0
1.0
1.0
1.0
1.0
0.994
0.98
0.924
0.761
0.761
0.756
0.509
0.493
0.48
0.461
0.031
0.021
0.02
0.02
0.019
0.019
0.015
0.015
0.01
0.009
0.009
0.009
0.009
0.009
0.009
0.009
0.009
0.008
0.008
0.007
0.007
0.007
0.007
0.006
0.006
0.005
0.005
0.005
0.005
0.005
0.005
0.005
0.005
0.003
0.003
0.003
0.003
0.003
0.003
0.003
0.003
0.003
0.003
0.003
0.003
0.003
0.003
0.003
0.0
0.0
0.0
0.0
0.0
0.0
0.0
0.0
0.0
0.0
0.0
0.0
0.0
0.0
0.0
0.0
0.0
0.0
0.0
0.0
0.0
0.0
0.0
0.0
0.0
0.0
0.0
0.0
0.0
0.0
0.0
0.0
0.0
0.0
0.0
0
