13 52 171 196 229 394 614 647
134 229 291 406 666 862 949
95 609
49 180 481 502 636
24 76 155 226 608
88 111 1000
95 106 157 183
22 167 299 603
160 307 501 768
11 25 60 87 281 889
151 153 369
56 239 861 933
69 192
36 344 420
23 474
114 944
9 137 143 176 436 768 983
80 444 464
193 341 422 797
15 466
9 389
241 716
15 208 224
125 350 410 721
7 724 856 990
3 64 185
11 30 80 90 94 111 119 221 984
48 227 884
99 240
47 60 167 180 290 580 599
5 40 66 83 102 454 472 540 556
1 89 108 271 431 528 696 706
23 124 547 642 789
12 585
10 18 89 184 997
13 30 34 463 528 558 862
33 165 289
49 58 128 272 305 482
231 613
510 680 766
48 464
25 60 782 893
99 708
7 9 37 62 228 233 575
118 798 866
5 359 584 689 996
21 242
63 260
39 75
128 147 248 267 951
42 106
218 344 890
116 322 463 633
104 262 562 824
74 127 213 233 277 490 547 665
94 281 839
15 142 158 301 525 638 734 775 918
148 758
16 51 57 108 193 369
33 50 123 232
17 131 262 939
1 79 211 225 419
53 58 211
451 577 643
175 435
207 236 628 708
9 93 375 389 410 519 754 778 852
120 261 305 321 883
10 28 89 197 234 323 332 500
210 934
2 258
30 33 209 240 284
167 892
7 146
42 931
121 875
187 393
118 712
29 185 548 549 569
57 94 714
135 163 879
13 18 52 54 56 271 281
8 11 16 39 40 91 97 363 364
76 155
1 20 44 226 336 454 749 865 949 972
2 79 148 225 321 513 632
13 479
4 20 962 982 994
9 245 255 274 283
57 234 353
40 148 604
189 370
8 46 75 166 385 537
57 115 204 488 589 984
4 41
63 397 546 572
14 140 193 450 512 984
52 61 64 145 507 590
563 738 759 925 931
31 48 57 69 358 426 478
34 64 161 394 827
38 731
62 100 101 112 780 845 854
388 632
123 127 258 316 655 833 994
21 247 827 909
180 969
176 379 840
12 17 137 266 938
27 252 302 595 734
45 51 84 154 324 496 771 841
50 68 255 762 896
14 30 90 200 341 450 512 549 585 898
168 891
12 31 243 467
231 588 740
57 64 66 153 188 418
62 373
127 514 668
8 13 14 17 91 318 443 593
3 40 187 199 327 524 885 923
221 640 852
4 28 126 295 298 387 438 776 860
126 263 707 841 899 970
36 66 198 267
6 66
5 69 215 526 541 729 848 989
14 229 563 682 694
518 543
276 431
121 315 551 769 957
58 67
22 92 149 153 397
48 176 524 559 575
1 14 140 884
119 228 299 923
15 122 209 261 282 421 430 653
3 216 599
7 155 229 246
56 74 141 613
58 431
205 215
30 51 168 182 188 468 662
6 8 93 332
19 723 855 953
3 6
92 133 270 822
107 140 168 171 199 687 724 832 898
21 52 280 783
78 154
159 170 650 684
47 235 652 733
14 705
569 764
251 370 864
93 602
17 33 215 237 457 672 855
202 232 293 335 596 707
117 292 809
13 142 973
61 132 402
37 423
61 103 205 645
196 280 647 799
29 41 43 519
3 19 297 322 335 432 816 843
26 770 800
1 28 83 162 168 269 323 604 652
156 201 265
178 487
54 118 147 577 834
27 38 50 86
19 184 293 625
23 124 237 474
268 504
14 51 478 676
7 25 26 56 73 81 399 436 599 721
35 41 53 271
56 150 181 356 455
35 303 813
42 203 371
28 154 164 184 244 446 552 616
208 692
280 597 678 710
265 648
88 269 698
45 942
3 160 257
22 59 182 367 894
19 126 951
61 135 219 405
349 562 573
130 131 150 462 521
26 29 51 78 221 283 285 658 672 807
415 842
20 104 529 798
19 21 72 139 143 263 579
18 52 142 242 283 568 588 859
3 29 252
31 116 243 886
50 93
90 403 468 948
7 9 107 485 697 863
156 218 334 347 442 521
32 245 390 857
176 202 294 306 960
32 146 361 842
49 151 153 174 282 286 665
45 108
21 52
151 918
35 264 600
7 14 61 402
118 577 823
32 70 81 410 754
16 279 400 862
18 56 81 755
2 18 44 76 436 748 751 935
7 26 48 485
77 209 282 775
36 311 803
125 429 449 520 719 725
40 666 870
8 470 479
542 850
36 78 811 953
6 287 435 452 732 900 943
62 256 328 349 351 456 477 985
19 126 139 164 295 406 489 494 700 810
30 35 94 403 468
115 129 425 816
152 346 382 459 911 988
135 175 425 792
25 631 807
517 774
22 59 149 182 327 354 662 672
24 117 148
12 80 122 158 225 503 916
179 230 365 408
258 490
273 627
144 268
72 667
2 24 68 97 101 256 444 585 595
33 53 67 177 790
257 888
49 348 696
20 897
23 30 403 531 547 563
344 728
20 105 177 280 575 908
244 298 411 701 912
3 82 93 549
455 486
28 78 154 229 345
27 130 289 336 706
99 133 851 885
27 30 106 282 342 475 641
33 53 177 483 542 742
21 45 64 231 307
131 496
7 21 52 247 262 568 620 783
144 150
43 380 813
121 265 516
10 11 75
28 34 46 184 231 544 826
8 207
21 52 76 104 196 242 483
5 66 102
37 694
237 251 522 915
10 23 46 398 845
60 618 978
118 147 395 480 951
9 197 206 362 500 983
604 702
20 28 239 316 495 639 677 846 954 982
223 228 481 564 594 717
22 119
8 16 54 138 363 715 929
28 49 891
101 476 477 598 602 872 907 993
34 52
304 586 743
131 149 161 203 223 228 496 629
62 424
248 654
97 156 246 353 513 947
42 43 68 102 325 506 669 821
43 73 198 548 945 971
20 131 376
209 291 369 630
66 187 632
84 118 147 153 328 451 758 834
68 89 102 162 561
4 44 878
328 480
9 453 844
105 107 147 186 218 363 502 567 903 964
86 391
83 299 338 908
6 36 37 81 395 719 986
40 75 325 499
35 137 207 253 266 318 574 701 835 839
186 587 619
658 713 854
42 88 277 285 353 975
65 292 346 386 502 645 910
460 546
662 905
1 759
49 142 174 178 205 491 786 806 921 936
3 254 557 683 977
17 235 236 301 387 598 602 671 792 847
106 606
295 406
19 263 412 578 637
23 28
5 51 63 298 413 456 835 985
274 473
163 622 681
163 291
23 175 257 480 649
126 259
112 288
70 95 324 375 527 883
124 168 531
96 179 251
110 139 165 263 411 441 912
9 802
163 251 278 405 522 928
243 357
15 56 300 353 489 526 574 696 863 970
107 447 597
131 407
24 112 317 351 538 690
3 6 43 73 220 762 778
347 517 692
11 27 223 400 674 700
2 33 156 229 843
6 95 272 463 518 786 787 905
36 217 298 358
269 520 576 725
61 81 313 682 747 772 896
12 44 97 461 840
118 147 328 434 451 858
127 316
157 354 673 995
329 920
6 159 356 401
62 167 780 872 992
10 75
37 134 163 389 428 586 761
90 125 197 310 468 724
77 142 426 505 534 541 630 931 976
19 29
12 99 254 275 433
25 530
27 32 49 168 210 311 383 649 867
9 610
29 43 686
23 37 55 82 973
1 62 112 312 351 464 573 661 985 988
4 41 47 53 104 129 296
243 678 946
1 144 338 419 594
164 552 616 726
1 63 93 449 763
46 254 610 915
10 21 22 114 247 266 393 499
63 260 626 972
39 93 115 159 779 959
62 80 101 299 349 476 869
34 591
67 85 128 851
11 315 352 903 934
105 121 272 892
135 212 314 346 501
25 216 569 785
34 64 215 572 591
1 6 29 103 808
29 127 670
4 160 185 252 260 794 922
283 324 423 453
256 424 562 992
152 338 407 532 597
480 818
279 386
20 57 87 490 543 655 676
143 524 680 801 877
45 195 509
60 92 193 304 368 500 621 784 881 927
326 956
2 19 44 117 622 690
154 613
18 32 74 81 125 138 313 362
170 180
3 24 97 355 793
31 69 72 91 114 933
15 68 171 388 611 665 745
2 26 130
104 290 485
278 471
36 44 130 289 507 666 710 873
67 119 203 912
97 156 545
10 54 109 282
230 550
369 553 918
28 930
2 38 196 355 398 444 561 595 850
425 811
2 109 188 200 545 654 675 797
215 261 266 659
24 59 124 486 619 877
91 109 876 905
200 201 448 651 675 705
327 371 439
17 42 46 277 530 609
39 137
33 58 159 170 571 620 996
22 191 238 327 354 397 469 629 741
8 10 16 17 143 457 499 697 819
16 388 422 565 861
6 17 83 132 325 418 428 799
35 120 184 205 232 298
185 242 827
240 268 796
202 339
6 169 808 812
214 824
5 527
15 51 193
55 82 101 122 142 316 742
339 442 699 821 911
12 76 751
59 204
5 42 171 673 939
127 258 693
135 257 341 371 528 633 644 868
1 362 426
35 365 460 624 657
9 68 361
172 173
62 101 256 899
900 926
10 11 92 133 160 195 603 669 708
15 48 201 417 901
438 773
15 78 322 700
796 932
508 771
111 173 311 387 429 643 977
233 240 332 461 648 658 802
91 334 841
6 16 46 100 479 493
67 307
530 785
7 56 84
3 198
142 737
110 259 297
68 277
61 145 231 343 402 744
75 264 777 991
65 179 241 359 380 600
363 409 681
39 95 184 226 315
210 273 300 330 366 411 466
539 814 822
27 390 391
19 182 244 248 412 441 899 959
24 25 27 113 226 395 777 895
204 238 367
447 946
24 40 317 494 608 621
38 381 679 847 938
12 132 145 351 896
2 24 44 87 102 692
7 489 533
4 501 962
96 202 922
259 749
61 64 145 161 214 941
1 65 122 205 415 492 814
52 135 788
27 330
274 465
21 45 50 85 212
4 378
111 803
49 69 187 492 525 806
19 203 592 880
1 30 97 394
264 600
116 129 333 518 581 596 619 815 972
312 456
342 367
4 22 336 834
76 148 167
14 417 512 676
5 7 122 390 466 534 829
6 98 250 259 430 578 579
105 265 306 315 475 540
5 189 320 462 695
70 84 143 221 586 877
21 88 111 643 849
79 205 234 654 677 770
41 47
29 65 169 212 928 987
160 287
26 134 177
16 40 377 621 830
17 461 635
51 450
35 45 53 85 241 303 546 745 910
13 583
898 948
74 127 190 251 364 372 523 858
204 223 258 271 510 894 1000
289 360
36 130 570
15 42 183 195 230 305 361 543 667
31 96
10 54 85 91 144 746
67 123 224 482
99 670
15 416
65 104 126 329 400 459 465 601 821 964
14 200 477
22 26 127 767
149 222 238 252 342 439
69 380 735
196 659
5 15 95 106 171 492 553 757
22 228
412 544
21 189 901
1 189 443 592
4 23 966
61 102 277
4 992
32 36 41 55 92 134 191 923
54 254
4 95 540 769
144 517 570 873
560 576
35 224 550 664 727
6 29
64 76 173 247 462 533 597 765 909
126 154 232 400 459 865
1 13 91 109 190 791 949
13 470
54 55 62 190 624 789
75 132 214 874 987
90 941
160 819
3 54
136 273 449 652
108 211 322
541 793
240 831
14 651
6 74 153 535 578 646
36 347
46 162 190 363 535 945
11 75 137 238 292 358 556
1 29 50 145 325 340 373 374 616 671
31 72 125 136 210 304
18 404
80 112 312 373 443
23 62 566 614
14 15 32 225 249 445 502 687 857
14 51 57 733
18 32 74 286 332 710
24 183
2 682
8 18 151 188 210 999
18 75
3 16 73 117 197 198 227 554 711 947
261 534 786
249 319 511 829
6 17 43 160 192 198 252 472
75 100 195 980
22 25 60 216 823
172 177 764
302 633
19 28 494 843
116 304
36 150 200 521
125 440 743
2 17 67 74 132
59 182 222 356 467 551 582 644 963
249 620 715
8 24 44 66 106 208 229 611 744 917
178 211 348 498
10 44 117 398 537 887
18 56 384 487 738 885 916
113 147 427 522
4 79 133 235 529
428 736
96 518 626 958
4 41 113 376 378 495
18 379 623 655
25 57 99 101 187 312 483 961
12 117
48 784 981
39 128 377 443 779
80 112 190 385 726 787
7 109 150
31 188 243 304 536 587 686 902
6 21 116 146 182 192 650
141 197 436 825
59 149 203 309 717
21 232 447
95 571
15 142 553
5 16 30 76 85 102 420 466
7 106 217 331 454 524 796
493 925
93 211 598
2 12 49 72 374 377 382 593 611
3 6 25 30 103 198 252 579
13 566
134 752 844 937 997
109 504 718
13 266 381 385 593 950
172 210 520
323 956
7 31 136 186 464 467 583 602 910
309 327 856 881
24 132 155 183 394 497 990
78 172 344
6 297
30 383
110 130 292 335 970
248 395 627 780 818
113 248 763 866
48 58 178 417 605
3 29 43 98
59 84 237 470 566 625 781
14 46 104 222
424 993
4 62 349 661 882 907
268 540
360 668
133 634
17 32 529 753 904 925
35 264 745
83 275
1 144 211
21 34 64 161 280 591 783
19 930
74 84 134
188 383
30 55 703
129 139 293 329 988
143 721
19 21 92 414 769
23 72 201 255 406 940
170 554
170 382 791
4 35 128 294 429 558 741 822
78 115 164 250 293 302 432 890
68 171 325 732 917
278 481 587 599 637
24 44 246 388 422 503 622 713
110 129 203 965
15 77 82 528 567 659
48 140 341
12 226
14 296
33 50 123 179 241 320 408 612 924
1 848
100 113 357
21 34 52 64 416 497 590
1 71 124 159 186 663 963
76 117 434 774 872
601 615 716
19 348 461
63 396 543
7 863
158 192 224 246 261 307 393
119 189 222 582
144 279
2 12 114 538
61 302 605 707
46 94 228 245 368 593 801 837 864 986
115 126 154 164 184 446 584
8 16
6 98
173 201 376 589
16 20 40 54 207 313 419 537
1 60 93 438 503
34 572
46 54
9 14 140 306 379 448 895 981
192 430 797
39 83 148 166 174 318 927
113 823
195 458 634 828 980
23 42 250 265 647 653 940
23 72 565
92 195 256 458 747 978
55 301 630
291 372 427
253 396
20 709
10 275 618 876
11 493 830 847 955
1 96
152 720 771
1 396 516
130 339 355 541 967
71 260
131 138 189 407 426
4 20 165 335 411 544 688
300 656
13 17 39 166
79 122 153 174 209 491 638
85 276
97 623 693
103 548
15 55 158 286 393 452 737 974
168 399 990
179 230
68 90 162 287
31 116 135 175 294 788 799
10 418
1 46 54 199 279 469 746
106 152 508 511 673 720 819
15 55 69 158 225
248 267 383 395
47 308 452 777 811 981
278 371
116 243 788 958
262 765
29 98 132 288 800 812
37 856
8 12 76 155 725 901 913
14 51 201 296 417 488 512 531 906
4 20 41 47 334 445 709 855
107 163 278 507 873
8 13
12 44 140 947
64 66 284 566 612 810
32 115 625 804
727 867
10 72 474
56 274
4 20 47 104 378 495
56 132 167 286 476
382 996
65 92 270 308 574 634 838
133 651
25 60 94 281 283 386 390
9 98 152 437 930
35 43 50 65 287 554 871 893
78 165 999
90 148 199 403 914
192 737
3 538 772 812
30 687
64 82 143 163 181 182 222 909
18 26 313 410 952 995
175 372 434
50 199 310 383 891
42 171 998
3 198 926 971 977
10 22 119 439 446 594
120 193 250 302 400
51 433 535 683 844
284 321 340 701 889
258 639
25 43 430
13 126 135 138 175 186 275
26 206 240 350 754 820 831
18 372
116 219 253 343 581 958
138 166 660 753
34 92 100 133 161 217 242 280 496 588
10 55 499 836 882
141 202 924
144 217 349 462
13 17 456 669 929 955
131 189 370 407 695 864
115 120
356 998
150 612
105 315 352 532
38 86 176 216 220 569 968
108 384 487 498 628 916
18 73 176
5 27 38 44 45 66 157 177
5 36 71 131 150 262 317 442 521
90 794
97 253 285 398 458 919
6 29 103
39 87 244 582 684 829 865 937
22 87 149 213 228 331 592
17 112 573 757
7 688
10 17 26 81 375 711
174 180 486
319 720
133 747
60 386
23 72 124 440 474
167 351
3 169 185 646 986
71 116 314 414 691
9 78 149 190 350 963
223 371 515 564
142 421
8 91
5 196 297
80 101 869
65 241
86 100 509 833
80 100
9 19 28 110 129 437 446 557 751
19 20 67 206 617
177 194 271 387 698
149 161 568
17 122 137 681 762
13 23 47 58 72 255 440 565 846 969
7 18 58 67 217 362 752 835
227 317 337 442
5 25 401 825 920
69 119 238
26 151 194 285 299 429 560 989
11 54 137 138 165 404 948
22 59 515 617 629 741
2 39 69 77 122 221 225 261 484
25 94 213 504 506 510 618 764
1 16
19 25 41 60 129 293 298 804 860
173 210 311 836
26 167 245
63 81 191 299 457 617 642 979
33 53 86 108 128 212
88 94 292 319 362 504 559
50 927
1 70 79 89 141 146 178 233 333
63 132 333 516
3 98 950
120 270 809
36 181 227
296 488 897
121 306
5 103 606
158 765
105 475
41 473 838
22 331
123 571
16 30 660 703 882
20 47 104 124 290 378 501 511 539
37 143 149 399 615 631 648
187 367 921
44 551
44 88 326 355
168 188 199
124 531 614 760
376 715
27 38 86
8 10 13 190 345 404 718 840 853
2 12 538
105 352 934
5 95 171 848
2 5 79 904
115 165 218
139 288 497 922
80 296 869
123 128 157 314 320 556
14 180 382 533
218 236 384 713 738
31 60 530
63 74 130 181 339 347
15 53 92
110 244 284 441 685 832
1 32 192 239 332 350
255 760
101 444
43 107 579 590
58 166 190 337 945
127 623
8 11 54 871
18 136 290 573 657
43 98 103 568 987
68 173 277 289 300 323 644 942 998
42 61 63 433
27 38 536 589 991
113 712 944
33 346
27 38 136 260 304 580
227 570
11 13 29 43 45 155 169 185 207 213
83 134 194 221 460 772 792
189 262 370
141 876
1 61 111 206 256 394 401 484
33 50 89 276 635 761 818
34 52 572
359 679 815 969
176 691
138 408 924
14 57
48 140 358 675 895
15 158 205 936
8 279
38 122
2 115 129 284 345 406 558
25 87 785
11 28 73 94 134 473
27 102 392 861
204 515
4 41 47 683 722
111 144 173 194 269 698 727 956
374 440 547
27 92 100 458 730
121 532
565 781
393 944
59 582 642 1000
88 285 604
30 90 114 191 703 932
45 100 375
101 235 373 653 750
8 11 17 39
70 125 146 323 428 435 453
24 141 549 913
4 14 26 31 204 266 294 776 830
34 859
4 112 535
57 155 303
249 833
15 224 366 492 805 832
37 159 200 385 615 767 968
72 124 374 471 781
156 561
5 180 356 413 455 689 913 978
63 186
172 273 366 560 649
28 53 65
4 47 290 376 722 994
80 112 373 907
47 70 588
46 779 915
273 300 387 560
22 69 201 219 269 396 455 505
45 50 789
31 63 96 138 219 275 467 536 722
107 218 247 859 884 999
21 247 416
197 308 539 828 919
20 41
11 98 296
42 157 465 506
125 274
51 148 181 295 377 748
20 68
17 39 40 334 364 381 409 523
85 122 249 260 276 319 775
234 415 481 498 641
135 136 596 879
257 330 391 596
6 287 548 756
237 607 795
77 79 178 209 224 656 966
70 179 460 871 967
5 9 23 34 123 338 449 494 808 904
120 232 244 251 357 405 425 432 685 858
18 26 32 70 241 389 410 743 820
51 476 759 967
49 79 153 415 550 770 805 878 921
7 750 816
1 438 746
114 153 514 641
162 556
10 11 13 16 381 479 583
8 402 432 516 686 702
206 610 952
82 182
4 20 41 99 290
36 150 289 347 570 911
77 185 231 366 491 688
97 608
13 38
60 87 281 590 920
254 413 650
23 237 374
37 99 384 423 433
113 147 267 607 712 866
87 94
38 111 235 448 744
145 343
42 68 176 472 640 766
36 360 420 699
129 310 555
33 53 108 314 431 790
27 159 170 288 413 763 791
79 270 352 845 854 974
32 81
9 12 155 778 914 933
270 509 664
21 41 107 389 740
127 316 379 557 674 894
93 222 331
12 690 694 758
303 380 550 645
445 954 962
58 89 150 151 286 514
28 110 218 284 953
88 111 194 269 326 353 576 803 836 906
32 86 87 94 213 817
24 71 186 253 902
50 53 67 74 85 123 378 631 742 846
16 137 493
392 718 755
14 221 313 435 527
52 107 161
19 23 441 578 664 749 773 868 959
7 70 219 233 239 324 361 407
20 954
38 391 487 731 817
109 305 346 484 790
236 399
35 303 365 520 903
18 74 275 361 423 559 730
40 98 123 230 242 469 902
2 46 109 183 470 935
59 61 175 343
42 76 95 105 265 352 475
29 90 103 160 220
8 118 178 249
89 214 874
66 276 330 888
95 106 110 133 454
23 48 51 140 414 448 478 705
2 19 84 509 564
5 9 32 66 70 84 146 274
115 139
143 206 270 308 838 883
174 498
13 59
29 48 114 158 478 545 663
12 337 850
26 141 680 831
2 9 37 84 233 267 375 605 820
539 828
82 505 887
15 187 452 656
2 11 34 55 472 523 736 782
359 542 957
53 102 131 166 179
32 194 755
96 120 139 250 340 463 739 964
19 139 164
78 263 345 437
3 6 35 73 98 147 264 329 943
141 318 787
31 96 136 259 396 626 926
5 42 66 162 268 465
8 83 91 103 753 870
96 357 581
663 773
495 890
11 48 109
8 27 826
31 71 74 392 919
24 65 169 230 380 408
4 41 47 445 592 677 709
172 194 300 355 585
211 279 736
3 756
200 488
53 68 80 88 137 825 906
489 559
49 208 301 505 514 966
25 220 336 817
37 56 120 146 217 220 392 639
16 24 156 318
2 117 154 183 246 337 684
48 57 422 450 587
177 526 609
25 47 87 104
21 52 678 941 946
34 72
86 510
10 11 83 91 254 583
32 70 368
78 295 297 965
15 79 272
369 553
164 166 333 335 635
132 584 605 728 739 826
10 11 16 39 40 109 409 853 929
98 117 227 409 517 699 960
295 350 965
22 309
646 900
85 212 320 484
24 148 595
31 71 116 294 580
46 195
114 272 348 973
45 126 128
81 217 368 757
12 43 216 453
22 59 223 238 310 342 515
76 124 255 364 471 522 886
16 26 56 146 337 405 761 813 914 995
67 85 105 108 271 276 482 671 853
297 322
145 402
33 45 128 186 571 795 980
11 31 34 48 71 214 326 523 766
302 340 804
59 414 536
216 557 767
28 55 84 151 287 477
16 207 418 784
90 697 794
2 17 331 437 545 889 952
308 574
157 880
2 9 125 226 317 398 748 997
12 740
12 152 288 370 483 695 860
15 114 230 272
27 77 310 328
152 288 508 511 532 908
220 336 730 968
28 69 82 208 234 292 344 704 728 887
86 546 935
139 729 734 989
12 17 26 73 141 533 640
20 71 121 293 795 979
294 357
77 196 227 306 343 507 598 857
17 31 75 110 203 219 283 875
12 44 183 321
82 603
562 750
25 291 601 716 928
14 561
170 181 420 668 689
16 29 943
10 214 874
208 246 485 714
41 151 381 390 421 544 993
38 65 170 185 345 365 427 529 581
586 801
49 82 161 174 837
35 97 106 112 129 447 490
267 577
384 628
123 526
2 24
6 14 90 341 589
71 96 136 245
28 43 165 377 404 726
5 33 39 58 86 96 372 503 719
30 188 199 555
3 5 42 102 169 401 732
107 231 768 961
37 118 225 552 661 852 942
136 175 527
16 39 40 338
34 735 793 805 837 936 974
164 340 637 685 723
121 151 178 208 215 278 282 286 301 525
1 152 234
311 603
172 173 309 867
213 386 782 839 893
1 11 13 33 40 93
45 305
37 73 134 206 807
22 47 110 117 128 145 360 424 982
45 50 89 212
55 61 77 209 802
50 58 89 108 305 427 482 706
22 717 881
223 354 397 979
52 99 285 739
35 65 77 975
152 391 939
7 13 75 83 88 166 307 314 385 955
46 756
7 236 239
491 729
14 358
172 232 263 419 600
3 169
36 181
6 10 113 202 519 636 704 731 809
19 555
113 714 842 937
22 130 339 412 851 888
8 69 114 224 259 735
3 11 870
486 542 554 957
2 183 364 513 551 776
120 584
77 174 187 215 976
58 67 108
3 21 62 70 103 320
64 100 404 591
31 63 111 575 627
333 815 879
162 235 312 552 733
44 169 594
20 798
202 219 253 319
191 204 500
145 214 824
29 519
55 159 180 359 679 806
53 67 212
78 849
77 360 421 878 975
58 85 118
23 471 563 667 760 868 886 940
125 392 508 752 814 950
7 607
49 55 57 79 88 140 326 348
120 165 184 250 329 459
23 558
28 40 105 121 810 875 917
39 40 56 156 207 226
5 606
18 49 73 81 691 723 892 960
157 309 469
334 403 497 555 660
59 119 191 457 564
9 711
405 601
16 33 38 239 301 800 983
30 932
220 257 408
38 86 330 365 971 991
49 69 82 636
9 24 26 37 146 324 368 399 670
273 366 416 534 702 849
2 693 774
8 11 17 43 45 46 54 513 537 567
2 9 73 163 321
26 53 71 473 576
71 580
10 13 54 138 567
99 236 938
91 409 897 976
65 130 181 264 303 624 657
12 451
7 18 27 84 197 233
388 525 638 704
291 434
18 73 961
35 87 119 216 674
157 162 268 401 506 606
9 60 121 245
37 119 191 222 342 354 367 397 439 880
66 89
51 57 60 83 179 193 213 281 379
