155 802
3 376
2 44 123 546
251 526 732
134 445
108 193 326
30 323 554 713 745
41 876
32 800
78 146 156 215 261 478
57 234 285 324 452 507
41 47 259 810 903
186 817
114 175
1 897 971
11 84 218 557
236 595
253 496 645 745
79 265 403
432 835
36 391
4 73 199 534 591 658 697
12 34 183
29 252 283 386
103 110 289 411 490 695 847 879 933
43 70 100 223 872 936
15 66 563 780
52 108 139 233 646 674
102 189 278 438 465 623
98 99 115 905
19 42 74 81 191 603 882
107 163 195 205 417 786 870
19 22 73 514 523 644
62 229 401
465 678
29 33 34 141 370 980
70 116 119 127 199 237 389 462
2 238 239 288 411 545
73 176 265 987
1 174 631 791
91 260
76 636 821 890
370 841
17 70 95 97 120 144 181 351 384
62 105 128 287
388 415 657
26 276 513 569 714 928
64 186 187 936
15 171 355 737 776
50 138 847
1 8 214
23 435 862
62 738
60 770
2 17 95 108 134 292 312 400 418 513
20 45 450 527 587 765
7 50 104 151 191 537 555 882
37 209 294 332 406 539 617 654
9 62 157 222 548 796
19 34 809 911
17 56 110 181 620 942
3 313
81 258
121 399
22 405 584
15 505
9 15 23 184 200 404 948 996
32 88 250 334 507 541 564 760 953 977
83 488
33 308
47 165 203 622 665
12 34 610
121 136 215 261 598
106 224
4 21 89 333 394 476 669 694
170 572
32 106 484 507 722 981
49 68 377 497
28 193 208 445 471 733 912 947 949 988
71 401
39 550 967
14 33 192 196 256
350 904
47 595
124 411 970
53 87 184 201 228 436 614 640 829
225 469 763 896
1 217 401
4 519 523 567 591 696
49 111
19 24 34 36 209 236 428
8 16 148 349
109 123 394 493
20 363
498 756
32 379 843
9 29 91 177 406 897
24 99 521 532 593 599 906 958 968
272 499
29 58 68 93 320 427 799
77 480 702 817
103 315
20 45 260 908 920 947
2 167 191 221 545 547
18 64 97 158 323 710 864
33 309 365 902
279 851
177 190 268 449 494
14 192 302 320 885
76 238 313
455 598
36 204 273 350 444 525
6 57 89 105 234 381 693 761
48 486 539 555 639 887
155 217
34 638
5 37 299
13 18 50 151 853 905
33 252 365 751
42 81 191 824 854
7 16 49 68 296 310 311
110 247 372 801
270 450
13 61 209
203 744 773
130 197
84 129 371
239 976
100 244 548
27 33 359
35 144 879 946
12 53 128 207 437 961 973
28 56 834
233 522 972
310 357 691
45 84
2 55 221 686
9 18 47 91 93 112 264 583 602
19 334 485
12 510
76 158 176 186 278 723 872
538 544
18 92 103 106 360 659 971
53 228 660 829
285 452
24 109
7 23 93 243
13 29 63 564 569 639 735
23 61 95 501 665 789
39 127 949
56 170 177 412 707
8 372
80 149
359 909
77 207 817
22 29 823 966
4 79 82 344 555
120 227
39 402 409
11 84 249 785 885
5 80 294
130 197 361 578
37 176 477 559 910
4 731
248 400
13 46 87 365 396 552
25 27 90 189 252 313 352 748 894
128 287
166 577 586
2 167 837
3 14 67 155 225 385 560 804 949
26 38 107 211 229 358 836 857
22 59 823
8 122 181 297 566
206 307 508
7 31 254 301 466 509 636 673 994
21 42 94 199 544 795
21 94 132 533
41 172 237 343 615 643 770
72 91 112 143 245
29 454 752 787
11 785
3 850
22 393
46 78
25 275 378
10 90
112 123 302 425 634 944
25 43 70 110 171 190 202 241 512 941
88 159 250 896
197 201 317 768 789
1 149 447
30 72 86 91 109 164 251 260 435 583
35 60 120 250 473
69 88 92 473 914
18 578 765
29 118 901 937
11 34 185 295 489
78 156 197
76 92 144 290 402 879
86 693
12 180 383
54 138
17 547 604
93 164 205 260
70 182
16 49
9 28 122 171 181 241 456 846
136 585 891
3 19 27 41 107
5 104 151 161 262
152 219 768
125 131 236 781
63 531 668
38 193 374 576 838
53 85 255
3 182 202 351
54 367 841 864
36 60 76 237 343 428
6 126 318 871 954
42 243 671 840
25 263 499 535 679
304 331 476 485 523 702
3 75 216 282 287
386 387
12 19 183 295 296 370 611 806 809
63 309 937
3 16 32 127 274 502 856 957 985 989
24 34 134 418 482 927 983
40 74 208 284 561 563 567
68 111
32 37 115 336 339 582
219 749
188 206 307 649 930
65 83 403 528 556 612
220 238 272 929
8 35 247 334
52 139 239 854 972
45 129 371
204 438 678 727
2 67 161 173 233 725 894 998
8 80 119 346 391 640 743 821
131 249 267 997
7 59 178
231 500 737
7 22 121 156 328 345 434 574
16 464 650
1 7 14 71 83 380 553
73 570
240 344 394 798 939
28 70 115 284 446 661 690 849
40 117 158 259 278 767 883 983
22 62 104 128 261 271 874
153 354 735
91 107 185
89 265 708
9 73 584
24 91 99 958
33 47 256 274 335 412 454
10 51 859
155 161 174 208 239 308 358 522 550 791
104 147 332
115 142 650 799 910 923
111 253 311
155 903
21 337 377 402 483
47 698
917 986
82 436
79 176
17 18 78 146 197 361 999
42 81 171 327 694
26 28 181 208 231 240
565 886 930
6 147 863
71 100 128 504 656
6 743 952
38 63 153 326 544 592
71 440 534 591
7 105 257 296 552 601
28 87 134 178 491 503 520 607 721 875
82 86 184 270 289 373 587 771 867
5 50 254 360 606 609 629 994
330 734 871
67 69 131 153 160 248 267 387 757
1 39 127 385 401 959
2 76 80 167 275 346 615 672
26 28 74 134 135 561 625 776
177 354
8 59 92 244 407 469 589 665 700 801
22 50 162 213 711
14 32 226 501 924
5 262
20 184 501 573 719
8 17 31 32 88 475 551 642 980
12 419 489 594 803
25 58 96 154 588
395 962 970
35 69 87 771
403 519
53 132 143 664
78 533
61 68 763
25 29 220 263 283 398 679 748 781 981
11 42 84 153
32 304 475
45 96 180 234 388 813 875
48 281 438 697
41 157 287
13 46 66 315 330 441 788
1 87 145 150 269 491 831 903
14 131 154 354 484
64 323
41 55 185
67 131 484
14 309
24 133
69 310
101 303
46 441
5 50
8 36 548
39 746
140 220 258
268 271 359
12 69 92 237 290 378 456 566 896
3 670 718
3 34 259
80 306 597
6 57 285 324 832
66 77 293 441
7 120 258 552
13 24 389 395
656 943
1 550
49 59 148 497
4 26 48 258 846
50 332 466 648 897 996
65 90 128 150 783
8 13 942 977
19 154 276
108 459
46 66 230 478
20 242
169 461 649 780
5 21
46 136 218 230 271 348 451 713
7 13 15 948
264 286 317 345 626
25 268 276 281 375 376 482 919
16 49 59 106 111 257 589 807 892
113 240 338 470 840 912
98 99
687 745
17 54 106 143 235 530 566 747
12 428 504 927
7 9 68 148 235 286 349 405 487 786
9 125 159 407 423 449 945
21 45 94 377 420 943 958
57 126 556 720
14 33 58 63 271 655
141 218 596
34 77 117 168 187 255 347 675 811
3 279
31 188 206 321 481 852 886
12 96 150 379 415 559 680 808 880 916
4 169
5 215 232 474
159 551 856
139 449 630 735 956
25 175 200 329 352 819
6 166 169 182 336 390 498 717
245 887
51 645
22 37 151 232 254 543 712 749
56 178 316 497 589
64 72 164 260 540 969
1 572
1 6 57 339
31 246
122 822 834 988
104 362
49 178
42 81 240 516 671 728 955
131 168 255 448
151 466
67 173 267 325 358 400 549 632 915 993
213 299
18 211 361 578
2 89 607
94 333
26 241
18 85 296 367 660
37 134 161 558
33 68 85 429 517 574
120 392
2 73 341 416 598 964 978
14 17 63 159 192 291 318 742 844
530 1000
264 486
21 29 167 281 337 603
61 268 729 899 954
26 88 135 211 662
47 324 346 392 832 924 973
7 16 55 70 148 316 537 589 604 744
184 228 242 251 269 314 831
156 185 215 226 314 730
7 16 111 203 330 405 830
33 94 210 302 979
46 442
9 28 109 135 231 500 567 666 827 849
21 377 538
40 129 404 480 580 702 723 883 930
426 627
1 162 303 401 858
45 529
3 185 824 987
131 157 168 222 229 267
4 132 270 444 705
24 194 223 339 685
17 125 146 274 325 934
47 165 263 759
9 13 969
10 51 64 70 182 212 713
10 22 415 813
47 557
31 307 565 628 814 852 866
88 490
6 499
137 392 597 762
216 273 549
2 44 276 637 643
14 25 35 58 621
65 121 533
26 122
446 463
13 336
20 383 491
46 58 118 120 196 512 629 844 919
14 269 320 423 525 640 934
12 19 117 638 811
289 388
167 173 221 545 546 643 877
6 17 57 198
146 156 219 396
5 254
240 955
58 63 118 162 309 439 560 648 907
23 215 712 833
90 114 149 256 588 697
9 31 57 74 105 206 786 820
5 214 766 838
84 104 227 338 369 870 938
16 65 170 291
33 48 291
563 696 921
86 363 842
5 26 33 108 341 374 460 796
1 24 54 138 974 986
54 138 379 547 559 692 865
36 149 675 974
4 48 89 145 574 651
40 60 61 158 186 187 580
50 97 151 299 360 606
101 385 414 492 560 624 951
26 410 625 740 778
60 102 140 172 266 952
538 669
23 72 287
36 119
15 88 135
10 20 42 62 621 842
8 32 35 95 502 914
47 238 335
5 25
25 51 114 182 288 502 864
20 53 180 363 472 569 684
9 31 147 152 163 245 492 862 881 913
6 222 437
34 236 961
184 270
46 66 353
35 62 794 933 991
19 27 67 117 173 557
74 76 159 180 306 366 372 391 580 590
101 145 303
97 462 717
6 198 331 708
13 70 202 351
184 201 842
28 57 74 92 468 505 832
80 133 137 165 275 366 384 398 830
120 227 392
25 347 579
52 511 701
75 216 282 647
30 138 176 419
323 633
13 133 506 652 905
30 356 421 755
58 62 281 298 362 716 752
79 461 542 826 941
30 153 173 356 419 610 673 857
34 117
11 32 36 940
15 48 56 662 988
1 85 295 305 333 409 518 729 867
121 321
38 207 249 750
134 222 836
324 850 863
8 92 95 110 274 843
19 670
11 129 218 277 350 760
10 20 52 61 69 106 169 406 934
14 29 73 177 318 320 359 376 472 860
558 599
23 58 63 779 835
6 41 78 127
46 75 230 282 315 715
12 53 65 126
2 13 37 54 124 528
129 218
33 58 118 141 386 494 895
10 20 251 332 753
30 356 421 477 542
92 125 225 566 582 985
158 315 452 649
43 182
13 209 888
10 20
32 103
98 200 430
53 82 85 520 614
9 23 44 71 200 205
160 246
35 159 225 310 372
41 137 279 458 664 993
17 528
16 49 59 111 142 349
27 466
117 203 537
6 8 16 17 32 106 297 619
46 53 66
40 186
9 93 105 319 423 432
16 178
23 39 77 352 429 487 552
40 55 546 672
9 23 93 164 319 406 945
165 454 932 975
49 111 178 244 487 537 741
42 128 243 258 510 516 674 681 798
9 23 105 200 245 435
206 508
40 925
336 532
146 242
169 667
21 94 107 123 164 264 377 753 953
60 76 80 137 149 210 306 743
333 337 663
14 281 355 472 603 668 883 919
26 37 57 133 505 567
52 161 224 239 813
10 269
26 36 266 378 812
46 58 408
5 50 278
30 36 80 179 221 453 812 965
137 294 389 467 575 661 866
242 573 797
284 513
3 41 45 75 259 309 458 527
66 67 75 153 353
68 183 203 464 809
635 704
265 688
14 386 599
7 35 37 98 205 326 330 368 463 564
56 822
8 27 61 304 946
3 317
20 48 395
170 382 422 479 784 825 921 924
116 162
138 964
81 327 344
30 453 996
14 370 382 408 449 956
259 521 939
25 263 347
14 33 46 66 192 302 362 439
21 526 803
34 39 305 409
49 237 398 509 562
782 863
11 627
86 123 602
43 137 223 465 715 790 982
10 90 175 189 352 721
90 189
72 105 107 109 163 264 286 539 602
335 900
388 618
8 35 393 569 989
30 43
38 568
9 195 339 413 845
12 19 27 54 726 783
87 132 683
15 46 75
165 218 226 917
348 655
28 85 101 150 251 280 327 363 926
495 531 895
83 124 340 826
75 162 166 168 261 416 448
19 27 160 364 481 554
219 453
247 577 606 763
23 29 397 417 492 626 914 928
40 483
16 142
581 976
467 562 628
4 95 169 407
11 31 160 231 284 463 596 662
16 45 251 950
275 306
47 72 260 913
37 709
12 19 27 296 670 726 831 927
21 600
15 181 849
38 97 459 978
27 301 571
249 277 470
3 168
6 57 212 761 850
38 326
12 30 179 356 477 965
124 204 340 525 605 682 688
596 775 938
49 331 893
78 108 328 348 399 410
107 736 887
62 157 229
333 420 592
4 17 35 61 69 224 980
45 271 365 518
194 787
11 20 85 314 660
11 38
43 51 64 182 223 717
25 90 189 288
165 874 932
36 119 393 762
80 166 385 916
18 704
265 720 845
335 874
185 457
2 65 172 677 706
841 928
428 489 820 911 922
43 64 338 554 769
207 341
10 59 347
118 283
102 293
124 195 380 677 793
89 102 357
6 191
5 104 630
2 873
24 115 216 733 784
346 391 467
21 94 429 600 923
17 760
136 434 581 999
1 52 71 139 233 774 854 901
135 171 500 764
199 273 286 350 357 375 519 682 944
7 52 233
154 184 196 271 468 518 568
11 84 129 289 344 989
21 669
7 141 311 494 902
8 166 199 440 734
68 114 175 214 220 524 848
18 254 357 393 493 957
263 347 568 929
83 283 422 512 766 772
10 20 32 41 211 442 620 875
6 10 20 38 45 57 98 437 543
108 374
113 140 548
1 4 73 116 224 293 722 884
351 703
8 11 73 369
7 11 32 69 112 142 582 922
9 23 69 105
212 344 585
7 59 244 316 404
4 48 381 695 860
8 166
15 26 253 487
87 345 468 913
1 10 54 176 865
90 568 679
7 16 38 108 170 193 341 576 940
36 275 754
60 119 149 172 431 590 716
398 770
25 288 524 535 781 838
13 65 99 725
6 338
293 480 872 957
103 125 208 368 452
71 115 116 204 217 572 774 898
223 496
617 906 968
53 380 436 682 723
192 767 970
355 561
2 44 56
12 21 27 37 277 395 430 558 663
279 615
23 917
54 152 218 293
8 61 125 795
542 812
1 48 74 166 416 442 461
581 624
94 154
141 291
47 244 686
15 28 181
13 24 37 98 422 738 880
213 474
52 128 515 538 699
238 263
369 416 451 855
25 524
42 90 313
376 984
66 188
19 117 258 305
5 213 608 977
103 375 937
418 796
145 157 174 460 711 815 901
30 676
13 133
1 72 145 359 802
40 122 483
22 86 200 533 861
574 848
132 436
202 277 833
614 732
153 397
43 49 252 266 405 497 653 806 825
7 49 653 806
100 368 424 933 990
11 18 84 129 655
16 26 32 282 322 410 586 730
9 99 111 139 142 170 619 799 888
36 119 137 172 667
17 61 88 109 230 372 411
9 72 112 147 164 593 753
15 28 122 126 187 208 764
51 202 383 982
195 861
61 88 120 125 227 577
4 12 34 98 113 427 654 681 798 823
199 280
4 83 357
18 35 130 578 659
2 35 96 132 247 473
5 793
34 51 64 97 661 790
56 211 778 822
5 178 262 322 571 673
86 107 164 689 835 967
138 889
22 141 175 232 256 328 399 688 730
13 98 541
38 122 207 360 612 750 758
11 44 129 140 191 249
109 163 493
28 273 605 691
77 369 426
173 647 742 857
33 154 354 373 950
356 419 467 755
89 280
44 55 861 877
19 266 504 551 676 866
677 793
178 257
50 254 299 629 646
47 119
147 345 423 689
54 138 162 385 631
196 308 457 503 818
74 135 284 442 471 513
4 30 100 169
18 84 143 689
8 17 32 85 111 700 885
306 365 378 575 590 816 877
20 55 292 300 312
44 152 195 211 332
5 15 413 764
321 433 644
198 222
63 956 979
30 145 542
193 207 576 751 804
22 156 219 321 600
163 486
25 60 76 816 997
49 120 553 664 699
45 150 719 908 931 950
159 224
52 724
6 12 102 165 335 482 675 932
190 210 281
43 475 747 848 918 948
55 515
22 78 399
96 777
12 144 214 409 594 811
53 82 180 383 520
44 93 148 516 837
24 632
10 216 380 666 752
230 316 371 705 788
93 197 425 839
60 76
4 15 28 171 208 446 505 700 758
19 34 808 911
175 190
69 110 274 297 577 586 800 815
114 379 530 692 889 990
7 291
366 391
126 556 878
55 204 525 725 792 929 976
83 179 477
193 257 326 374
8 475 642
4 65 79 561 878
23 86 163 205
38 155 193 447 459 758
117 236
29 58 225 370 630 742 751 895 909
79 519
12 130
56 90 189 220 995
168 214 272 564
3 144 174 185 334 581 684 894 966
36 38 172 341
79 89 695 756 805
6 62 102 128
31 160 246 307
54 176
94 322 402 592 663 738
18 83 340
2 248 632
29 256 308 387 408 494 517 810
104 116 127 959
198 437
75 131 282 400 757
4 42 180 228 265 420 585 931
508 555 939
21 337 420 544
48 708
31 160 192
22 434 992
107 382 579
2 34 117 167 221 545 672 808 922
33 65 317 607 658 739 805
123 425 557 759
3 458
1 39
107 143
325 985
373 829
17 88 90 250
37 125
11 18 21 633
4 29 58 100 298 461 737 795 805
194 495
369 869 870
7 32 68 170 608
1 14 127 217 390 489 591 791 935
47 292 622
71 101 305 830 856 971
240 280
57 234
23 123 143
25 189 214 272 535
2 44 300
37 91 209 435 685 953
56 175 539 613 884
121 241 424 483 580 722 801 843
5 27 50 72 213 390 571
11 97 323 381 394 462 623 645
151 262 474 526
36 60 136 396 740 890
6 43
38 77 301
79 390
27 77 100 103 285
2 55 67 216 997
30 179
321 443
150 353 522 642 918
7 59
83 124 134 432 488 666
84 426 616 657 775
137 294 366
45 130 235 367 573 633 765 908
1 4 48 71 119 174 529 718 756 893
454 759
60 312 698
51 97
5 83 284 340 517 571 609 859 963 994
3 358 647
33 96 302 303 408 450 520 785
18 235 256 361 818
14 18 29 63 114 197 439 772 868 899
38 455
6 79 82 651 761 780
227 479
2 8 300
512 676
8 106 146 536 891
15 45 696 719
10 96 732 797
62 222 500
161 685
23 72 112 195 245 417 576 736 773
40 77 81 243 470 710
71 101
112 155 196 319 345 634 862
26 104 113 299 526 701 754
15 26 56 135 211 241 620
549 616 990
25 220 981
75 173 216 248 267 610 787
67 93 492
48 148 498
294 366
16 142 148 181 257 311 349 834
39 951
91 93 179 583 593 726 853
58 154 194 217 354
43 70
3 59 188 876 940
31 276 307 907
76 431 816
24 37 54 98 133 339 889
521 943
83 116 124 145 624 638 686 868
4 65 210 318 382 570
187 278
6 212 739 782
141 559 648 966
343 384 398
23 540 699 986
114 272 456 575
74 231 245
38 42 91 140 327 394 840 926 967 975
24 414 709
12 27 783
10 415 444 963
139 652
52 342 724 972
3 295 611
5 301 303 511 562 852
27 185 828 851
246 565 595
116 145 174 627 684 746 858
151 213
52 230 233 353
273 904
52 239 511 819
1 255
61 110
99 250 389 506 617
89 331 390
22 121 146 215 543 833
329 588
4 101 523 534 936
229 287 460 510 674 836
22 121 396 433
19 67 448 455 504 550
8 205 325 473 485
52 80 172 590
126 962
5 515 859
15 54 144 290 355 846
150 201 272 771
79 199 658
39 116
530 549 1000
11 517
3 22 490 828 993
16 59 183 257 330
103 297 304
64 95 110
9 109 583
445 925 947
1 101 305
126 528
342 532
44 63 118 210 376 439 518 844
23 95 219 393 755
238 995
273 312 465 871 904
39 71 116 217
243 338
72 152 425 540 683 814 975
20 53 96 319 373 383 736 867
65 973
13 37 99 853
75 484
9 50 183 188 213 246 474 509 680
89 212 381 444 534 721
16 203 637 744 747 807
24 26 31
5 15 22 28 50 328 443
44 161 162 511 560 724
40 100
82 96 269 450 527 657
223 792
784 910
4 73 667
40 77 100 102 136 158 543 727
18 130 235 367 392 659
69 507
108 418
50 262 407
81 114 397 516
40 45 77 82 91 186
19 67 414 447
54 524 710
12 179 453 965
99 133 209 267 368 733
12 17 44 103 304 325 586
69 92 182 250 290 490 514
23 773 779 839
163 198 212
342 998
35 78 156 290 514 536 718
93 170 200 584
21 28 79 322 374 690
62 157 767 824
31 160 206 279 364 687
157 223 594 794 991
63 194 252 427 707 766 818
28 134
8 32 35 106 144 175 535
10 41 53 138 270 491 618
40 100 777
20 40 187 278 293
82 150
2 44
15 16 26 212 241 471 503 714
15 285 815
36 456
3 536 644 712 891
130 235
26 28 827 920
443 514
115 133 532 968
130 190 375 495 573
60 149 275 821 974
14 29 412 825
5 85 201 228 289 797
153 448
14 118 119 276 291 362 609
21 59 554 613 714
53 210 298 387 457 575
152 195
315 788
298 382
3 22 41 64 78 215 478 851 999
64 496 923
6 51 64 234
68 72 105 143 214 280 286 740 881 926
74 355
88 114 220 319 329 440 579 623
122 253 471
28 124
41 136 146 261 410 478
190 210
50 301 360 646 881
39 414 424 447 572 631
13 264 493 709 969
59 316 604 741
253 778
165 900
16 379 847 963
1 6 52 292 324 789 951
46 143 154 196 249 277 371 404 412
18 130 479 960
35 110 945
62 137 149 754
70 426
58 427 772 979
17 110 224
31 160
2 44 48 720 860 941
95 608
5 35 680
198 510 794 991
424 892
6 9 106 112 152 286 432 553
142 148 349
300 430 654
129 855
42 140 431 671 694
18 361
203 262
56 74 625 925
232 434
17 35 124
3 9 27 34 86 584 653 814
5 650
78 248 443
246 509
30 86 417 634
31 626
60 266 343 384 389 636 716 890 946
2 6 57 403
7 404 429 807
13 24 99 506 906
2 40 167
33 190 268 283
36 698
122 226 227
52 61 92 95 551 800 873 909
63 397 582 668
51 76 80 346 431
70 226 308 479 907 960 984
158 480
121 232 399 433 992
48 731
101 123 746 802
156 328 536
1 39 60 111 373 774
67 86 109 173 205 209 388 779
364 446
222 460
43 51 64 351 496 715
9 105 112 433 486
113 207 243 255 597 681 750
2 55 221 300 515
10 186 187 269 270
176 865
20 82 147 201 289 587 683 982
10 33 362 397 729 899 921
10 104 228 527
42 81 639 955
11 15 141 277 562 855 869
102 312 350 691 898
92 224 297 438 469 502 706
2 55 186 221 499 579 964
4 292 498 637
112 641
7 59 68 183
8 73 78 136 219 232 476 803 893 992
2 55 546 837
204 727 898
413 690
109 458
11 84 87 236 381 451 869 938
9 24 242 288 313 352 588 995
7 16 68 311 601 619 728 916
11 81 113 327 371 451
11 48 348
10 13 87 314
1 71 127 139 342
42 97 462
132 703 792
15 66 285 310 485 622 635 918
38 108 804
12 155 198 482 585 888
19 81 288
10 166 169 529 705
501 960
27 157 336 506
43 51 97 367 790
30 75 131 400 749
30 39 174 179 247 421 915
61 125 144 225 247 322
27 295 961
39 127 162 217 317 768 858 935
152 298 457
19 656
41 75 202 248 358 757
2 164 292 605 706
56 87 132 201 329 422 463
196 375 531
24 115 133 364 565
36 80 266 294 384 469 762
226 343 529 540 845 952
692 1000
22 261 396
41 279 337 876
16 71 280 601 741
17 21 49 62 183 368 402 464
53 87
15 17 26 56 74 171 413 503 942
10 139 342 459 522 652 776 819
44 55 147 167 541 547
380 488 553 868
18 521
24 43 51 64 70 135 231 827 884
14 46 387 441 616 880
1 5 40 77 168
14 30 194 318 386 954
73 79 340 403 651 703 826
82 96 180 202
66 353
69 102 678
188 886
31 206 481 628
103 142 159 334 892
63 85 140 163 177 192 378
229 621
65 126 183 445 612 878 962
4 13 395
769 912
39 47 274
14 29 31 67 118 188 252 268 282 900
98 158 508 739
44 55
10 94
23 24 253 430 464 541 613 775
25 81 329 748
43 51 237 290 687
177 194 320 531 558
6 57 89 101 234 701 782
31 136
43 179 421
4 11 348 731
102 204
3 51 168 242 259 810 987
123 641 693 944 959
65 556 570
113 283 495
468 476 488 641
31 171 364 481 563 935
21 140 191 470 769 873 882 902
66 147 839
66 174 704
20 45 180 363 472 920 931
19 113 707
13 27 820
30 915
29 635 984
611 983
244 405
17 42 113 331 728
21 94
126 570
1 18 39 135 172 440 734
20 118 132 177 314 618
85 587 777
3 255 711
37 115 161 998
3 41 455 828 978
