98 278 335 537 712 894
118 136 144 165 217 512 684 878 899
22 37 92
57 183 465 479 548 795 885
105 330
137 197
628 888 916 932
368 370 482 566
35 36 59 77
13 247 662
22 54 125 294 596
27 126 197 507
7 22 179
6 39 100 137 158 202 430 522
27 42 303 448 857
4 74 78 142 658 834
29 85 772
1 25 59 73 109 171 178 442 545 770
290 531 673 965
40 50 93 114 271 492 558 804
15 23 53
81 247 306
213 288 352 358 436
13 37 57 114 174 441 704
76 162 618 708 922
13 40 216 306 411 437 867
5 49 125 128 225 268 774
48 66 106 163 179 302 483 799 892 994
73 75 523 919
13 18 48 202 247 306 509 647 721
89 200
10 170 233 366
3 52 644
12 168 891
41 53 190 223 483
15 190
1 321
29 41 85 478 899 953
5 125 610
34 55 242 265 306 866 936 970 994
27 36 53 125 146 153 510
11 86 212 249 538 819
466 558
131 134 184 195 376 455
3 63 94 533 984
113 131 186 218 219 291 496 788
3 19 103 128 321 397 945
103 397 430 896
40 323 342 560 832 854
47 435 573
136 217 229 283 300 347 835
146 188 598
213 254
10 12 71 100
39 705 828
97 113 380 571 612 929
3 25 132 184 504 913
94 181 494 516 598
47 454
50 70
34 52 588
6 7 20
10 438
7 76 303 946
151 554
71 156 655
61 302
15 36 48 115 474 836 890 953
69 833
1 121 266 448 496 843
33 79 87 110 297 627 696 765 905 976
7 207 364 613
5 49 320 982
33 168
9 117 132 585 870 998
68 76 98 235 681 783 926 956
31 116 396 683 736
24 46 50 198 363 389 451 607 783 876
12 20 48 127 280 410 574 620
24 35 48 122 127 178 204 248
5 135
119 381
1 8 72 111 237 267 371 793
7 76 535 598
36 59 96 97 119 381
38 73 275 545 916 941
67 552
8 30 43 208 209 316 356
13 202 411 808 864
210 349 893
41 195 337 354 393 486 528 529 650 851
35 96 97 133 236 244 280
34 55 586 663
35 58 332 845 938
714 753
2 88 263 760
77 386 554 672
74 241
168 273
40 57
55 111 130 336 415 703
183 227
58 745 924
481 577
10 680 951
4 5 19 128 289 333 889 896
641 785
8 573 888
54 269 540
110 305 755
4 59 351 359 529 631
150 186 562
68 166 494 997
11 64 77 444
24 312 327 340
24 117 318 327 464 612 643 678 914 950
363 784 940
2 15 31 100 246 365 408 506 737
29 241 307 443 640 759 969
38 253 447 456
9 274
4 663
11 28 191 236 970
624 896
21 209 288 314 607 713
9 105 407
28 470
28 151 221 242 277 284 648 855
66 80 104 133 219 504
3 577 918
25 124
487 725 839
3 5 7 19 214 256 364 654 746 983
743 809
146 344 596
66 164 617 945
1 462 790
24 414 471 707
207 305
324 774 868 921 986
1 308 842 843
14 84 844
341 496
3 22 64 124 360 402 540 600 915 961
26 172 310 383 405 470
141 214 645
206 229 387 513
19 25 83 445
42 677
16 178 251
11 25 395 550
24 464
116 365 410
10 908
215 293 451
187 630
7 23 178 190 325 488 587
29 41 53 85 283 307 525 836
188 659
38 80 107 361 363 392
170 366 506 699
51 551
16 25 65 117 150 232 334 458 548 691
3 122 135 296 611 719 889
165 258 283 817
56 155 330 428
103 321 758 792 889
5 35 65 106 119 245 824
174 291 505 787 846
7 248 256 516
61 187 381 565 960 981
43 174 384 749 781 976
30 99 234 325 368 526 603 693
19 257 611 905
46 51 140 323 881
81 99 198 397 447
250 301 383 550 614 761
205 754
643 929
171 477 534 859
151 309 326 541
6 16 31 78 111 270 422 569 686 842
27 36 65 187 197 381 803
476 854
8 35 769
318 505 562 687 988
1 133 208 594 713
48 163 264
311 498 745
331 465 534
7 45 96 107 161 256 310 892
81 92 99 876
166 278
121 255
17 26
14 72 104 109 139 152 488 727 952
24 59 327 359
34 393 682
402 557 676
20 161
109 266 387
36 119 145 205
74 146 161 207 241 401 689 946
367 386 450
634 687
2 38 75 117 124 129 131 133 458 523
1 158 256
15 136
173 182 605
19 155
17 972
2 18 88 409
24 65 97 244 449 747 960
30 46 447 567
74 126 144 252 321 618
17 30 118 124 182 218 855
31 150 171 390 581
37 191 450 520 672
23 85 90 148 229 456 515 617 750
8 43 72 431 435 706 725 850
195 400
347 512 580
17 764
57 210 220 234 437 570 705 780 978
6 10 84 168 421 908 963
8 63 72 95 105 155 328 362 710
1 42 77 83 227 267 439 735
40 50 342 497
18 159 627 817
3 82 95 128 236 883
38 60 234 243 391
151 245
51 762
204 583
25 113 157 248 299 334 724 822 934
58 150 354 375 486 931 1000
16 117 366 372 440
333 420
37 216 342
5 426 428
86 544
9 63 157
95 236 869
18 33 64 86 409 847 891
4 53 633
2 362 576 971
44 54 512
81 91
27 126 857 981
5 43 49 135 174 212 224 982
145 348 493
1 394
37 204 266 348
1 158 288 757
9 116 182 336 337 599
637 994
67 80 173 251 469 526 812 921 947
20 355
151 587
28 250 326 509 766
12 839
8 597 952
3 27 279 999
154 539
71 92 134 138 179 232 543 797 915
16 280
86 246 413 517
26 44 67 199 546 987
20 27 188 403 473 977
27 355
94 235 516
40 46 220 304
1 37 112 121 371
3 54 64 269 427
20 34 350 616 658 690
65 96
38 567
6 36 153 244 398 590 625
201 659
43 120 328 503 585 837
5 42 747
160 180 503 706
16 75 115 131 276 345 880 930 959
8 152 314 549 668
4 66 308 317 391 526 633 722
38 42 164 255 529 644 980
110 166 606 612 939
105 114 304 479 820 912
956 991
45 60 443 447 925
167 170 372 957 998
20 82 498 508 575 871
10 49
7 39 146 507 791 828
273 350
8 160 257 298 419 769
573 884
15 29 90 201 292 354 451 491 518 750
1 32 66 129 639 790 823
115 194 361 566 691 821 989
24 250 318 670 975
2 199 232 396 696 798
516 926
338 577 738
11 483 805
6 398
47 72 175 208 369 388 395 431 706
6 9
34 52 295 554 752 867
24 36 194 359 631
42 211 387 589 860
35 59
31 100 963
8 435
83 270
60 91 159 293 361 547 881 925
94 235 357 697
35 414
431 748
50 51 93 586
6 18 249 396 529
87 222 249
132 222 230 438
2 86 111 336 370 429 579 877
24 48 299
88 139 328
3 19 49 103 138 168
112 423 448 806
29 210 213 220 944
53 209 329 899 969
2 8 9 21 56 209 277 547 675
88 436
8 12 47 888
40 52 156 535 862
70 304 382 551 733 897
10 12 667 954 974
14 21 160 171 184 275 501 523
148 283 298 786
115 117
35 36 59 110 119 177
45 187 838
10 12 84 181 856
438 510
64 104 149
70 123 733
324 361 547
32 50 97 278 335 671
14 55 255 361 591 623 873 999
294 997
9 48 160 213 358
20 27 37 164 204 589 776
13 34
167 206 375 849 999
130 552
45 503 628
95 242 247
72 202 237 286 317 597 904
9 56 63 105 274 330 813
62 189
14 132 276 495 621 703 959
47 75 668 727 802
2 18 69 87 100 111 177 261 541 632
476 840
112 224 259 272 519
383 416
80 91 107 239 657 869
20 74 187 207
15 23 283 303 930
30 92 942
21 349 358 576 769
30 239
43 316 369 417 445 773
1 93 109 594
38 92 107 194 363 469 586 767 778
174 189 795
10 667 848 856
57 70 136 240 831 854
29 33 165 190 491 686 833
156 862
33 78 83 212 266 510 557 661 760
118 158
4 148 287 298 329
78 105 710
507 740
382 671 861
16 345 455 593 927
109 275
52 67
101 200
17 26 191 326 367 855 938
28 77 413 653 779
12 105 168 951
142 465
21 25 117 219 629 691 711
95 130 284 735 934
23 28 114 329 478 491
14 47 175 213 732 789
5 125
326 466 479 832
66 158 267 538
95 301 869
36 47 77 119 474
14 32 73 129 139 220 369 505 875 988
150 157 425 481 711
11 18 31 297 570
3 49 214 420 426 453 468 719
11 42 106 242 319 326 375 786 805
245 432 517 587 735 887
42 191 259 424 467
72 286
38 99 140 509
97 914
6 192
84 126 160 198 207 455 521 602 834
102 329 561
6 579 911
34 923
7 161 166 226 294
331 505
8 14 263 276 388 546 629 802
4 62 183 227
16 37 189 267 332
58 309 323
74 85 158 223
6 123 172 174 192 271 560 565
6 39 81 143
4 12
11 57 108
19 202 285
13 188 399 662
8 55 434
107 164 243 603 807 942
6 37 42 176 528 583 860
99 116 323 810
33 230
459 779
59 61 163 227 310 519 564
20 153 338 374 378 630 858 980
109 263 328 434 530 793 971
534 572 966
129 220
19 31 78 200 584 719 885
61 65 110 264 892 950
75 111 341 433 761
65 218 340 474 678 975
10 98 680
83 104 179 282 646
106 405 847
11 264 302 471
10 84
21 72 176 435
352 488 773
8 196 285
96 110 707
28 444 786
591 806
53 223 491 720 886
12 149 461
39 91 173 451
39 791
47 185 362
900 965
42 77 277 806
16 218 309 927 968
190 759
22 73 124 149 677 917
32 605
259 424 589 851
49 275 758
55 80 107 180 239 243 313 467 818 966
39 40 349 978
181 334 455 929
2 18 315 480 760
89 186 814
17 26 67 104 124 138 402 764
42 112 268
75 82 101 113 150 200 291 499
31 290 530 671
331 477 562 992
37 121 157 164 206 272 690 873 931
45 303
38 57 60 81 92 107 198 254 603 666
77 151 349 416 605 692
17 546
74 403 521
79 408 641 655 795
112 121
185 688
22 88 124 339 721
146 188
76 252
23 728
9 147 155 176 186 248 322 501
21 50 897
23 42 259 485 776 805 964
22 54 104 138
6 192 281
22 34 199 360 543
1 21 183 432 503
4 34 118 393
10 12 168 882 954
23 99 118 258 347 374
173 389
61 96 807 917
17 26 232 987
12 794 868
36 154 335 348 353 360 495 590
406 493
30 46 55 128 136 140 233 372 542
374 521
219 251 377 481 600
91 767
145 166 754 965
14 34
1 18 139 185
9 56 63
12 84 152 221 293 616
102 136 394 898
14 139 952
51 722 823
311 924
71 544
47 109 352 388 434 879
4 18 62 142 177 183 219 475 959
67 68 357
134 937
4 74 122 178 276
3 5 233 257 404 679 958
37 112 121 172 211 423 424 519
71 111
104 360
50 79 89 151 161 178 262 332 576 793
11 68 94 108 357 887
45 226 265 559 683 716 872
58 597 741 924
20 27 76 97 163 303 527 654 709
145 406
19 123 780 875
319 821 993
203 204
9 14 88 120 198 254 802 870
135 233 372 460 496 711 919
144 244 886
4 16 62 276
51 57 93 216 343 497 928
1 55 346
6 17 22 26 64 82 143 263 741
211 528
6 39 143 656 973
119 359 365
6 28 77 143 470 692 763
31 71 569 933
7 290 373 460 489 524 557 853
49 125 214 556 583 591 831
32 68 907 926 997
31 69 544 584
51 312 343 787
1 462
14 275 511
4 560 665 829 920
3 128 225 468 679
39 46 80 234 740
240 701
6 176 281 531 791
15 70 148 347 478
110 489
2 28 47 106 152 369 563 608
9 710
15 41 51 163 231 271 386 525 835 898
47 141 235 992
58 89 262 311 601
25 113 132 147 299 442 578 621 843
27 30 74 82 146 217 821 825 895
1 101 226 305 364 508 511 613
19 127 359 380 414 474
22 67 551
15 41 53 102 473 580 990
92 215 561
12 18 193 416 549 908
81 98 140 175 370 628 688 767 848
44 138 269
8 14 21 656 844
21 73 88 275 748 949 974
44 162 224 337
78 79 212 246 297 460 510 903 906
76 153
55 202 571 682
11 77 995
9 902
46 80
125 142
65 68 284 571 584 681 799 865
15 29 287 478 622 684
158 270 282 623 849
25 66 75 147 184 186
10 12 84 168 223 680 794 856
7 188 241 401 613 789 801
178 219 757
32 70 636 669
97 127 302 712
10 12 60 61 373 840 887 954 963
32 123 536 537
35 60
30 180 313 387 391 549 576 615 816
602 652 673
66 171 433
93 497 536
56 155 385
22 130 779
99 730 784
7 45 76 172 252 279 514 864
154 340
410 592
322 376 577 595 619
112 262 273 354 377 441 446 528 660
68 294 357 389
285 415
63 105
37 644
11 425 695 763
32 50 70 100 126 216 384 441 570 978
463 540 751
54 67 138 552
21 47 185 585 638 949
674 822
48 186
661 670 922
37 564
14 167 170
219 253 288 493 979
431 827
63 256 344 574
5 15 214 228
6 281 545 569 573 609 713 773 957
15 16 148 525 800
41 90 124 229 316 826
22 199 915
30 46 59 553 797 925
15 41 53 836 886
13 52 85 561 686 893
7 511
79 222 472 640 796
71 95 419 429 702 819
17 228 230 240 287
22 43 175
77 151 383 957
139 160 175 974
331 748 859
26 69 100 154 297 396 676 853
112 203 377
145 155 440 734
32 46 173 358 382 526 626 815
310 403
153 355 405 857
46 114 198 443 461
445 610
89 162 611
9 34 56 97 156 509 583
73 160 582 594 827
290 517 592
22 44 62 64 199 336 444
129 210 379 804
59 96 244 865 975
152 608
109 454
23 800
11 95 185 520
253 309 338 582 648 768
2 71 141 159 601
5 31 42 195 225 408 538 785 830
60 92 98 234
11 169 284 319 811 863
68 74 596 746
40 373
22 42
29 118 229 812 825
94 294 939
40 51 108 114 173
1 208 971
30 239 325 368 456 940
98 324
3 67 224 320 945 948
14 254 263 718
21 46 180 368 527 599 666 774
49 103 135 341 958
41 943
159 212 261 704
132 173 251 425 742
3 103 257 321
94 267 327 357 776 814
37 112 255 354 756
177 190 315 726 775
13 96
18 78 211 652 765
47 73 180 454 664 789
25 60 122 123 171 291 363 479
49 93 255 296
21 73 417 549 850
235 907
208 209 253 557
6 28 192 261 609 614
24 51 88 94 166 449
44 64 337
122 280 322 619
418 475
105 120
228 307
38 140 392 422 542
21 32 51 72 73 242 288 356 844
74 153 344 608 635 756
63 120 343
46 91 553 752
71 79 446 538
425 918 968
45 569 841
23 144
236 463
6 740
3 758
66 83
122 184 291 371
44 143 448
25 157 996
69 252 310 412 895
48 318
167 699
20 23 40 102 136 300 943
10 12 88 221
50 70 184 210 486
13 52 399 588 694 923
39 325 370 398 507
537 894
161 176 192 238 609 625
17 199 390 459
3 19 41 522 958 967
259 697 991
65 113 157 744
72 115
56 170 813
133 251
736 848
319 444 614 695
10 197 401 635 755
25 115 132 178 184 345 729
154 353 495
137 247 694 721 867
4 62 532 639
167 170 305 366 935 983
1 282 392
60 91 553 626
101 332 604
21 47 50 382 718 920
136 224 555
7 20 222 226 524 567 858 895
50 95 221 236 277 587 866
8 850
331 572
40 57 63
32 705
143 192
27 84
5 624
15 34 81 85 106 306 482 490 743 940
69 937
45 59 61 110 146 244 427 571 914
46 797
32 205
167 366
4 142 500
164 272 519
93 108
154 278
49 313
130 232 984
144 217
24 25 35 48 61 96 302 351 380
126 211 377 423
430 830
81 98 194 392 443 469 783
430 792
96 960
120 533
41 739
508 673
8 27 185 197 254 977
335 353 421 539
68 129 492 618 636 731 834
8 13 14 21 88 196 314 393 638 816
695 883
228 307 404 825
3 125 224
355 392 469 657 666 809 890
149 650
728 772
250 450
22 26 56 360 385 502 533 933
642 955
104 546 993
17 57 89 138
4 29 62
33 68 193 222 249 472 480
90 215 868
54 966
44 189 339 534 572 634
10 82 145
36 61 65 264 489
17 23 118 165 287 726 837 943
58 181 200 253 262 564 595
759 777
127 240 515
48 59 61 110
26 49 126 320 768 1000
57 114 129 269 373 379 714 787
23 53 83 133 142 144 270 985
17 54 149 228 269 761 863
44 149 269 402 502
24 351 489 950
135 484 824 967
457 853 891
17 42 64 972
13 55 285
18 71 111 260 413 422 737 798
82 499
167 170 203
263 664
16 147 281 898
715 822
29 41 52 90 118 258 555 685 701
33 111 169 220 222 412 847
32 154 476 677
5 418 657 727
93 99 372 411 506 626 694 852
40 271
13 36 83 137 215 311 333 439
58 101 332 604
24 45 162 201
116 141
33 79 113 122 133 145 150 378 700
88 175 421 466 725
10 40 384
273 379 423 485 690 860
70 108 492 810 928
53 512
13 399
16 25 75 89 91 122 330 362 390 481
70 373 829 861 875 951
308 371
134 141 568 685
62 183 189
18 58 74 82
28 483
11 43 348 536
5 12 84 143 667 833 882
87 193 568 717
23 42 144 249 350 424 485 486 589
73 286 296 585
32 40 57 115 123 558 796
1 104 439
301 520
16 27 45 76 289 367 514 524 602
17 26 64 67 130 182 225
9 274 289 296 453
5 13 23 39 289
7 135 162 651 967
50 195 452 550 714 749 912 944
1 13 78 207 249 462 584
640 723 737
30 39 81 238 293
9 64 105 274
304 342 476
127 449
400 440 813 870
4 38 132 189 268 823
9 38 46 173 215 921 995
37 112 400 980
210 558
131 593
68 956
9 56 82 89 138 200 407 961
19 103
21 26 231 339 543
2 460 579
16 82 101 218 322 338 390 938 990
53 93 217 292 515 580 777
33 121 206 259 266 375 387 446 467 513
52 107 588
203 446
19 135 137 766
25 433 442
35 351 830
45 56 120 385 902
6 39 126 153 398
13 38 137 942
25 115 122 184 276 732
14 286 560 688
4 20 62 183 201 227 374 514 556
205 406 733 754
38 60 80 92 245 993
61 620 811
22 28 36 149 272 400
214 749
12 33
9 196 523 724 730 744 919
11 56 191 350 568
10 169
903 955
225 274 440 533 726
137 346
102 739
204 211 273 616 756 771 839 851
58 89 101 102 181 555 880
279 473 514
180 203 417
47 79 683
34 52 55 399
282 317 394 757
11 182 221 550 563 592 625 995
66 237 308 818
36 76 97 179 295 471 606
11 106 405 751 866
95 242 284 319 637 672
68 91 166 235 482 907 939
1 83
38 107 520 553 778 784 809 818 881
4 156 189 500 762
7 91 162 404 610
18 27 69
7 27 574
14 208 388 607 932
51 54 57 165 497 548 665
13 22 34 55 346
6 48 121 152 238 356 707 827
57 164 231 753 948
696 698
2 12 18 78 79 297 315 632 693
117 501 504 930
257 404
4 62
137 221 250 295
12 343 817
31 83 111 169 475 649
1 66 70 83 220 284 384 636 649
50 913
20 651
2 983
562 687 826
28 80 84 106 245 348 386 499 559
25 145 194 900 912
84 139 487 664
26 44 104 149
43 196 209 668
34 125 233 285 411 647 669 885
218 742
5 15 19 25 60 162 171 224 333 947
54 78 79 429 480
8 43 328
69 100 230 422 877
47 55 436 615
211 266 301 367 463 658
29 223
40 75 93 108 122 123 231 437 846
167 852 935
12 82 741
641 655
81 99 389 567
10 12
89 262 341 390
30 80 99 140 185 194 215
452 492
23 41 91 118 292 391
16 157
3 388
69 642
1 371
979 990
35 264 871 934
218 521 619 968
179 338
268 394
13 52 265 401 901
29 684
4 9 384 385 675
7 97 226 305 473 574 927
76 308 689
158 270
36 217 240 434 518 525 739 837
191 245 775
16 171 248 433 600 621
72 180
79 272 428 467 660
71 145 193 419 531 904
52 202 265 862
16 75 113 131 165 701 878
21 82
5 163 427 824
51 108 114 123 206 231 379 382 804 874
268 307 317 462 782
23 24 48 127
56 273 873
2 63 468
3 5
3 5 19 49 106 175 225 369 982
277 623 897
18 30 54 130 698 937
3 426 679
21 43 59 152 180 530 879 904
15 85 102 240 258 282 298 450
33 365
2 909
163 381
24 35 119 340 380 651
5 19 49 128 296 453
177 458 674
2 31 33 69 246 413 544 777
14 32 139 312 417 441 548 615
24 127 811
33 601 922
17 19 128 214 225 484 504 522
101 223 738
10 12 771
9 71 169 429 541 661
85 878
28 90 181 221 637 648 810 970
86 116 159 177 216 230 457 524 911
3 101 125 128 187 253 420 745 768 871
9 17 26 44 54 56 199 260 339 796
39 828
29 144 148 228
634 859
6 44 58 176 192 238 872
7 18 103 161 201 470 559 630 801 911
111 409 645
19 428 484
86 169 459 472 591 798
3 5 320 397 522 624
86 116 134 408 475 903
590 678
11 78 386
335 788
29 118 128 720
86 100 517 819
46 108 304 452 482
8 15 90 148 463 653
38 60 85 98 107 215 313 389 547 989
18 33 134 141 260 765
63 902
31 76 234 376 403 490 746 755 801 807
4 131 265 299 697 700
30 92 989
84 575
39 143 182
2 15 31 193 238 775 781
3 5 11 445
29 264 414 464 495 537 917
18 41 412
238 281 953 973
35 95 493
3 289 426
131 157 487 578 884
20 24 26 44 67 117 130 964
52 76 132 152 247 295 299
61 67 130 136 179 540 812 964
7 8 172 941
126 172 708
110 280
205 646 734
52 766
4 62 112 239 323 532 633
44 54
164 195 204 246 747 751
114 147 385 762 780
64 427
129 174 639
28 46 163 194 456
5 103 162 213 226
71 86 142 579
45 279 355 374 659 743
69 114 365
169 187 205 261 300 320 531
8 14 87 102 288 622 910
26 64 124 149 502 984 987
193 271 731 815
35 272 340 604 631
66 352 432 722 782 840 842 861 948
23 41 85 90 127 229 258 543 961
29 750 928
39 285
10 278 421
536 874
41 90 258 685
65 279 318 532 712
155 274 508 734 900
78 231
286 316
23 29 74 98 201 720
53 90
32 45 216 731
11 14 43 106 160 165 191 277 358 863
251 700
124 182
5 30 94 98 119 352 395
48 61 364 471
11 110 301
461 693
109 395
290 838
2 141 159 190 300 723 778
2 116 159 261 670 874
186 378
1 7 13 20 66 156 268 864
49 416 936
72 185 286
11 36 367 542 554 654 763 883
19 49
26 63 105 120 407 502 962 972
6 32 39 176 250 281 973
457 472 581
20 146 252
115 147 210 248 742 816
14 43 73 109 196 209 488
1 83 345 643 782 985
91 243 771
17 30 99 324 461 565 689
20 153 187 201 803
4 62 142 183 255 846
30 80 197 287 322
60 752 986
94 113 121 166 564 1000
15 81 92 217 239 986
243 370
121 375
43 717
35 68 119 280 380 449 681 910 998
203 377
62 500
1 37 195 237 439 513 660 931
36 327
33 490
198 313
570 665 753 944
309 575
4 465 500 909
2 28 58 77 106 233 498
43 362 545 629 770
15 23 87 165 698
89 101 738 845
161 188 256 635 803 977
16 18 147 150 186 341 378 715
80 87 140 205 325 542
16 40 551
582 979
206 814 849
123 243 599
113 133 150 376 378 715 724
44 138 179 646 764 901
17 51 70 93 108 182 368 736
19 206 350 420 477 617 826
257 436 566
27 188 207 490 535 652
75 117 133 334 518 578 638
342 343 346 452 586 647 947
2 78 141 410 438 592 704
15 90 102 800
140 196 324 477 876 988 992
4 45 75 458 527 716
17 26 54 130 339
75 729
16 28 334 832 893 936
126 511 981
37 65 107 203 865
120 155
4 88 109 656
31 48 96 142 532
506 935
50 539 829
2 87 134 261 418 480 838 877
278 353
383 563
87 315 418
113 501 588 593 595 996
5 103 555 676 792
1 73 139 208 213 454 552 732 884 932
10 18 312 349 487 831
33 86 222 457 906 955
32 282
86 100 108 260 419 453 581
147 376 913
69 70 116 169 406 541 632 906 909 933
65 226 464 527 556 590 709
7 94 102 279 484 499 572 582
17 22 53 67 144 336 708 835 901
13 662
151 606 716
34 237 267 292 432 790 985
58 89 101 181 498
10 58 882
4 16 729
22 26 44 54 104 437
2 8 62 63 189 568 702
6 53 85 190 298 580 622 969
535 559 946
21 43 152 314 316 916
9 11 56 63 120 131 330 682 918 962
16 115 147 153 345 442 858
20 172 241 364 494 872 991
353 539 788 794 894
94 227 566
237 317 649
2 87 134 148 315 513 699 949
170 852
2 31 41 87 90 518
675 820
13 709 910
35 42 72 131 196 356 718
20 344 556
15 283 300 347 772
9 60 120 407 730 962
175 530 703
79 87 100 140 141 230 246 468 728 820
59 127 415 744 890
7 61 271 287 351 565 620
6 13 143 156 176 227 669 808 923
3 45 485 627
102 223 270 578
69 642 645 785
174 216 379 466 815
7 103 241 333 494
98 148 292 293 329 391 515 561
2 116 159 177 212 260 581
34 52 156 295 393
337 459
14 55 265 314 415
6 51 93 108 123 129 154 252 920
172 197 344 841 941
674 905
2 177 260 412 702 723
31 135 193 212 409
43 346 879
2 27 33 92 134 808 976
137 181 200 262 311 575 692 845 880 996
28 77 232 563 650 653 799
8 129 254 312 356 663 717 770 781 841
