107 164 264 286 429 583 634 773 779
8 40 124 158 293 793 872
370 457
28 56 319 800
14 30 60 119 308 867
11 113 470
75 97 484 757 894
102 350
58 118 219 283 410 434 630 740 833
10 20 53 150 307 450 814 962
20 53 210 489 614
11 379
60 76 78 79 80 172 331 343 553
35 843
28 56 68 134 211 463 497 500
62 836
709 953
270 321
176 889
38 49 170 178 207 256 296 341 360 830
7 183 464 830
112 786
612 973
277 869
23 51
61 274
101 127 162 174 401 791
32 177 252 376 412 766 772 907
46 315
4 72 73 79 523 529 651 667 780 871
186 319 493
23 86 164 425
84 166 218 249 400 775
6 57 85 150 242 314 643 669 732
62 79 128 287 510 720 731 738 893
7 13 70 339 343 552 716
252 291
28 496 846
102 465 548 605 904
160 246 562 852
8 32 56 106 125 551 562 879
7 49 154 210
18 30 360
285 388 520 719
3 9 60 72 91 149 164 306 816 917
426 938
24 31
233 285 356
12 29 34 97 276 351 397 457 521 715
258 873 926
19 569
41 77 458 514 810
8 19 22 25 193 207 220 386 504 978
6 149 234
77 187
226 227
28 198 330 503
18 62 130 197
1 10 269 309 388 491 591
552 851
13 131 168 173 400 425 853 905 910
63 354 777
70 72 264 745
22 303 581 628 876
751 899
505 884
277 371
6 60 590 698
741 948
75 216
13 37 115 906 912
52 121 393
105 190
115 133 654
47 595
12 196 594
29 291 457
128 222
10 228 573 922
28 54 865 963
96 415 444 908
51 64 79 121 156 212 219 231 409
8 17 110 747
54 83 124 284 380 435 664 868
60 343 393 467
117 504 808 927
321 536
455 940
5 254 301 314 629 703
6 923
82 209
36 266 294 384 698 701 845
51 197 876
14 52
46 193 374
299 526
19 27
159 364 562 814
9 71 108 174 192 548 624
183 257
63 118 210 263 376 422 517 531
3 41 564 599 968
109 159
113 267 882
10 20 137 238 269 275 363 398 533 974
34 141 404
16 604 932
150 842
38 326 455 978
62 104 128 254 464 559 794
194 438 525 739 753
20 180 228 242 251 289 666 734
157 222 287 738 794 836
23 105 245 406 423 736
25 352 729
172 266 346 366
5 33 46 161 526
16 93 111
104 151 627
398 816 821
72 91 105 109 143 260 286 537 584 996
20 30 145 155 419 755
21 77 186 293 408
24 98 99 133 430 617 953
78 730
214 347
104 142 170
51 64 661
63 192
72 97 147 311 789
61 255 616 847
5 90 154 185 544 663
145 155 774 802
153 216 255 484
38 193 326 374
7 16 109 148 330 349 405 695
13 21 60 80 94 333 337 340 826
508 823
278 293
170 552 807
23 961
9 34 482 526 656 867
1 57 438
199 519 591
4 5
11 12 19 117 428 507 943
63 386 668
47 165 454 556 557 879
37 968
71 155 174 901
522 998
113 378 770
53 126 570 970
34 117 675
552 799
2 185 279
43 150 792
339 617
24 56 122 211 442 467 690
36 213 286 299 301 474 571
101 155
367 384 513
66 284 468
1 6 16 37 212 276 825
83 124 666
353 649 678
3 41 185 260
6 55
31 188 255 307 565
12 34 820 967
175 838
18 530 1000
196 940
10 87 201
209 910
42 840
17 26 32 47 83 488 557
81 142 148 170 178 233 338 342 799 804
12 146 809
2 85 99 450 587
31 160 218 348 565 966
81 605 955
54 71 572 748 936 981 1000
54 138
4 28 32 250 485 577 815 946 985 989
70 182
90 114 615 637
148 322
320 844
101 127 155 176 276 447 597 746
167 292 350
61 95 125 224 225 274
22 44
43 64
19 40 187 872
38 509 582 796 804
53 189
19 27 34 94
6 18 234 235 324 358 578 647
24 98 115 523 541 733
42 148 470 585
12 19 27 117 611 638 820 927 983
12 27 194 202 223 281 323 508 710 891
42 149 327 585
271 397
16 43 78 202
2 55 177 318
138 530
22 30 78 204
316 650
18 197 235 361
123 205 432 945 967
517 752
20 48 82 136 184 270 618 831 900
12 263
24 37 115 128 133 460 506 527 621
14 194 309 382 735 921
10 199 415 461
50 104 466
10 45 270 579
290 502 599
26 59 68 244
272 781
108 207 272 428 490 911 921
32 475
18 641
61 220 424 588 885
9 112 540 623 984
87 96 180 184 253 383 436 463 472 719
182 241 323 462 554 630 790
9 23 63 64 200 215 417 595 634
53 269
28 32 74 135 563 884
317 689
25 90 175 189 214 220 352 535 981
47 77 134
22 124 682
313 929
11 109
47 53 87 132 184 201 436 587 618 813
11 27 491 567
1 120 226 385 479
17 519 763
13 24 37 99 143 308 332
3 16 41 987
6 73 119 237 590
1 39 122 127 174 217 240 310 344 702
99 733
92 225
29 256 302 387 416 457 512 984
30 305 387 901
14 63 188 190 291 318 437 742 787
75 997
66 68 150 441 472 719
49 312
1 101 116 145 414 636 802 858
38 277 282 632
29 58 281 298 483 818 832
57 198
20 87 96 109 132 251 383 472 491
177 194 234 365 531
10 36 153 373 610 705 757
441 992 995
51 496 643 745
62 128 157
18 22 197 223 361 578 765
14 30 979
2 44 55 547 760 877 924
241 284 355 592 723 776
7 59 84 178 322 349
67 168 248
75 237
144 310
114 124 553 568
22 219 232 307 364 375 481
56 231 241 807 913
48 90 295
111 142
80 130 137 242 294 389 821 890
95 144 247 722
32 69 218 247 473 502 596 700 934 957
312 350
10 82 132 797
139 420 511
66 184 185 230 244 405 574 635
10 289
118 177
254 262
13 37
7 16 59 101 121 148 461 476 506
36 53 58
7 75 358 400 484 650
61 103 119 782
18 839
79 166
7 102 203 287 529
88 103 224 310 368
9 55 419 421 542 570 881
24 395 968
9 91 112 162 195 260 414 753 959
111 148
141 648
103 815
22 78 202 410 740
2 221
20 228 373 436 550 573
26 74 253 776 809
38 542
2 546
368 896
67 75 248 358 610 632 857
20 831
16 101 951
90 189 313 499
108 207 326 978
4 42 79 385 414 560 858
111 322 495
40 883
129 649
96 242
247 372
90 208 781 838
22 89 136 156 261 478 734 740 749 769
108 459
2 401 637 964
481 904
110 562
5 19 55 104 153 301 609 680 686
513 712 925
36 257 294 384 752
60 137
61 80 138 334 647 761 835 889
12 15 74 117 171 211 463 583 714
298 397
73 136
21 181
24 256 271 281 375 486 512 659
274 290
56 131 399 620
120 827
29 46 198 475 543 649 704
43 70 792 864
8 32 103 747 921
215 393
3 5 151 646 682
14 49 162 283 359 362 449
17 35 159 485
170 497
238 888
14 33 210 283 928
4 73 89 695
291 375
10 31 139 188 206
131 168 282 610 647
33 102
176 990
65 126 215 264 328 570 878
5 90 124 212 335 405 440 498 530
133 218 371 617 938
35 61 88 125 665 856
21 52 139
28 231
18 130 578
44 292 300 440 545 686
219 514 533
341 576
41 54 138 164 176 270 381 549 720
84 277 369
31 246
25 35 95 238 272 535 623 679
42 798
203 487 961
159 245 490 577
421 915
56 737
403 941
12 236 675
22 133 395 654
33 58 118 141 386 449 902
6 69 863
201 242 251
89 156 440 519 756 972
193 374 548 796
9 23 200
92 896
3 828
9 47 93 903
165 790
112 317 345 486 583 683 736
4 48 498 914 946
254 258 466
4 9 48 607 667 734
2 686
153 173 216 267
52 681 724
134 696
69 88 224 334
6 168 198 267 739 863
55 735 755
14 46 268 315 353 359 458 803 824 899
40 77
9 66 865
230 635
72 123 236 426 521 811 820
323 462
24 63 395 422 430 906 966
17 66 69 103 389 716 843
18 19 809
22 55 78 146 891
25 80 139 175 247 976
25 107 260
2 672
1 318 439 477 752 813 825
17 37 110 368 642 801
492 634 641
48 79 783
76 149 456
10 842 950
24 88 104 115 225 230 871
83 338 798
32 35 40 100 293 372
36 67 119 137 346
102 273 691
274 309 376 408
13 23 395
6 7 16 49 59 106 111 257 324 589
179 812
5 18 64 151 197 360 694 728
267 810
110 224 716 879
17 106 250 265 507 722
77 817
94 354
40 186 483 919
340 380
11 328 371
3 993
15 181 947
279 824
152 195 260 539
17 25 92 313 320 347 454
57 71 92 234 747 850
232 328 555 671
11 855
70 223 340 664
25 36 214 233 238 288 306 329 430
52 522
711 991
5 50 102 182 438
25 26 238 313 344 579 653
15 119 355 489
39 48 73 166 401 409 572 667
4 58 63 128 194 394 495 787 954
462 713 751 982
36 67 97 131 216 282 467 493 575 804
13 532
83 124 664 703
27 726
4 29 118 135 154 440 454 534 557
6 15 61 74 155 171 198 231 445 471
53 85 180 383 777
2 12 34 648 923
3 41 109 166 279 591
93 245 683 835
5 100 108
22 258
50 102 151 357 438 859
42 258
78 644
211 561
53 131 153 168 216 400 448 771
158 186
26 563
6 389 704
58 518
25 147 163 220
175 272 329 352 442
140 516
40 158
96 102 312 465 525 691
75 98
9 86 171 200 385 593 861 897
614 721 777
15 41 287
100 293
51 70 645 717
24 46 695
43 50 51 182
724 972
6 92 125 200 245 285 302 551 730 843
174 903
14 29 362 387 422 928
61 76 250 275 290 754 800 914 977
65 126
1 165
8 933
17 32 35 95 247 407 469 642
30 38 44 179 273 357 748 965
48 79 331 941
9 72 80 93 406 492 575 952
11 84 155 162 265 348 693 785
94 377 600
3 133 367 958
121 143 163 593 996
8 387 494 841
26 135 211 662 714
300 474
5 360
297 586
10 20 53 251
12 126 268
84 869
11 84 122 206 413
76 266 343 366 384 389 453 698 701 845
240 516 769 912 926
16 118 326 341 397 668
64 351
17 308 932
7 497
149 294
4 73 89 390 893
2 515
206 717 930
23 93 112
19 670
706 727
43 97
6 7 57 88 103 125 372
15 56 241 540
11 131 358 407 870
76 119 343 479 960 986
73 123 239 612 708 805 977
1 38 133 418 459
8 32 35 88 92 856
71 75 216 448
16 182 312 429 574 693 826
49 66 111 230 315 390
32 106 205 290 334 342 510 577 976
12 13 37 395 541 718
29 67 255 702 894
85 657 875
431 467
192 196 256 283 531
28 56 135 208 231 284 468 662 822 942
2 14 205 423 492 725
41 128 222 738
97 745
104 213 301 994
19 504
114 347 588
7 38 59 88 117 141 193 758
37 209 564 784 906
14 86 239 291 954
222 674
133 147 319 345 435 967
59 144 154 196 271 275 391 518 707
42 46 81 93 113 484 788 873 997
365 979
28 56 134 208 446 471 827
72 105 115 142 146 163 218 417 423 779
22 64 215 261 410 444 717 891 982
18 130 633
32 95 106
3 19 40
432 486
162 693
8 244 452
36 743
3 14 132 154 252 790 987 993
15 71 74 140 394 470 710 764
6 782
15 102 253 315 350 353 651
1 240 694
3 41 62 185 229 279 851
81 926
19 27 45 307 472 504 867 922
29 60 754
272 288 347 524 679
209 375
1 21 175 377 402 592
29 58 369
292 546
771 842
64 70 97 182 223 383 868 933
5 94 337
35 439 473 495
6 26 63 134 561 776 844
1 48 116 157 287 403 461
3 148 259 340 689
23 93 213 529
91 93 109 332 406 589 773
16 161 212
31 565
17 297 310
86 164 286
81 243 327 810
157 585 798 912 939
61 65 126 195 556 612
156 210 232 382 517
29 956
39 447
166 697 805
153 267
6 234
54 379 999
115 733
260 332 486 689
40 158 841 909
89 265 416 795
42 550 791
6 324 910 913
42 955
173 216 954
75 361 633
5 792
1 145 631
104 859
8 32 111 586
9 626
80 306 398
27 65 191 243 344
17 885
32 35 78 136 252 396 600 973
51 122 381
141 370 494 670
13 24
86 789
16 806
15 66 111 446 523 788 920
227 699
16 43 49 68 178 496 715
31 160 168
147 152
108 202
2 30 55 123 165 298 540 556
53 96 242 705
52 522 819
121 146 261 396 399 410 514
263 288 524 888
119 237 378
114 535 588
303 724 765
833 999
94 538 544 882
143 263 568
3 11 167 168 248 400 785
21 120 226 262
5 10 20 159 262 606
760 892
121 261 307 485 886
12 27 911
3 17 62 157 285 469 502 586 767
1 447
1 4 5 39 123 303 305 476 607
46 50 61 92 337 441 800 918
3 7 31 68 311 321 741 806 957
7 619
86 195 317 887 945
356 421 812
13 37 507
3 135 505
13 161 179 239 522
21 143 152
103 490
27 60
34 57 212 228 569 908
113 140
62 229 287 460
65 962
2 71 167 631 818
27 105 370 718 763
68 684 807 948
190 479 902
213 526
15 42 134 280 681 975
12 19 34 110 469 482 611 911
13 98
16 148
328 399 992 999
335 874
40 81 243 258 279 338 344
240 243 749
336 558 953
163 425
24 34 35 65 692 927
9 107
1 116 409 550 774 903
15 122 764
165 657 797
207 341
21 499
55 167 221 503 615
112 147 175 626 632 846 861 969
4 66 169 204 265 350 357 465
3 8 61 980
9 91 112 195 425 969
71 100 158 186 187 530 581 702 723 889
27 61 411
191 338 394 516 629 671 681 955 975
85 251
67 476 731 780
171 190 281 348 766
2 9 29 44 51 63 76 500 515 787
267 824
29 31 364 412
20 140 383 415 520
160 188 481
8 14 17 106 297 622
66 441
65 556 962 973
23 268 320
22 46 83 296 793
128 157 460 674 991
10 96 593 813
483 580 817 936
11 66 129 218 431 869
20 132 180 569 657 907
41 279 458
59 91 109
170 178 311 404
105 109
13 249 378 456
179 297 957
38 108 418 477 566 582 758 819 854
31 153
14 44 55 64 151 167 221 292 546 816
23 47 264 406 887 894
167 221
19 23 34 94 566 665 773 803
88 473 934
40 100 186
42 112 114 240 243 278 280 327 329 555
69 103
132 444 527
11 79
47 165
59 601
3 26 55 85 167 259 519 542 768
434 549
94 252 276 333 362 402 420 663
895 956
83 124 488 826 899
57 68 170 404 744 805
42 81 113 136 191 258 280 327
57 600
9 38 58 598 796
60 87 266 378 905
5 50 915
13 24 42 95 110 132 573 732
376 382
31 50 116 204 213 768 775 814
48 114 403
8 11 137 149 346 366 426 498 762
79 169 173
69 250
50 990 994
39 119 149 266 456 590 636 762
168 173 769
156 328 443
6 64 84 213 249 371 574 661 766 844
7 68 183 352 537
21 544 663
49 65 970
276 302 512
36 52 76 172 848
210 907
394 873
15 625
108 758
501 699
204 357 525
69 828
2 33 44 877
29 386
4 79 390 403 708
22 685
223 697
26 34
25 524
127 572
165 335 898 900
28 284
135 613
15 253 273 942 963
54 692 847 985
4 73 89 152 166 219 265 498 534 697
10 87 180 388 517
1 38 418 477 548 959
45 82 85 705 875
21 138 198 544
45 82 289 532 797
84 369
377 669
193 418 576
1 550 746
13 133
87 289 363
99 209
31 70 188 206 246 481 509 645 852 930
28 30 62 915
433 543
142 191 466
658 731
65 95 250 528 778
62 711
8 106 507 874 932
5 35 50 646 946
99 465 706
130 538 839
335 757 759
138 692
38 50 108 207 341 455 576
46 66
17 95 106 110 407 485 856 933 934
52 998
60 294
13 20 45 53 363 908 920 935 950
30 102 478 749
140 361 728 882
57 195 217 401 437 602 624 971
583 616 897
15 26
84 775
68 142 257 547 563
167 672
15 135 171 181 442 505
19 28 74 405 489 521 808
30 191 371 453 965
5 21 50 213 230 299 353
33 49 173 298 574
217 572
30 110 473
324 351 864
29 58 365 630 735 742 825 840 895
6 57 76 275 437 832
3 575 853
297 325 596 822
25 29 76 329 459 499 952
1 71 96 150 527
7 25 220 605 981
71 858
150 450
26 134 169 225 241 325 551 567
78 156 382 396 434 652
39 949
21 94 227 392 986
75 93 105 107 109 286 316 539 707 913
58 291 854 888
96 721
18 86 173 193 245 305 539
7 120 160 227 280 479 597
2 300
6 33 57 370 537 944
69 577 980
5 11 151 262 363 558 606 673 937 994
70 360 505 609 687 878
2 545 609
563 849
8 92 304
120 226 377 392
1 13 43 115 342 506 541 599 654 885
101 802
459 691 750
122 389 567
86 147 306 435 639 887
73 89 169
9 39 105 539 629
5 104
57 437
18 746
157 229
10 393 518
205 319 584 789 917
136 533
10 22 87 314
127 560
67 255
288 784 958
3 25 94 185 337
13 23 24 37 322 532 685 709
56 355
30 108 143 161 290 342 356 453 652
131 248 857 986
31 295 726 866
73 795 951
116 155 174 214 385 774 971 995
210 412 430 564 729 937
73 74 89 199
36 42
1 101 145
22 331 553
2 636
12 666
8 60 237 294 391 675 754
41 799
54 181 419
28 74 208 284 503 515 750 969
4 10 25 48 227 269 289 688
137 306 348 372 701 785 866
12 833
74 208
11 21 54 592 644
5 17 37 63 99 118 121 427 466 895
511 781
9 11 205 277 369 451
20 45 82 916 931
82 184
7 431 743
8 225 391 475 732
3 41 987
63 177 331 386 388 707 721
78 215 232 399
62 157
3 34
10 150
152 493
4 204 335
176 559 570 627 865
559 970
12 139 268 854
37 98 125
325 985
16 183 296 487 589 806
33 531
416 461
60 80 172 391 575 770 952 974
18 130
179 221 837
772 818
445 446
123 163 332
235 367
49 162 622 759
80 743 890
117 961
1 34 117 222 236 295 601 718 836 983
4 534
3 259
6 850
545 546 837
1 97 223 581
172 890
23 200 639
126 235
18 659
30 52
9 76 172 203 391
46 52 68 127 161 239 653 976
13 37 209 336
126 528 808
266 346 590
30 356
18 578
116 145 303 959
202 219 232 237 443 554
494 603 966
13 99
7 59
11 53 85
290 407
14 29 320
529 688
44 672
32 125 304 850
90 99 339 349 619 651 720 756
11 187 249
131 255
1 355 988
860 941
103 424
139 285 329 535
15 26 56 135 145 355 445 446 925 988
33 118 126 177 362 676
201 269 289
12 25 45 53 428 569 640
36 366
565 628 656
236 295
67 448
136 146 434
33 63
17 48
33 283 302 909
20 77 85 201 314 829
22 146 156 215 763 823 939
18 39 50 81 571
9 105 107 409 423 471 846
8 325
367 633
112 173 282
352 679 748
198 212 234 385 447 581 739 761 901
12 19
37 98 506 558
660 931
43 70
3 41
8 13 17 98 184 532 582 918 975
101 684
2 55 292 615 725
174 303
93 164 264 944
19 27 81 273
10 83 132 436 640
20 45 196 261
67 558
17 304 584 608
6 36 52 57 107 179 881
17 45 180
91 881
413 468 620 662 744
5 151 254
26 28 141 190 445 696
83 118
14 370
87 829
15 74 122 500 567 613 625
248 282 358
326 940
25 44 579
74 714 822
4 591
85 270 614
17 27 31 161 188 199 283 602 780 998
21 54 86 95 402 538 963
7 43 64 296 405
87 132
59 330 832 848
4 95 169 225 310 893
15 26 181 208 211 947
13 138 336 853
4 144 158 187 278
215 433 860
248 331 381 534
21 333
64 70 97 174 182 323 351 524 554
39 694
91 112 123 345 560 683
46 635
31 508
89 116 145 222 684
40 67 997
7 44 59 181
2 33 44 281 515
36 821
47 475
178 604
163 862
82 111 551 601
38 598
154 192
68 107 178
31 45 180 189 199 688 829
77 278 817
236 392
204 246 655 727
50 78 206 364
39 414
39 116
194 742 880
183 224 330 589 653
21 127
34 229
30 924
3 185 259 678
5 103
23 239 311 417 429 511 537
192 295
31 131 246
107 115 541 905 924
6 324 333 362 782
8 35 144 439
4 67
411 801 892 989
149 770
124 677
80 172 180 275 384 463 660 950
66 190
33 194 359 433 676 841 902
56 223 351 520 687 710 713 715
416 860
17 144 608 884
9 86 105 152 205 317 584 639
33 120 154 226 302 323 354 645
542 755
10 29 45 387 676 849
52 163 233 554 652 819 972
312 898
18 130 205 659 765
44 643
273 898
474 859
40 100
340 553
43 47 51 70 72 521 595
77 92 100 186 580
46 89 230 261
45 320 527
305 401 478
77 100 110 125 274 278 580
12 192 309 919 956
113 555
4 5 71 116 138 176 502 658
90 238 263
114 588
41 259 993
20 27 228 253 415
36 80
2 16 44 221 257
492 786
212 761
106 687 896
15 136 244
51 154 256 439 700
62 460 711
129 249 348 870
36 51 137 900
117 147 264
24 83 474 628 703 793
19 111 236 347 594 611 638 929
47 622
40 187 624
73 126
54 549 559
39 64 971
7 487
96 251 373 397 555 573 660
6 57 863
19 25 114 220 271 272 512 580 623 929
2 44
11 84 129 141 190 218 451 655 855
9 23 123 164 207 332 374 432
4 24 39 82 169 196 325 411 949
22 399 536
16 49 322
152 945
62 65
14 219 382
11 72 84 319 345 655 897
14 22 121 196 321 396 458 478 543 644
78 336 443 536
92 224 452 568 582 709 989
98 286 753 768
181 231 253 456 525 561 658 931 947
43 422 928
81 113 140 327 344 516 671
29 33 58 318 412 495
56 120 171 471
35 144
42 137 704
561 696 737 942
10 160 206 246 388 603 727 827 916
18 273 346 357 431 678 706 904
39 43 70
77 187 293 424 480 723
2 44 76 292 725 877 964
221 547 837
90 114
50 299
42 158 280 359 470 585
2 44 250 496
22 136
49 203 300
51 97 713 812 864 982
60 119 762
52 71 172 233 511
33 141 919
13 46 48 98 199 390 795
30 179 421 453 477
21 200 450 540 862
72 107 786
345 779
11 40 69 129 648 767
489 726 783 943
45 334 368
17 69 88 368 424 490 909
21 538
184 587
43 51
197 420
128 222 510 621 625 674 794 991
2 52 139 161 179 342
53 85
129 855
30 356 965
25 189 214
8 32 69 74 92 372 452 608 642 760
227 392 501 699
228 831
2 6 637 964
14 69 88 271 443 977
381 428 482 811
12 19 34 81 482 670 803 922 983
282 380 488
189 314 491 520
65 134 737
15 38 130 235 367
31 146 188 730 886
4 7 35 59 462
16 59 183 316 497
43 64 65 202 427
28 125 304 834 914
160 508
39 47 68 560 759
79 175 288 379 579 847 943 995
20 54 229 503
52 121 232 712
93 100 317
7 203 296 330 464
4 48
263 499
1 288 380 568 935 949
40 68 158 203 426 451 480 744 883
2 54 55 101 200 214 454 547 557
21 354 669
7 49
20 28 153 169 217 607
276 494
48 166 211 390 403
14 33 58 192 298 359 408 427
381 523 756
54 616
16 183 235 361 464 839
8 77 278 334 815 936
14 176 811 866 880 990
46 50 788
369 596 627 938
244 429 650
75 857
147 252 603
24 722 958
3 41 444 640 876
1 39 127 152 162 217 245 631 736 935
501 597 960
21 161
26 413 690 778 834
10 62 510 528 621
30 104 137 151
19 27 206 233 239 571
36 47 80 165
413 513
849 988
1 21 39 162
41 142 185 316 741 767 828 848 851
9 10 34 602 641 996
81 191
26 122 181 764
15 26 122 171 241 468 500 778
271 449 751 937
23 86 143 182
204 259 364
313 365 729
4 28 169
501 960
12 58 308 518
281 365 408 668 772
8 665
24 90 275 308 336 545 685 784 838
46 66 315 353 918
5 301 571 606
49 91 203 349 619 923
8 16 166 199 257 311 404 419 476 871
35 61 88 159 247 285 980
146 254 321 448 533 712 823 992
33 58 63 177 189 268
170 274 304 411 469 700 801 892
38 598 750
33 300 398 528 852 874 878
16 142 178 316 487 948
15 26 32 224 690
8 106 144 159 452
5 262 673 680
35 249 442
67 177 256 268 318 354 375 427 566 979
31 509
67 75
160 509 886
18 143 373 944
140 175 240 394 728
8 25 214 435 835 1000
100 217
140 338 613
40 480
82 363
47 94
12 27 34 638 656 868
9 23 171 195
4 5 89 265 708
14 191 243 432
11 449 870 984
45 87
2 55 72 163 164 376 861
15 26 925 930
7 16 27 244 349 404 604 830
23 82 184 201 269 270 373 587 862 875
48 280 939
76 366 378 398 845 974
379 880
27 229
38 113 840
374 455 576
120 129 392
393 536
37 91 339
51 120 226 661 673 680
37 138 176 379 549
23 299 626
197 333 377 402
20 45 201 237 618 916
156 396 433 514 543 586
1 14
49 59 209 262
480 483 883
83 129 139 186 380 488 677 872
18 130 771
32 159
47 65
677 682
1 71 127 217 305 564 951
43 202
26 28 134 135 208 513 620 791 834
35 45 309 594 783
36 920
23 91 107 110 123 183 417 493 917
337 402 420
277 451 646
24 98 99 339
11 35 69 129 220 566
