702 887
1 88 120 169 178 413 708
30 260
6 23 138 253 301
157 292 510
7 507
182 329 582 595
97 915
24 57 61 96 132 624 792
38 306
64 293 954
80 217 501 610 761 820 895
25 522
24 613 777
35 102 396 713 961
31 165 529 670
104 317
207 211 233 591 912
184 465 935 980
1 58
9 972
229 632 724
53 111
38 476 788
4 194
169 310
340 889
1 25 58 186
30 68 85 164
45 82 117 157 225 385 426 442 784
66 355 593
60 85 235 308 392 597 748 989
111 138 143 190 333 342 360 554 802
54 118 127 221 481 919
25 46 200 486
13 27 227 734
11 275 608
18 75 125
35 87 140 242 589 917 957
87 589
69 204 236 330 656 885
188 659 758 989
792 819
108 696 793
134 471
11 37 72 185 926
256 262
345 387 406 870
5 168
83 198 453 494 778
115 235 584 806
87 631
30 74 85 133 177 365 500 762 770 857
9 11 82 225 304 722
4 270 343 364 731
59 213
13 16 40 115 214 944 974
22 26 86 162 288 323 824
57 173
10 46
101 323 930
11 23
101 398
49 71 91 112 153 195 228 254 354
352 427
51 100 135 192 193 778
117 578
27 78
336 988
172 453
158 363
95 690
4 13 17 99 252 499 656
52 117 280 619
102 106 433
117 162 223 412
39 73 78 97 135 285 593 815
12 849
2 98 145
12 53 140 572
15 86 514 879
28 562 864
6 204 222
44 377 434 493
13 16 28 66 102 543 954
5 32 391 425 890
44 216
18 19 29 38 97 168 246 440 583
22 26 113 526
454 657
164 291 855
114 647 725
506 646
23 107 275 712
197 884
157 925
15 289
31 38 66 77 592 743 747
6 266 301
24 103 210 285 359 969
36 39 68 89 272
27 917 918 939
17 661
6 67
315 761
26 60 236 754
119 384 488 505 738 910 981
7 19 121 281 404
108 337
8 271 312 458 647 870 996
54 153 293 883
87 139 271 641
4 364 753 766 825 976
33 51 100 128 297 426 706 764 834 966
9 50 179 225 663 734 872
56 134
56 110 322 985
37 66 98 650
27 751
33 170 217 498 579 828 838
94 328 347
9 41 249 663 972
232 653 753
127 140
13 15 66 171 495 496 555 557 680 732
4 53 903 914
178 648 937
80 128
17 722
247 312 460 975
14 120 152 330 574 628
3 51 80 129 498
24 61 357 749 969
133 366
19 121
5 179 212 286
161 215 363 417 421
159 378 453 602
18 294
49 670 956
4 5 35 122 379 530 542 846
33 100 257 318
282 390 527
17 83 90
3 528 616
23 49 54 159 196 228 298 306 450 785
88 90 198 214 488 782
30 39 264 366 381 637 832
20 668
22 28 65 84 150 348 383 537 786
28 62 65 93 171 184 814
24 103 359
180 624
15 59 72 123 146 192 652 993
128 296
42 107 475
4 794
119 129 287 662
36 47 85 88 89 110 201 705
93 110 372 494
102 334 544 689
46 244 335 738
20 35 43 255 302 491
289 977
18 461
24 187 193 382 913 925
77 268 284 472 978
109 307
46 89 214
476 485 620
77 101 221 272 305 381 398 763
91 112 145 151 152 211 270 603
285 400 653 876 996
18 88 92
54 62 83 88 112 177 183 258 682 770
84 149 153 176
4 215 464
20 43 938
73 195 815 826 976
20 168 429 633 720
145 153
78 342
16 92 175 436 460 484 489 842 933 975
7 137 391 394 506 851
111 119 287 644
75 283 775
1 67 76 504 675 752 883
123 725
1 776
58 305 763
90 93
133 201 345 365 419 728 949
93 299 422 541
5 35 245 741
30 530
837 852
16 30 114 212 341 642 727 866
6 60 141 195 293 508 546 769 822
51 81 239 418 429 492 804 915
35 124 497 609 970
499 736
29 43 717 741
114 991
33 214
2 15 91 326
173 748
33 89
54 71 327
4 17 34 50 194 227 231 336 364 416
6 55 142 216 584 757
46 79 114 134 151 162
129 266 384 918
162 223 563
27 294
520 789
34 49 94 307 454 672 795 967
2 54 284 289 395 678 868 927
68 190 221 517 626 849
119 129 356 377 439 613 795 863
6 10 23 37 95 200 266 281 368
13 577
87 589 941
51 75 93 114 447
3 68 556
5 20 29 78 302 425 491 771 846
172 198 365 376
2 12 64 143 299 352 520 664 703 714
12 382 452
174 213 248 283 703 800 801 978
17 65 189
62 83 921
33 141 276 390 411 554 713 807 914
89 346 419
17 120 224 278 346 896
351 423
43 609 634 992
61 63 97
142 216
138 590
27 768
10 11 362 837
516 991
10 25 118 243 244 266 558 799 837 942
10 25 123 230
8 116 184 296 439 574
14 67
24 96
3 945 998
141 674
47 74 160 259 286 831
131 141 182 195 232 487 684
243 508
71 238 364 369 414 661 847
29 35 43 124 255
12 279
37 155 163 220 222 261
155 236 288 401 558 606
9 47 750
63 139 210 359
18 317 388
148 746
17 69 144 194 394 988
3 15 27 55 130 198 304 429 502
306 903
165 246 264
389 726
57 61 405
2 16 84 94 142 178 216 233 444 860
92 175
10 31 61 187 297 394
7 162 223 240 534
14 37 344 398 763
12 53 79 117 127 290 303 325 760
28 338
28 34 220 403 956 979
114 123
24 61 63 103 187 210 515 969 991
125 136
36 47 75 107
20 29 668
69 128 184 518 540
7 151 320 415 745 790
33 51 100 170 411 899
34 220 252 363
23 371 897
15 23 237 289 750
26 514
10 202
38 43 75 124 358 634 679 783 934
25 202 243 971
78 121 582
57 108 319 420 952
48 56 82 130 136 947
27 74 203 215 226
474 821
1 58 91 258 796 979
12 61 106 143 687
19 121 137 775 885 946
13 31 529
78 482 601 655 836 933
129 308 906
24 36 260
256 943
79 399
180 386
28 66 95 148 444 490 502 533 537 614
67 100
73 141
62 80 83 110 151 196 839
7 94 171
52 324
19 151 621
31 41 57 109 218 231 272 349 468
1 5 68 137 144 168 569
21 166 201 898 929
28 34 70 158 427
20 124 539 542 721
773 964
20 29 302
27 39 97 461 474 930
34 341 424
54 361 970
19 39 65 77 101 305 367 669 798 894
13 22 25 200 288 370
21 22 41 86 110 113 193 588 767 867
346 666 832
23 294 443 608 635
28 527 574 814 951
4 194 934
22 696 783 890
12 204 711 715
356 591
19 791
2 21 71 586 805
22 26 171
128 135 199 645
7 19 729
251 265
126 511 967 981
69 350 439
294 388
44 72 521
22 26 86 88 288 588
33 100 214
39 472
193 274
28 50 227 525 557 620 719 787 812
219 282 909
96 103
24 61 68 103 132 160 284 604 650 759
305 894
14 54 83 93 120 219 380 453 733 900
129 287 409
167 851
43 60 263 293 351 795
108 111 131 141 143 310 505 517 544 931
91 152 159 709
41 894
6 23 37
91 109
86 113 217
10 46 51 100 128 217 276 710 922
59 134 445
24 139 941
40 83 839
3 45 337
32 247 965
8 69 116 980
14 380
262 298 956
190 242 771
236 370 526 606 878
99 186 500 543 755 968
338 356 704 949
6 37 113 375 604 683 712
16 893
34 65 84 252
25 95
317 600
44 413
38 59 75 209 326 408
166 457 535 542 720 895 898
75 174 681
13 50 299 322 682
16 78 182 195 290 321 578 648
32 46 69 180 182 397 473 559
24 96 132
6 53 208 261
115 893
5 29 33
314 659 773 841 938
68 108
312 716
226 294
30 77 465 472
41 49 71 840
55 176 789 875
20 245
44 92 120
22 822
3 616
1 186 404
80 157 391 913
11 565
189 786
162 412
33 217 330
3 117 254 936
31 567 862
7 368 507 586 654 819 843
24 61 63 90 158 210 244 537
9 37 121 127 686
20 41 54 73 176 449 816 827 997
17 64 102 165 239 342 362
56 119 129 356 384 409 573 644 662 881
335 594 738 852
53 954
40 414
20 57 849 957
155 245 255 314 407 410 515
156 416
98 207 592 681 697 722
228 984
503 904
79 295 686 929
141 150 182 546 780
20 123 870
125 311
102 106 206 208 756 965
13 21 59 174 209 529 800
44 70 91 105 473 900
13 56 564 577 935
81 118
70 209 231 299 355 416 420 564
830 869
8 18 27 38 51 59 124 420 425 459
101 173 314 392 768 841
24 524
8 108 180
138 163
11 59 136 213 275 685 978
60 115 578 993
271 568
7 13 50 110 209 306 309 552 946
3 349
13 31 113 156 288 918
332 392 604
42 107 179 265 287 455
63 798
81 94 490
22 26
234 279 754
36 185 308 340 384 392 570 746 889
84 150 383 966
20 245 313 667
22 26 29 86 567 617 817
28 81 412
80 181 318 399 477
14 42 45 120 630 693 932
41 71 98 109 468 594
42 95 531
23 25 96 601 658
72 92 112 312 437 987
87 199 249 566 924
65 72 224 396 463 718 902
7 121 421 450 452 464 491 548 605
72 484 487
104 677
5 124 513 573 579 950
114 123 283 458
63 96
7 36 206 208 221 396 740 845
23 43 382 510 553
1 58 752
154 610
3 143
25 113 145 370 588 754 879 892
8 25 57 117 180 386 632 723 829 951
8 57 109 196 493 527 820
70 209 231 446 456 564 736 928
76 475
64 174 740
99 470 479 622 637 831 857
175 992
21 298 353 709
344 438 855
48 98 146 147 339 847 871 911
28 34 221 418 735 761
361 414
22 26 86
46 279
19 191
23 138 821
12 53 334 433
104 737
326 585
9 11 62 90 225 358 652 766 782
9 47 112 691 944
40 137 183
53 76 188 497 841 959 960
435 523 701
54 207
2 51 781
39 47 75 160 164 177 389 393 919
5 29
107 467 472
42 456 785
606 715
8 69 116 184 282 688
16 40 611 806
230 441 516
69 113 319 478 729 975
51 60 120 438 545
262 797
89 224
204 878
14 44 77 172 344 458 669 730 751
107 475
122 195
125 407
79 309 538 835
251 454 657 994
386 882
42 76 118 169 251 328 475 767 773
28 84 205 349 536 575
25 799 829
21 599 699
143 179 446
24 63
68 133 164 212 224 260 345 405 479
118 178 211 549 860
65 84 99 191 648
736 862
73 467 674
19 798
40 142 216 279
340 409
360 603
77 101 671
42 796
19 162 295
15 237
9 52 90 556
73 78 232 329 522 558 595 876
129 704
861 924
267 309 316
39 258 503
121 126 262 279 391
258 292
81 94 118 171 357 363 479 786
6 623
24 132
240 824
12 102 334 404 497
4 13 17 194 343 525 814 988
15 30 32 95 181 248 531 874
36 160 259 666
92 102 437 489 687 987
14 733 922
12 67
53 64 111 239 517
12 64 106 193 241 505 627 960
17 535
1 7 68 89 92 151 431 762
212 479
34 45 419 718 992
12 404
53 66 94 347 518 562 591 614
54 104 109 231 360 378 400 605 653 781
1 89 91 130 219 224 313 353 875
7 483 686 790
38 67 149 186 237 476 834
2 71 112 145 153 196 731 842
25 300 401 511 555 744
15 27 509
16 40 341 467 999
6 37 66 156 163 180 371 635 901
8 57 282 405
156 446 747
435 756
7 14 59 75 164 192 268 283 920
17 336 364
111 845
5 14 35 206 302 477 489 739
7 137 316 464 538 586 676 904 962
12 111
26 86 236 278
7 9 646
9 58
88 93 772 983
50 577
5 49 789
18 31 136 241 311 445 902 947
24 641
13 246 387 810 973
121 144 616
6 15 495 961
26 52 272 432 693 797
60 100 103 297 655
106 140 418
16 115
203 939
20 35 43 70 199 769
15 680
101 264 367 671
101 465 730
3 205 337 354 667 957 999
676 962
14 39 438 501 817 900
299 300
78 714
44 120 300 633
60 73 131 400
139 359
38 593
433 584 689
100 257 276 372
43 938
744 801 942
7 215 391 745
70 99
5 8 35 230 319 362 587
548 639
1 18 27 97
314 395 896
27 155 183 226 269 281 331 576
55 98 353 629 995
228 262 360
191 264 507 671
29 579
169 327 328 850
10 130 432 818 950
160 213
9 52 913
16 62 88 93 102 110 172 682 766 772
60 333 546
64 74 98 102 111 177 448 626 965
48 136 233 241 311 407
8 81 403 492
35 423 504 934
6 26 33 86 144 316 709 715
73 141 293 662 825 916
21 166 430 599
393 753
55 307 804 984
5 14 114 189
145 385
35 107 477 850
117 235
12 106 140 334 534 923
153 948
127 190 701 815
11 23 163
223 240
34 98 105 179 485 562
77 94 272 323 367
148 348
49 55 58 104 109 149 834 958
25 41 296 973
71 147
3 9 36 82 183 201 205 581 856
11 15 92 146 466
82 304 324 402 872
119 356 570 573 704 967
41 437
6 37 318 451 550 608 803 922
825 858
72 891
48 186
21 76 310 317 895
26 193
81 85 118 125 178 383 462 828 864
9 905
173 188 226 959
87 139 153 197 207 271 354 737 871 872
139 199 249 924
2 78 120 708 953
103 116 184 209 210 319 478 540 683 935
36 85 250 832 856 961
36 37 45 217 448
176 207
9 13 52 225
23 181 192 202 273 504
38 50 70 300 823
2 70 99 165 202 485 555 557 719 897
87 566
1 178 958
90 985
4 26 198 892 983
10 32 281 511 942
180 405 596 723 882
3 23 245 300 337 349 575 755
16 49 55 145 159 256 313 784 830
20 168
2 86 113 196 313 791
3 14 50 69 87 244 390 476 727
33 128 235
60 122 141 181
71 188 234 258 263 286 292 365 724
170 200 214 296 297 411 426 498 764 803
188 321 448
65 150 189 220
15 21 40 166 235 480 599 699
53 115 140 389 888
62 64 106 396 418 627 673 845
11 23 75 213 683
45 205 422 695 869 906
3 183 253 480 551 742
664 673 945
84 265 469 884
185 821
2 81 254 307 818
19 79 121 417 805
29 643 937
36 39 565 635
22 711 878 879
22 204
34 74 486 862
12 24 173 321 813
366 406
9 62 85 177 387 530 705
178 211 220 492 600 873
39 263 274 925 930
140 143 315
159 219
2 176 302
48 49 255 265 306 454
53 106 140 552 565 945
164 190 435 556
197 251 469
15 72 287
9 911
96 990
14 545 708 844
173 423
201 500 949
186 459 519 528
6 7 185 261 358 373 699 707
50 62 788 811
16 41 46 138 183 339 375 560 571 584
18 19 76 222 275 331 375 443 451 590
38 50 70 670
8 69 134 947
6 16 269 314 361 423 443 748
20 124 165 425 609
82 280 700
31 59 75 156 719 888
56 388 915
5 36 245 500 553 926
2 143 572 583 827
1 58 751 979
36 164 177 187 386 728 749
2 238
30 47 74 85 229 345
368 886
802 836
21 230
150 698
11 53 332 415 572 650 667
372 906
77 264 398
759 893
22 47 86 573 711 892
209 580
157 291 382
52 130
197 492 657 994
8 57 723
17 90 343 853
9 82 117 303 442 898 982
44 123 725
39 52 82 93 117 130 305 323 691 911
53 199 481 703
44 48 113 380 413 501 545
60 333 393 482 933 993
97 152 228 301
49 250 385
30 63 105 666 700 770 877
4 5 29 62 73 83 618 668 793 985
48 157 258 263 274 291 382 888
24 63 187 908
3 26 45 205
211 233
19 39
32 543
16 40 44 142
87 139 349 631 636 728 769 1000
138 428 464
120 545 855
249 271
108 115 353 377 854 914
235 611
6 16 40 337
19 137 335
36 47 85 133 201 278 598 790 813
310 808
4 59
10 46 202 248 558
63 132
1 402 551
97 951
223 430 563 774
19 131 916
1 71
115 253 480
316 548 569
46 126 243 401 544
27 203
10 50 148 155 244 281
21 56 125
7 8 19
18 27
33 764
33 116 257 615
175 987
37 117 130 361
49 52 112 133 353
30 177
55 112 127 212 547 868
48 56
637 705
66 105 633 656
295 651
13 73 122 195
81 167 290 316 394 506 538 621 799 950
31 194 343 899
6 571
138 185
14 78 326 380 546
3 101 228 272
79 415 483 640
1 58 571
21 134 512
10 34 49 91 149 184 319
55 98 109 780 948
18 65 94 280 444 461 576 713 836
12 102 127 239 433 807 931
30 366
27 47 188
43 553
161 302
65 81 84 363 403 463 873
544 627
94 118
10 292 452 639 665
16 68 71 83 847
324 986
22 716
154 400
163 690
25 401
56 136 311 340 445
62 376
35 276 493 540 880 899 980
88 90 212 372 625
26 170 236 532 567
22 166 526
3 856
6 313
15 146 560 674
4 351
7 89 295 335 587
99 897
10 234
24 61 64
487 489 689
33 45 79 276
14 21 38 253 999
149 533
39 274
69 71 116 228 386 390 863
265 678
9 58 219 280 304 432 936 940
98 254 605 909
513 570
3 35 168 242 307
5 7 19 20 67 80 135 254 315 771
42 44 169 174 308 326 328 408 801 812
77 797
101 308 347 513 981
72 161 521 649 716 835 865
434 772
74 229
52 435 833
1 34 129 136 277 409 644 776 860 958
18 27 579 809
1 30 47 67 179 187 210
31 179 305
31 70
33 297 735
18 277
20 74 85 133 374 406 877
157 263 274 292 510 548 685
42 45 50 58 83 172 376 494 618
84 233
16 29 65 111 113 115 127 193 341 767
223 430
11 284
18 45 48 203 226 294 410 515 742
654 852
295 651 791
29 35 381 585 887
135 426 447
22 514
33 51 80 296 315
55 547
76 494
55 68 74 85 278
3 62 110 322 793
3 76 575
3 759
3 45 205
10 57 69 80 135 279 350 803
297 318
207 250 298 339 871 943
22 26 588
47 54 104 106 260 286 452 597 867 919
4 5 17 702 998
320 904
9 30 280 406 833 905
64 94 153 208
607 625 907
7 167
18 21
5 43
51 103 615
199 996
551 955 986
252 864
145 304 313 468 533 583 816
14 44 733 901 932
104 262 339
13 36 99 177 260
222 451
31 246 499 555 732 810
350 596 613
46 224 387 448
22 26 87 113 854
77 101 104 191 238 254 378 669
65 321
144 309 399 896
2 55 112
14 55 98 147 149 369 909 995 997
18 388 939
76 206 404 695
15 99 456
35 379
28 218 230 511 539 559
100 217 615 859
30 74 89 164 173 205 224 374 626 959
10 32
10 54 248 520
122 582
196 827
325 373 421 440 471
32 95 218 230 638 744 971
27 97 787
18 27 66 93 331
5 27 226
291 607 665
7 215 447 710
77 237 398 466 495 496 509
17 56 661
133 470
192 268
473 580 928
189 746
28 86 95 181 362 690 880 886 953
42 594 923
13 156
34 43 216 332 866
72 92 175 247 478 553 634 865
137 257 581
15 496 509 515
57 72 112 390
123 516
2 41 105 369 603 692 765
40 49 142 172 253 269
59 138 636 660
154 329 333 393 402 582 675
191 749
43 93 322
111 396 583 756
86 106 389 427
38 246 446
56 80 125 130 395 402 833
14 44 105 344 355 628 673 901
8 116
7 267 325 417 483 503 640 651
158 178
52 82 130 303 531 691
5 210
9 280 619 818 982
16 45 292
440 621
68 160 259 541 632
41 269 638 737 760
48 134
5 29 35 168 257 410 783
1 54 103 304 352 681
11 83 156 750 779
38 45 213 742 806
31 38 159 231
21 428 885
42 51 76 107 169 310 629 808
197 251 469 532 678
42 48 136 575 796 850
291 597
48 56 144
36 374 622
119 136 241 809
9 672 986
15 41 71 134 147 152 176 366 698
185 301 590
253 256 480
412 623
95 155 244
4 13 31 99 156 246 336 823
431 486 552 557
2 145 238 250 300 360
314 758
20 29 255 602 717 739
77 126 740
26 462
31 70 99 105 473 525 543 580 593
59 547 677 875
22 31 38 66 416 903 917
25 32 436
70 420 620 928
8 40
561 617
78 122 154 229 232 393 780 826 974
309 432 640
150 171
13 50 66 105 227 431 554
568 645
12 14 53 70 143 200 208 346 581
16 73 122 131 182 293 341 655 684 968
42 197
34 90 93 103 422 782
88 1000
14 176
561 642
108 116 348
126 170 234 273 953
51 69
65 73 148 338 524 536
36 74 78 90 172 374 652
42 327
56 124 186 227 519
266 401 853
161 436
30 36 64
2 83 250 334 520
137 263 639 685
162 223 240 430 563 660 774
88 778
1 40 67 310 328 372 376 422 940
39 101 465 730
697 868
11 144 232 248 267 507 692
4 5 20 35 242 354 385 600 643 781
128 429
4 17 853
126 638
10 95 208 243 270 335 874
36 351 561 813
32 61 95 368 562
62 172 338 488 672 857
57 58 67 80 519
9 144 161 220 320 484 503 649
88 146 227 466 495 509
3 381
261 565
21 146 434 512
82 303 329
67 365 530 877
50 743
8 82 974
84 189 277 910
392 964
21 46 166 535 886
85 618 779
28 220 277 457 462 524 536 549 591 881
107 327
32 79 251 399 843
32 273
20 529
384 455
39 41 571
23 119 200 218 301 309 368 455 474
24 424
52 130 551 955
41 55 219 840
142 331 576
56 125 413
2 238 449
167 373
274 510
2 663
28 81 147 270 347
67 212
78 329 721 876 916 968 976
1 459
174 838
92 175 247
21 169 504 512 812 963
94 873
79 89 137 463 646 931
303 484
40 158 414
13 31 38 50 165 243 299 344
65 84
585 817
29 147 491
128 135
2 91 144 149 238 369 592 760
231 810
17 42 76
4 17 343 612
601 768 858
79 151
114 516 566 641 647 717
44 119 287 585
76 181
12 352
4 602 816
167 215
15 31 66 68 289 734 811
62 907
33 96 103 658
417 819
3 998
83 142 216 269 370
72 175 298 312
41 57 71 147 948 984
19 146 290 496 506 927
11 23 185 358 437 443
8 350 880
75 775
1 44 58 120 175 970
6 185
40 42 115 174 183 242 424 467 808
60 684
56 136 152
59 240 284
12 229 470
261 451
15 146 237
22 26 142 152 288 449 757 842 990
190 523 804
2 840
30 133 229 259 556
10 126 442 559 688
15 50 123 499 525 564 787 823
87 187 941
134 241 407
17 194
28 34 252 277 490 502 549 910
42 76 107 528 594 629
48 139 249 566 568 809
38 110 123 322 907
64 106 148 403 807 912 960
47 74
13 438
108 132 184 282 854
28 118 158 348 457
5 29 679 696 830 846 926
2 109 159 256 378 450 765
75 408
10 149 230 397 450 522
32 37 126 135 155 828 859 973
7 215 399 415 428 534 848
66 165 747
96 371 590
30 598
41 256
269 361
18 21 158 233 614 955
102 161 206 221 523 550 664 726
43 110 282 493 541 607 636 643
170 920
5 108 518
118 462 549
91 152 559
18 74 419 561
1 58 528
26 822
25 176 273 654
15 168 977
122 131 154 232 333 428
19 338 440 851
285 482 595
48 125
11 37 213 367 838
324 402 982
55 307 468
4 62 612
34 912 937
4 7 17 160 325 336 843
49 109 116 196 403
486 811
16 963
19 81 151 259 290 320 538 729 927 946
47 374 622
8 51 69 98 109 267 270 820
28 65 81
63 68 85 278 355 866 944
198 376
139 199 249 277 568
13 156 276 306 355 485
14 44 79 105 844
21 166
26 861
9 11 52 82 303 905 940 972
225 325 373 569
33 52 80 128 135 170 357 581 920
30 105 127 160 189 206 554 572 724 971
4 30 560
60 73 74 122 351 406 482 762
107 169 695
18 27 97 203 461
380 434 680
56 357
34 252 357 743
18 27 97 203 296 369 642
96 187
197 204 370 447 469 532 735
11 96 208 261 284 342 371
114 226 331 441
122 154
2 442 471
10 25 397
204 567 867
6 11 550
16 61 63 677
157 291
66 286 352
6 23 222 268 275 301 342 550 712 952
39 125 439
330 624
4 23 61 132 273 320 350 526 587
6 61 138 358 707
148 233
8 67 411 630
33 80
75 148 339 348 463 698 784
35 739
8 40 49 91 112 180 345 592 908
4 17
385 936
9 52 192 207 225 697
47 64 111 127 206 229 470 726
379 539
1 58 63 459 519 776
28 150 794
173 758
10 25 63 119 218 239 706
165 456
16 611
25 200 218 234 248 273 281 829 861 932
260 278 387
114 441
323 693
4 17 612 794
43 57 478 574 688
77 264 289 367 381 481 505
60 131 154 201 285 286 346 617 721 883
46 95
32 126 181 202 218 923
247 514
49 90
12 76 227 327 1000
8 29 32 46 100 518 874
40 116 150 171 502
137 267 449 848
103 131 132 400 777
21 512
242 255 379 410 887
5 29 43 63 124 192 375 379 990
57 100 167 257 377 596 785 863
92 247 460 891
45 190
96 191
97 203 964
424 578
3 191
702 869
119 129 340 570 706
82 619
72 92 161 312 436 460 521 649 765
8 826
6 332 375
29 477
89 377 487 865 891
24 132 541
1 58 67 118 150 383
99 431
19 79 121 267 394 694 745 805 835 962
30 47 598
631 645
110 488
54 378 547
12 389
20 283 408 921
41 250
32 40 46 115 155 202 397 522
8 116 124 540 882
10 21 25 126 155 531 535
11 37
170 498 610 630 824 831
158 490 537 881
14 844
131 182 232 858
563 660 774
32 46 54 70 84 354 362 508 560 997
3 8 45
48 271 589
198 779
104 501 628
3 45 135 710 802 859
64 188 395 625 659 839 989
1 34 48 183 311 457 752
11 166 665
122 285
259 700
179 552 577 788
17 20 167 471 542 569 679 741
539 720
42 675
9 52 324
146 237
148 383 701
31 311 580 732 755
214 315 318 527 966
275 371
28 51 211 444 524 536 718 902 977
15 32 497 517
2 8 37 163 240 623
23 37 104 163 332 587 731 889 952
6 11 983
48 87 134 163 171 211 241 347 466
61 295 359 777
5 11 37 43 186 222 474 890
1 59 800
10 12 32 397 427
59 268 283
53 132 308 321 395 481 513 908
317 792 929 963
458 727
55 105 219 265 532 714 884 994
13 14
534 694
64 221 687
72 161
19 21 121 151 421 586 676 995
330 405
441 455
47 131 133
49 757
2 12 147 153 388 521 533
18 67 108 483 576
32 266
11 37 167
147 270
12 140 239 523
23 290 707
39 59 174 222 268 921
25 31 32 181 234 692 694 848
2 104 149 152 943
73 154
34 104 159 234 298 445 508
154 315
45 373
60 182 658
