7
1
30
23
1
37
3
57
37
9
14
59
21
9
7
21
12
1
2
38
1
5
55
51
27
6
22
1
3
29
1
29
16
12
7
11
5
60
40
10
4
47
5
2
17
10
47
38
15
22
10
2
15
2
32
35
9
25
1
12
37
25
34
13
17
16
32
27
15
29
5
1
11
2
19
6
20
11
1
36
6
21
3
34
19
5
15
39
42
7
13
40
45
40
1
32
29
1
40
36
6
6
58
17
7
12
1
1
3
51
8
11
9
22
5
27
9
26
19
14
6
6
45
5
12
9
50
1
33
1
41
14
10
46
1
28
14
10
17
43
41
43
20
29
52
3
36
55
6
4
45
1
31
5
8
11
49
21
40
30
3
12
2
47
1
39
2
6
6
43
19
16
2
45
9
6
7
55
25
4
9
4
53
41
24
36
16
4
37
37
20
11
4
10
45
6
57
59
34
4
6
39
42
37
22
11
13
7
24
4
20
5
46
5
7
2
27
19
18
4
5
5
37
11
49
17
17
1
4
12
1
8
8
50
24
27
42
3
2
55
26
6
51
43
2
19
41
33
26
46
1
16
1
30
2
14
39
10
7
3
7
30
9
2
40
5
49
13
15
45
10
23
53
33
9
25
3
2
39
21
33
55
50
12
44
44
53
35
1
34
16
5
28
34
43
48
1
13
49
8
21
24
39
53
14
14
54
6
26
7
15
6
16
5
11
6
56
51
20
13
35
6
14
44
35
8
12
7
12
26
12
15
32
35
2
5
25
3
9
27
2
31
18
25
18
13
11
4
57
52
18
8
10
47
1
59
58
14
60
48
22
40
52
24
21
29
4
9
37
15
6
8
44
2
13
12
18
1
8
2
19
7
13
22
15
5
4
25
22
2
23
22
5
28
26
1
3
54
4
29
18
1
59
22
16
31
42
1
32
23
8
17
3
47
8
1
58
10
56
28
4
59
2
7
7
18
50
1
17
46
60
4
3
54
30
2
6
2
24
11
9
28
2
21
27
19
43
1
30
11
10
2
18
22
4
27
3
41
2
8
7
11
35
44
12
31
34
4
8
35
24
11
20
12
50
28
15
3
6
25
5
14
21
1
51
6
4
33
60
3
23
8
34
7
21
19
11
35
45
33
38
11
1
14
42
25
23
18
8
48
4
55
7
2
24
13
2
39
3
27
17
16
49
16
1
2
26
33
23
10
56
49
4
3
6
26
32
7
8
1
20
7
3
28
2
3
43
32
15
1
56
48
4
35
4
54
19
26
36
2
38
20
9
48
7
38
32
3
4
10
18
2
15
28
32
1
21
33
3
1
11
5
1
1
45
14
1
5
47
10
13
22
16
7
2
14
1
7
18
5
1
15
2
41
41
12
16
3
3
5
64
9
42
17
2
20
10
32
31
62
10
50
19
44
16
7
48
10
29
2
51
3
27
60
2
22
9
32
7
11
13
8
16
7
6
2
31
47
36
30
11
9
6
20
23
27
14
6
25
29
8
1
1
39
5
31
9
1
65
9
30
16
14
9
14
31
38
2
63
49
39
27
6
18
26
2
2
23
37
7
25
34
29
15
63
24
15
40
17
61
17
12
5
19
44
2
5
4
22
1
7
1
43
10
54
15
14
20
58
5
34
29
18
58
32
14
1
37
10
12
17
17
38
9
35
8
4
11
3
13
6
38
27
1
21
33
15
9
10
10
5
17
12
33
12
36
1
1
9
18
1
4
61
13
9
57
39
9
10
9
14
12
7
5
30
11
50
41
1
15
37
8
52
65
33
64
11
28
12
5
3
54
41
4
6
5
44
13
7
1
13
13
17
57
63
16
46
46
1
62
61
11
64
21
3
52
1
8
9
6
3
38
14
2
63
14
19
26
3
25
23
40
16
8
1
15
64
13
16
35
23
56
16
4
60
64
5
22
31
52
13
14
2
8
3
11
5
10
4
62
9
36
65
20
4
2
17
40
1
13
22
41
10
61
8
34
6
16
5
2
23
46
30
3
4
8
62
19
31
3
11
24
56
12
10
3
6
23
40
59
20
2
33
44
13
19
6
36
52
8
15
2
31
53
28
5
4
15
26
10
9
3
38
28
53
8
1
25
42
19
12
4
27
6
3
39
28
13
65
2
10
6
25
11
36
61
7
12
2
24
63
7
23
1
51
2
8
3
48
34
31
26
62
1
36
18
24
58
8
17
7
26
12
57
12
38
21
4
3
42
4
24
8
20
43
21
7
30
15
65
24
30
14
18
13
29
20
7
42
17
