688
491
334
57 117 275 768
109 115 672
118 813 837
262 846
700
20 48 677 733 976
183 287
627
559
189 619
40 229
162 931 975
351 972
97 121
40 51 714
952
46 194 258 621 941
191 562
1 90 208 461
60 329 435 883
239 453
829
7 890
13 563
570 729
140
156 450
652
446 704
824
69 78 332 395
202 373
74 163 264 443
10 81 216
7 238 519 568 739
65 139 429
75 171
225
159 203 929
70
124 588
221
77 562
52 526
611
77 319 473
24 110
680 689
887
12 403 503
68 236
55 67 548 567
72 185
98 663 712
83 116 608 656
687
41 94 265 431 634
212 386
185
370 836
113 126 441 667 861
503 800 891
422
356 400 693
96 548 788
183
551
4 40 75 306
150 679
136 411 420 574
35 177 711 941
262 883
111 496
430 808 882
55 747
637
730
20 37 248
53 573 818
802
294 493
29 146 561 632 976
119 343 426 930
61 89 203 407
24 170 216 243 335
103
59
366
79
47 193 367 932
7 27
81 107 176
85 118
2 28 31 128 152
485
4 418 427 521
732
321 555
7 146 478
64 91 298 320 801
10 57 929 980
167 595 678
438
436
317 551 842
454
257 767 936
641 838
130 396
206
59 111 557 906
131 240 282
198 422
67 174 307
354 786
23 155 513 660 840
595
71 169 863
937
325
616
145
103 417
231 540
339 390 782 955
970
522 806 833
158
57 271 368 825
135 184
587
94 265 362 899
10 14 275
124 154 879
104 226
50 389 392
306 716 915
141 793 872
107 954
103 357 612 968
42 47 354 589
106 376 633
200 917
330 558
23 157 205 282 512
5 107 484 525 710
328 538 639
67 96 800
329 720
217
67 96 618
515 991
25 33 68 233 352
412
277 425 455 514 577
167 216 374 572
28 98
193 620 810
36 73 78 497
63 290 960
74 517
189 204
177 259 261 310
5 31 72 583 805
108 194 670 849
172 252
246 623
602 715
795
2 12 569
47 395 527
19 329 827
152 484 550 757
2 95 135 402 809
64 591 740 938
723
28 641 728 982
650
265 868
367
64 234 283 375
95 97 400
174 499 688 881
991
183 273 428 752 925
316
25 68 244 806 910
406 676 849 913
89 203 980
4 881 953
356
40 46 200 553 749
375 489 538 644 987
238 397 543 815 935
702
54 335
167 872
83 238 277 922
276 410
208 900
59 580
71 368
6 189
306 826
116 134 583
59 347 480 844 994
9 167 255 335 572
534
56 343
700 811
241
679 951
45 65 286 373
236
508 599
17 110 134
10 181
106 605 789 880
735
4 272 491 953
49 697
884
140 142 410 985
290 692
608
597
305
159 172 299 611 843
50 134 170 808
197
408 561 674 990
233
408
6 9 61 189 781
16 82 483 495
465 928
23 577
698
1 293 557
327
2 98 135
122 934
131 141 184
268 405 919
592 871
481 748
321
88 936
903
342 889
540 744
248
589
1 259
93 217
334 470
1 79 865
116 743 933
229 844
214 386
160
5 289 503 587
129 248
363 816 909
17 230 482 657 948
44 182
631
995
446 623
248 746 754
39 92 94
133 138 530 895
628 895
101 562
131
16 59 158 365
53 332 477 697 780
140 142 295
570
7 103 519 935
563
216 361 380
451 749
510 959
25 34 190 285 606
286
975
923
181
43 46 590 836 857
232 867
206 224
208 259 598
13 264
34 60 125 162 702
429
189 274 332
150 188 387 533 932
734
21 128 151
59 98 130 601
67
39 254
317 945
136 394 442 544
326 360 509 873
73 95 206
495 745
283 475 777
14 122 176 196 921
108 128 597
10 22 43 49 506
479
429 614
51 418 858
127 328 622 899
123 151
266 314
104 361 412 614 731
860 887
127 268 346
754
477
450
15 88 477
135
105 112 149 156 612
102 176 535
128 779
31 228 448
20 690 742 952
974
32 70
179 388 480 928
50 244 454
43 226 604 738 907
138 601 804
77 143 211
74 202 345 596 640
241 249
509
391
39 154 333 763
182 432
36 453
283
214 774 847
351 760
287 914
213 250 807
117
521 784 939
39 724
92 94 899
758
25 116 743
136 293 544 548
306 915
157 225 404
165 416 525 744 800
88 202 257 307
11 137 657
297 355
39 819
34 973
123 374 896
776
353
28 59 79
10 117 825
113 368 765
30 451
147
44 75 906
108 744
32 366
167 423 438
37 124 703
38 156
25 236 340
25 743
509 587 854
1 177 382 425
106 465 606
9 175 387 839
628
260 376 634
22 37 115
122 196 741
73 192
38 686 940
701 963
58 62 337 430
18 236 525 601 682
55 333 409
19 255 324 635 824
271
98 135 152 231 869
77 191 901
89
214
460 736
41 180 187 220 981
28 442
97 382 909
91 320 798
121 168
419 485 531
2 18 31
714
139 701 970 1000
493
210 426 468
53 87 407 911
224 472 812
473 684
84 149
439 471
473
50 709 848
245 278 374
102 201 308 650 992
39 104 184
85 496
345 599 760
3 160
75 218 381
816
127 135 475 597 789
8 197 396
242 397 581
41 55 150 180
410
171
182 737 844
46 62 73 122
64 207 346 383 641
23 282
65 699
2
675
312
81
81 176 322 741 925
47 432 685
9
100 756
50 90 683 731
12 28
259 458
200 229 468 569 794
42 47 164 414
1 4 76 153 589
916
88
14 748
2 98 251
22 71 118 167 292
91 298 320
369 728
73 115 294 344 421
63 76 84 721
23 811
27 256 808
90 598 629
145 253 909
496
322
28 36 130 761
50 361 384
182 210
985
109 356 388 498
369 440
40 631
262
77 90 424 494 971
268 315 578 892
89 256 999
471 515
58 74 202 788 825
372 661 886
431 489
226 429 731
113 175
244
438 615
21 216 417 490 824
506 928
277
549
252 714 829
34
728
185 191 235 261 967
73 78 640
132 821 898
194
63 153 406
120 166 253 771 962
572
183 287 914
457 632 896
167 944
746
64 207 268 905
127 777
440
148 552 573 642
8 67 86
109 146 478 609 739
34 329 894
212 736 820
27 709
362
81 102 316 437
47
6 61 728
24 51 271
52 239 514 706
119 888 906
382 513 639
25 992
64 905
858
23 24
251
56 279 334
112
394 476 915
380 438 595
3 449 650
207
518
430
279 664
172 338 993
264
135 487 605
130
33 313
173 278 335
174 195 579
468
958
302 515 892
157 523 680
79 128 192 224
215 344
13 261 409 528 787
89 237 407
20 48
54 436 438 853
382 424
676 961
10 57 667
191 261 319 403 562
52 354 940
419 531 842
77 93 123
89 108 152
524 863
13 82 301
532
196 504
270
21 101
450 462 581 856
33
15 799
909
677
58 62 344
527
131 210 470 509 872
148 179 973
247 604
44 255
18 165 597 662 758
747
282
34 84 184 467
150 555
954
53 332 602 836 911
45 65 732
406 647 666 961
32 571 598
84 669 784
674
45 104 803
437
2 31 128 525
52 174 233 713 797
126 302
79 107
415 492 611 957 969
254 846
14 126 263 637 674
13 82 158 745
783
102 121 316
82 362 495 814
27 288 325 384 463
287
85 119
22 297 387
377 426 723
179 359
811
18 283 609
159
91 161 349 802 838
40 570 714
27 121
89 237 334 911
56 140
300 326 460 469 642
688 831
782
360
187 252 405 524
77 211 319 718 984
101 172 878
17 162 327
8 128 378
31 72 710
88 166 279
402
413
950
33 66 839
4 346 391 491 688
272
182
503 727
43 300 415
470
67 113 144 792
20 147 791
943
359
4
54 74
853
630
420 442 937
239 459 545
101 104 286 624
21 253 448
119
35 243 538
6 955
28 67
43 153 266 447
948
9 61 169 638
7 457 543
110 241 249 485 558
155 372 411 509 782
29 109 855
5 989
303 936
17 34 60 771 789
29 143 608
17 226
647
39 132
7 109 568
109
212 303 419
453
165 213 217 236
87 869
274 500 785
194 447
297
109 873
24
18 416
36 502
193 455 511 978 981
185 515 950
5 402 587
7 241 472
20 177 626 923
35 105 461 565 598
34 439 957
913
92 196 690 924
202 279 463 723
53 413 694
888
38 48 677
77 473
55 725
109 609
475 913
56 321 498
178 232 282 285 953
49 53 713
780
9 190 223
56 325
491 841
203 557
67 409 575 638
60 235 439
219 508 684 966
59 95 107 416 576
629 693
380 473
79 110 279 676
40 621 750 920
411
94 698 899
68 139
163 264
166 279 303
482 823
62 179 344
62 602
743
169
6 9 501
28 59 95 484
526 686 902
6 824
753
8 540
428 666
542
52 603
670
11 132 173 323 586
428
143 191
54 423
13 365 577
32 97 400 722
615 880
375
192 199 318 330 483
263 763
679
870
131 398 434
11 324 993
293 518 886
32 70 160 182 400
351 372 547 698 984
3 437
986
105 231 438 661 810
134 250 807
360 440 564
276 426 527
249 558 972
401 508
60 667
1 259 424 690
177 296 405 488 648
657
348
34 376
26 76 149 653 795
448 584
500 578
417
603
52 85 160 559
29 543
391 529 655
83 519 829
132 358 596 826
31 59 152
845
139 732
87 370 911 989
71
39 92
38 359 634
72 91 366
187 241 405 625
26 33 40 951
715 963
134 430
50 56 126 384 922
334 505
3 30 41 722
84 290
84 721
286 464 797
18 433
43 115 582
78 127 427
258
22 703
3 4
354
57 307 591
283 516 551
138 920
4 272 529
33 162
5 540
63 116 126 846
114
624
480 700 763 946
15 535
116 430
103 620 697
190 204
337
16 82 301 444
804
99 119 140 554
136 394
126 637 748 921
316 815
475 624
166 279
4 272 898
143 654 997
25 269 312 614 671
176
65 350 816
132 305 323 358
205 454
60 606
118 249 309 828 972
227 307 860 963
92 159 532 905
79 584 761
6 37 48 335 610
238 345 401 821 855
175 759
622
473 531 966
30 97 144
2 37 61 248
793
30 93 123 790 806
22 37 124 393 665
20 566
68 116
185 982
35 542
176 535 795
1 20 51 721
375 938
64 313 398
39 988
98 108 484 668
52 245 390
7 322 440
62 506 554
468 762
491 507 831
396 735
49 134 250 430 517
78 538
48 677 742 976
867
6
534 546
7 29 979
79 237 582
818
60 340 633
139
17 162 194
42 164 168 201 710
718 891 974
104
209 404
524
640
27 50 562 864
302
226 412 731
539
135 253 289 964
49 69 477 989
183 287 925
33 524 643
849
66 252 291 672
837
183 222 539 925
24 179 286 772
53 602 874
37 94 241 245 798
124 225 267 299 680
67 141
18 129
18 72
45 139 227 429
27 592 636
260 397
52 173
8 397 778
56 211 240
545
142 170 244 295
2 79 326 379
343 908
201
346 801
554
869
24 40 110
169 191
127 283 777
163 560 595 880
695
29 238 433 791 979
108 289 927
224 357 968
37 43 71 222 336
21 95 355
186 559 649
817
49 664
865
94 362
390 452 912
173
3 254 435
146 238 608 609
989
754 914 925
106 125 489 948
568
907
880
222 879
11 132 306 673 726
268 838
68 456
9 190 689
30 55 96 400
255
20 604
40 348
6 160
291
94
814
450 787
106 129 445
38
106 161 632 742
51 258 344
208 461
13 168
613
136 293 924
5 107
191 319 541
112 192 206 347 640
31 85 171 176 381
142 170
114 454
90 177
719
118 552 627
36 78 347
22 124 212 588
295 713
39 265
167 278 423 452 526
32 85 270 285 430
420
185 281 528 746
22 86 847 879
224
116 217 413
77 780
127 234 622 866
71 386 916
77
104 199 521 699
172
685
74 255 949
72 79 135 662
414
358
116
279
962
353 570 873
860
267 532
101 168 201
57 227 259
29 337 353 593
58 544
502
46
152
118 249 318 631
530 714
92 99 297
10 57 263 368
610
16 365 444
129 248 256 915
180 811 946
168 434
80 114 255 511
47 235 284
252 672
40
245
57 296 518 859
41 691 937 943
345 377 571
30 70 120 240 386
672
444
145 319 350 571
1 15 136
14 446 475
451 621 729
66 518
106 331
112 316 715
41 468 737
148 174
170 463 793
10 181 637
32 157 225
103 208
4 23 148 244 901
93
317 893
885
138 530
111 469 861
878 987
55 69
987
899
61
841
22 520
65 361
13 365 986
540
137 323 673
375 383
35 94
3 166 262 518 988
401 830 858
34 508
198
331
33 172 188 252 878
257 681
21 88 164
2 8 712
114 250 755
258 367
44 48 107 381 392
123 193 421 468 794
345 760
160 435 449 992
39 349 385 490 943
12 285 356
547
16 280
13 82 158 577
47 164 589
410 414 517
113 497 692
76 81 102 683
658
456
119 147 186 559
52
515
179
369
874
47 414 541 586
281 528
150 511 533 762 859
112 192 462
85
187 625
130 557
463 840
199 225 977
78 360 856
43 86 124 481
406
181 263 275 441 612
53 573 694
836
10
100 327 954
6 9
21 201 505
238 301 362
658 877
466
70 722
70 310 660
3 84 537
60 376 785 895
342 713
95 620 810
126 127 319
302 741 845
25 237
548
58 337 344 659 928
543
22 86 266
299 523 532 834
122 312
41 193
42 295 985
193 370 807
574
879
720
145 296 510
877
505
91 142 146 447 486
37 222 393
17 125 162 230
104 227 521
186 627 759
682
60 167 331 853
48 99
6 9 223
58
10 236 652 670
615
83 99 923
155 509
243 318
292 751
219 377
220 737
384 848
55 67 96
105 108
385
375 422
72 87
222 447 713
318
6 728
804 974
87
425 998
591
693
124 610
82 262 483
654 707
581
275 339 637
115 214
317 419 771
111 352
43 222
49 69 311 332
92 698 868
182 421 981
352 411 509 854
76 504
466 849 889
725
642
425
826
220
163 245
308
159 868
612
541 718 864 997
553 569
48 561
168
364
544
2 31 231 378 601
9 223
940
256 504
75
21 758
139 227 867
234 427 622
111
718
537 548 618
607
290 876
702 973
517
174 720
474 606
196 535 563
192 472 944
28 59 79 448
85 218
280
155 352 886
51 617
838 870 905
121 171 218 446
742
374
624 776
68 297 682
11 120 306 596 673
229 885
107
541
186 559 945
784 939
111 910 969
564
164 354
149 653 795
34 309
16 148 173 275 315
150 220 421 708 859
39 92 99 159
709
18 99 580
48 87 385
11 158 301 444 977
168 437 479
55
311 385
9 299 781
73 156 206 472 640
111 460 661
129 274 488 528
139 752 867 970
478 490
123 151 270
32 70 97 366
114 205 573 875
111 232 983
313 522 593 672 843
185 235
64 118
481 707 751
309 392 552 564 959
218
57 136
9 190
232 235
7 161 397 519
566 733 742
78 202 303 497
258 353
31 90 584 626 711
120 256 657
292
232
41 210 348 367
906
501 561 923
209 299 364 523 892
14 339 441
118 249 395
145 325 334 816
65 177 183
690
513
197 276
68 752
182 421
81 169 322
25 340 456
221 386
66 187 218 827 833
289 297 355
488
350 783 850
200 304 499 708 932
778 872
29 146 791
31 289 503
960
706 880
894
48
69 573 747
30 32 144 366 629
63 199 369 876
267 364 528
98 198
140 170 547
233 352 926
236 520 656
224 502
178 240 282
253
41 200 775 844
834
33 66 878
78 856
22 68 292 751
942
58 258 659
75 234 822 965
75 218 806
486
300
71 86 774
478
493 832
281 488 903
7 935
27
16 814 977
460 492
44 138 194
43 336 790
20
331 605 793
90 984
58 300 415
23 148
4 272 881
249
98 108 228 584
27 49 732
395
117 133 560
174 292
37
6 24
93 270 585
121
71 292 707
347 581
8 143 251 766
154 221 790
324 335 663 705 797
143 654
3 285 464
693 722
18 26 479 497 907
114 205 709
183 304
140 256
115 393
193 399 932
520 837
262 432 854
145 404
635
166 257
68 116 550
43 56 321 325 735
3 15 25 594 998
10 339 441 748
434
102 186 437 897
181 812 947
42 47 354
55 638
750
27 50 114
281 488
105 215 513 626 971
95 330 456
19 949
277 343 958
76 122 149
36 469
155 515 696 910
36 112 776
953
22 86 314 414
26 121
102
600
178 282
192
31 82 701
387
221 296 696
306
81 100 147 486 645
19 163 443
982
41 421 511 533
1 35 542 626 998
2 72 712
1 417
499
150 455
510 627
186 264 320 850 976
228 761
416 576 712
73
5 21 428 663
22 56 122 939
68 933
17 63 84 141 793
465
715
35 110 631
41
125
151 174 575
361 404
339
61 149 199 467 505
9 689
117 253 273
752
100
230
143 901 997
25 520 933
12 198 200 403
143 154 211 654
659
17 230 376 772 931
156 455 917
55 537
92 94 265
34 772
45 61 996
21 287
11 13 814
247
17 975
12 645 653
182 210 555
184
137
72 108 130 165 580
168 897
427
529
237
87 107 129 884
47 164
54 245 264
16 255 854
41 131 162 458 778
254
165
142
241 549 694
778
5 28 79 668
476 897
45
449
4 66 134 310 478
271 418 769
180 432 885
898
287 442
273 304 799
737
12 298 649 703 814
191 541
80 100 862 945
252 291 405
543 625
148
245 526 646 853
791
107 297 954
141 479 607 959
125 376
77 718
7
95
80 435
296
927
97 356 422
111 233 326 411 983
19
209 696
80 482
119 171 381
64 91 105 424 516
303
466 813
193 555
201 534 749
864
40 46 133
33 522 625 839
324 624
756
27 393 655
22 231 323
81 168 169 486
7 175
74 127
76 130 349
431 730
24 734
28 693
97
14 32 457 550
12 23 399
30
724
16 82
5 28 135 283 427
614
15 105
91 320 641
328
170 547
94 215 698
73 127 224
27 50
3 600
69
31 95 228 253 583
10 146 196 664
144 693
3 83 147
288 735
307
257
352
200
86 516
12 102 828 923
11 358 482 673
219 599 966
24 243 590
10 275 770
6 9 61 190 689
498
120
859
308 535
273 858
22 46 51 71
494 644 690
36 192 684 787
75 85 623 704 930
42 47 414
933
566
184 672 833
35 184
315
95 128 869
56 68 840
56 288 334
15 160 987
328 594 626
784
160 262 775 988 992
209 302 471
739
342 666
550 663 835
199
113 181
202 257 812
86 98 432
145 862
310
66 533
813
3 262 883
155 232 875
18 36 315 502 710
408 727
70 467 851
16 18 288 576
653
241 399 569
524 625 833
111 492 782
76 131
330 536 558 828
63 84 210 705
360 735
740
625
251 668
603 630
691
459 977
494 999
58 174 324 529 685
12 90 198 341
467
188 487 533
3 166 303 767
470 734
150 421 569 885
137 348 487 708 794
111 155 300
37 86 610
195 349 469
165 402 662
41 119 210 220 794
397 413 821
68 108 116 520 662
333
305 586
2 130 135
266 311 332 385 436
209 235 950 967 991
86 481
12
154 264 600 646
352 372 661
82
309 527 536
810
58 337 350
201 645
7 109 457
208
74 423
35 328
140 170
565
18 31 128 231 253
799
46 194 530 750 858
815 829
26 121 316 942
7 146 260 338
25 340
42 165 628
65 69 123 155 178
58 62 179
295
45 474
4 391 529
87 716
20 501
78 843
19 54
78
134 213 807 808
237 660
967
14 57 181 670 768
349 780
13 306 425 586 823
173 264 635 940
604
17 32 62
92 272 336 615 642
345
516
56 83 131 198 613
234 283
603 630 635
101 102 168 658 741
44 49
39 832
805 825 951
48 560
125 217 831
74 341 390 452 824
93 151 174 195
8 89 197
30 996
66 607
469
673 883
451
51 133
930
779
45 104 139 227 412
74 239 545 603 687
357 719
582
97 996
69 110 568 669
712
321 726
228
815
35 90 304
243 318 955
399
922
96 567
138 353
55 333 409 567
51 135 292 750
138 466 628
10 57 765
247 458 605
585
58 62 87
192 315 891 944
209 302 770 950
274
239 278 526
269 465 970
37 115 314 751
219
288 325 554
846
63 147
119 496
153
433 519 958 979
12 252
328 971
15 105 177 542
132 675
122 277 422
165 289 349
89 203 505
76 171
305 762
12 105 261
120 306 323 596 852
16 280 301 444 483
441
42 47 164 244 462
439
48 501
136 476 915
12 198 386
5 165 727 809
15 90
81 369 665
118 249 266 309 685
346
339 368
567 618
151 585
481
531
374 436 514
107 108
122 201 242 371 486
401
86 115 214 314 707
11 717 993
35 147 208
25 170
59 800
99 265 560 935
80 139
768
40 617 628 714
15 138 639
99
498 792 1000
64 268
280 552
74 844 865
190 204 432
246 623 888
29 343 345 571 966
105 208 222 425 513
49 69 697
510
41 487 555
549 700
44 380
27 384 389
45 65 104 614 701
65 1000
63
20 48 561
396 727 761 817
129 248 528
4 746
17 284 329 474
281 488 578 785 903
44 335
256
9 588
188
5 76 128 312
50 205 384
235
132 277 596
883
105 261
371
76
1 2 416 538
1 15 177 773
7 260 338 632
167
132
173 410 545 831
3 254 449
88 92 279
452
86 320 393 582 610
133 194 628 941
77 191 211 654
350
347 440 787
156 812
249 370
326
561
207 268 802
17 106 203 931
101 121
1 425
66 184 187 458
546
78 333 497
38 112 431
524 607
153 429
215 461 494
298
54 903
699
117 563 765
153 619 889
145 363
719 724
525
365
263
243 631 987
694
129 274 500
5 130 540
77 117 143 368 616
548 904 998
184 920
118 214 239 678
131 431 507
14 69 251 435
82 301 444
211
619 676
145 392
5 28
43 154 163 423
71 221 266
195 536
889
6 9 61 689
350 783
535
319 562
19 44 436
289 758
45 226
448
40 451
154
500
27 50 114 205
344 398 556 792
315 347
716
29 106
71 292 314
828
54 136 258
40 210 410 655
558
442 476
53 171
17 27 125 389
457
8 197 383
19 173 216 245 374
351
280 296 627
263 670
9 44 61 223
52 80
141 247
92
171 305 503 859 890
936
218 417 719
48 120 415
537
61 93 103
343 401 453
309 330 536
119 192 423 636 753
304
18
147 981
99 362
124 197 367 838
349
155 926
269 370 477
18 95 402
160 435 973
67 96 575 638 725
900
14 143 765
202 257 681
132 323 504
11 200
97 119 889
288 470
285
38 71 103 180
20 501 566 733
42 648
143 314 336 588
80
106 125 284 327 894
42 164
490
143
68 170
679 695
66 254
181 275 652
521 699 803
14 138 652
453 599 760
419
37 214 551 893
186
10 961
70 123 131 195 499
38 489 634
138 333 409
13 30 402
97 246
47 589
15 90 644
22 214 490
599
145 355
200 229
55 96 537 548
41 85 246 653
123 151 270 585
402 416 809
34 329
484
21 779 869
152 231 378 584
5 98 231
99 104 197 243 401
881
340
662
12 356 801
49 53 549
564 959
26 312 371
118 395 536
14 117
649
775
988
10 89 175 613
15 382
394 700
97 144
738
284 329
147 855
357
43 230 709
757
55 96
107 868 961
196
30 227 322 572
178 729
736
205
19 344 407 420 544
112 776
32 80 471 519 570
207 459 599
100 186 559 649
90 215 594 598
122
2 103
342 526
2 59
596
449 671
100 147 169 186 998
187 313
695 805 951
67 680
370 477 716
84 223 285
142 575 727
455
161 338 397
49
11 82
103 161
93 123 195 270
902
247 458
232 411 539
462 497
396
19 239 459 686
6 189 369
21 107
5 63 84 219
128 130 408 954
594
160 671
26 196
63 290 493 721 960
80 100 125 352 756
56
12 96 760
28 228
49 230
54 380 514 630 949
215
404
274 746
148 225 532
665
59 355
35 260 501 781
199 887
23 240 282 512
219 426 508 684
258 729
66
42 98 169 645
87 276
273 287 304 874
141
912
120 132 317 419 842
74 218 615
167 354
125 196 376 897
170
81 312 322
29 882
364 471
67 938
157 275 314 428
100 147 186
34 329 507 789 841
264 572
43 266
115 154 600
507
377 723 908
147 559
274 281 488
522
56 498
136 394 476 574 788
265
473 616
54 163 335 572 902
136
85 446 557
143 541
57 113
977
706
138 258 451 455 895
19 134 213
379 834
28
276 556
142 164
3 775
124 212 393 481 665
63 325 449
246 516
141 604
973
15 30 35 660 996
19 54 61 204 264
77 211
45 227
146
749
390
380
88 160
63 669 704 990
193
62 393
158 483
36 472 738
134 250 882
171 246 446
118 632
589 648
526 686
335
73 472
166 308 403 422
55 67 333 409 440
50 117 803
358 644 677
552
24 26 631
134
215 424 542
569
1 328
740 764 798
274 287
47 101 157 206 366
871
64 874
75 417 930
37 857
13 280 745
185 364 471
11 137 657 717
324 464 797
65 86 1000
101 102 149 169 934
108
143 148 180 545 580
932
357 417 724
567 641 933
124
35 177 644
247 495
83 579
210 421
187 218 839
409
146 821
12 154 725
375 591
82 123 365 927
278 678 956
759
50 636
24 40
128 293 295 363 558
311
281
888 929
636
153 913
174
634
91 207 298
550
290 294 876
35 215 310 565 938
563 861
82 156 181 289 510
256 323
44 74
787
118 309
81 122 343 403
151
90 105 382
502 738
345 571 684
782 818
8 197 974
91 543 802
276 830
285 324 373 464 624
58 480
371 907
121 226
50
243
60 125 380
378 550 817
10 774
302 364 439 696
239 687 956
225 523
106
523 702
4 831
94 99 159 770
58 882
407
162 178 208
36 96 206
88 93 630 688
611 786
72 983
11 175 356 450 917
25 445 520 682
217 236 453 921
1 15 711
172 757
72 565 594
273 304 914
983
92 219 337 618 990
195 410 953
3 80 186 992
23 178 258 825
139 150 492
86
69 268 311 694
651
705 743
224 738
23
1 799
8 21 31 72 766
68
945
394 450
1 278 420
38 110 364 592
405 878
862
144 285 435
63 151 837
30 637
336
195
69 87 549 602 989
150 180 188
325 463 554 840
23 46 530
723 833
604 677
222
467 493
117 126 652
774
24 149 243 318 322
276
7 294
118 255 459 558
44 866
16 280 577
806
560
277 958
188 348 511
293 574 924
93 174
148 512
58 337 506
33 66 291
236 314
89 505 980
5
100 163 282
8 15 765
141 211
93 151
748
418
556
201 371
15 72
240 385
203 505
240 318
4 841
171 204 413 502 881
57 117 175
180 193
330 527
36
88 518 681 936 959
25
77 355 553
769
476
153 346 798 960
161 338 534
341
11 120 358 460
33 448 758
583
166 180 360 518 664
44
371 658 683
29
310 711 773
40 42 418
576
785
302 439
234 442 574 777
101 121 149
186 756
378 888 964
463
781
441 545
61 204 340
398 434
157 225 532
96 567 618
46 749
800
372 379
103 113
618
56 189 926
12 904
110
501
36 73 440
56 173 283 310
137 256 717
52 54 615 912
115 582 879
629
5 228 744 927
30 32 144
51 133 418
233 375 433
33 323
70 705
14 263 368 819
65 429
358 673 675 726
30 70 600 877
93 195
36 462 640 651
187
29 83 534 896
14 295 551
213 808
445
26 101 145
294 692
72 108 231 428 443
872
11 137 993
408 668
14 175 181 674 921
46 51 617
261 773 952
175 734
181 339 819
919 962
97 300 326 415 978
464
447
20 733
480
189 307 715
633
26 76 168 176
2 251
8 229 349 461 566
830
41 180 348
792
109 238
29 109 568 579 855
51 570 729 769
199 916
471
192 315 944
19 74 390 443 459
681
33 291
239
567
316 820
551 893
16 392
50 848
221 857
626 918
138 353 621
150
145 288 783
31 59 835
361
11 137 717
848
621
281 785
914
611 786 813 846
232 415
36 73 78 112 315
13 16 73 623
10 57
165 183
239 286 289 651 971
42 570
62 695
976
43 96 222 386 575
462 608
79 108 396
607 643
6 9 398 715 792
44 45 234
41 182 399 917
88 159
415 834
947
34 331 465 475
96
74 84 730 981
288 940
74 119 246
185 209 892 991
158 249 659 830
24 100 173 423 955
80 255 965
76 220
22 71 214 221
297 757 964
576 601
80 803
20 566 822
506
376
19 52 514 646
68 154 217 445
32 54 163
23 188 198 917 986
34 80 125
73 156
31 357
935
142 295 447
49 716
127
38 112 694 845
767
152 279 367 454
389
75 119 219 704 994
972
236 512
345 351 426 865
57
619
55 103 417 724 942
13 39 381 698 832
81 312 683
957
764
100 649 908
23 42
1 23 178 225 235
4 491 529 655
579
313
13 460
299
75 85 246 623
6 33 52
4 410 796
231
432
57 843
246 257 412 491
827
254 452 485 517
19 113 123 332
544 924
115 161 363 691
60 574
363
386 847
378
330 395 527 828
41 220 387
3 445
553
796
60 284 755
65 89 237
342 647
392
76 102 196
370
489
74
110 240
42 164 648
123 148 178
106 755 822
275 325 612
118 842
63 139 467 699 960
105
16 823
63 199 692
36 98 770
63 84 294
127 745
19 341 595 630 678
620 810
15
949
12 403 900
538
875
2 135 268
45 165 195 986
140 142 985
104 662
405
179 337 506 943
18 679 695 805
3 9 52 254 416
53 87
44 163 278
153 406
91 184 778
147 958
646
39
443
20 52 167 561 902
226 227 429
188 348 487
75 446 827
13 158 986
669 863 990
24 247
299 539 683
383 801
57 126
156 188 462 502 651
884 896
161
708 737
49 103 269 860 963
616 901 984
727
209
177 542 639
492 642
137 305
100 147 649 908 965
281 363
248 408
183 187 426
968
602
461
83 490 546 568 890
430 807
45 732 752
20 75 135 214
129 500 578
586
232 875 926 957
19 20 48
226 614
53 87 918
77 211 654
210
72 866
272 434
91
700 763
15 51 250
47 414
866
355
204
30 32 70
117 674 759
124 389
269 573 918
42
356 422
696
114 205 392
180 229 533 978
203 407 613
11 137 852
13 919
16 832
128
51 769 920
23 160 254
835
159 168 178 706 751
774 796 847
37 115 124 212
8 95 349 866
939
18 28 338
19 44 74 517
951
93 207 288
944
367 487 553
175
713
149
404 871
11 230 232 307
701
979
28 583
59 93 576
206 347 812
65
109 148 380
38 64 431 489
93 151 195 270 585
29 260
319
17 60 162
235 982
61 156 834
383 764 870
140 142 170 244 447
242
17 327 465 730 753
322 683
42 47 164 648
692
177
316 486 945
676
523
17 223 464
153 466 647 666 849
280 301
209 213 371 504 929
36 192 347 581 738
773
136 476
4 529
52 54 423
23 483
21 304
230 975
62 276 337 388 691
324 373
87 549 716
85 233 259 379 411
67 88
250
26 149
307 638 767
33 66 172 593 607
138 339
707
234 427
686
284 860
305 726 771
14 58
125 975
269 326
221 267
660
81 242 962
263 722
48 207 580
342
762
178 484
30 137 237 385 613
5 89 151 413 980
212 266 336
510 552 564
230 477
43 218 927
23 377 391 489
72 144 320
786
136 293 442 937
106 284
18 83 271 288
67 96 303
152 378
162
494
329 474 772
856 922
296 764 921 967
514
205 265
368
993
726
685 972
213 233 557
19 52 635 912
212
245 278 687
155 736
474
113 126 612 667
7 35 109
7 260 433
25 379
223
34 331
31 68
131 141 247 458
38 359 845
260 546
678
219 894
88 166 666
129 141 144 528 712
207 641 870 995
51
65 183 521
40 194 590
209 892
213 882
667
508
7 146 478 534 884
330
832
284
378 710
4 69
61 675 823
11 464
90
717
66 164 172 291
190 223 728
24 82
137 675
209 302 991
150 166
5 277 546 597
44 110 160
433 579
4 272 391 898
643
154 481
69 780
261
76 200
76 81 312 820
60 176 702 897
504 823
73 129 156 274 776
142 244
26 228 300 633
457 546
1 26 90
194 271 418 531 551
172 313 593
10 53
173 560 956
26 280 443 675
102 248
244 547
216 452 514
245 384
190
40 46 271 750
14
97 366 826
33 402 853
84 394 646
75 171 381
592
362 364
173 445
126 175 819
123
8 290 479 742
26 102 122
328 494 690 799
224 242 253 479 580
9 513 650
63 267 929
818 875 910
20 103
56 142 321
705
198 261
208 658
525 779
965
54
27 802
606
62
12 198
483
286 904
262 406
448 687 942
29 413 490 884
176 507
114 404
15 40 46 353
39 82 94 99 301
413 739
317
202
361 384 404 636
289
28 282 470 554
296 360
503
270 499
233 492 969
632
27 454
174 195 499
25 134 213
336 381 784
187 863
12 41 198 864 900
53
492
64 298
2 130 251 817
617
263 850
394 420
214 374 816
919
5 663
771
10 14 175
797
60
5 98 130 161 457
72 73 78 92 112
333 533
37 43 71 212 222
905
61 190
50 114 412
21 28 251 809
327 702 931
199 294 692 721 876
79 408 744
48 459
13 495 745
35 90
131 321 334 635
873
65 867
182 565
598
12 19 267 424 956
172 313 839
456 703
920
656
162 710 753
89 613
311 332 385
111 661
278
26 38 169 359
73 78 112 224 651
64 207 346 740
120 482 629 826
138
50 106 331
655
38 500 682
185 340 912
89 323 708
25 116 217 340
34 106 284
99 566
76 308 371
990
267 299 680
148 411 969
39 159
58 451 515 530 895
176 196 242
609
22
283 622
5 100 372
10 113 117 441 734
400
256 586 726
113
1 105 565 639 947
309
134 250
173 956
180 399 887
34 60 730 948
703
85 119 291 643 827
242 395 685
53 69
704
996
557
9 189 204 781
770
22 212 790
101 437 645
149 201
146 979
84
203
811 874 946
350 850
240
88 342 647 676
49 134 250
351 403
415
102 242 265 621 871
708
25 217 340 456 633
333 725
83 338
113 563 667 768
30 46 133 978
21 28 31
424
32 70 194 341
893
187 522 593
226
200 695
215 947
17
27 334 444 686
426
412 731 803
23 114 148 299
30 150 542 643
24 140 295
18 215
46 474
175 181 620 697 737
49 317 847 876
85 179 203 616
689
219 401 994
21 24 318 817
941
94 398 493 622 739
298 591 764 870
191 211 718 901
111 133
64
46 51
18 215 512
763
151 203
856
16 82 161 395 595
575
14 24 65 419
298 383 740
32 144 722
202 257
81 238 327
30 32 144 660
16 26 169
21 107 130
8 45 125 818 835
115 336
216
852
133 273
382
286 373 904
273
120 358
290
318 556 603
721
18 165 228
398
8 197 220
189
21 107 228 300 326
150 387 487
57 223 369 563
891
17 80
659 943
971
260
169 196
934
620
48 54 216 438 560
44 54 902
3 71 393 720
2 54 546
55 97 144 725
9 233 539
269
84 294 467
8 766
241 527
85 293
980
153 199
3 23 37 650 775
198 403 532
68 159 291 437 767
213 250
697
18 206 253
27 158 392 592
377
161 804
788
301
458
140 537 547 638 985
388 830
363 909
51 418 851
70 366
401 453 994
259
51 157 997
66 271 297
379
21
166 202 229 285 664
200 387 553 555
80 100 756
15 513 644
70 79 379 678
62 199
66 593
178
35 424
27 114 389 592 636
86 115 221
55 434 950
157 267
472
155
61 189
17 236 427 852
293
162 894
351 377 571
7 83 791
6 357 795 946
189 201 234 601
46 51 70 387
8 179 197
8 38 321 431
88 270 406 656
141 605
267 523
185 235 439
115
769 855 995
29 83
37 720 796
128 163 220 348 650
45 104 948
584
75 78 450 496
130 165 587
733
343 351 377 508 684
42 414
193 210 229
230 753
669
790
235 696 886
112 156 581 843
666
62 691
286 324 904
55 127 359
755
691 928
343
45 227 485 701
407 999
37 916
86 314
131 141 556 605
146 277 568 821 890
388
578
22 154
80 153 466 862 961
997
674 861 926 957
129 578
772
171 906
388 506
3 303 671 681
149 658
21 29
137 350 908
79 95 231 550 587
75 496 704 930
110 485
10 14 113 263
1
49 69 311 918
789
286 373 913
53 190 278 536
112 315
90 96 744
4 272 391
41 330 399 865 962
77 617
416
121 122 346
794
232 233
109 132 896
731
194 342 466
13 16
71 86
133 590
45 104
103 719 968
32 64 564 681
116 656
27 205 389 709 871
45 65 139 412 970
5 172 247 298 365
271 729
590
70 144 400
185 967 982
17 34 331 755
374 436
84 290 493
680
33 152 522
19 100 862 945
274 754 903
242 308
31
20 22 37
11 140 243 420 931
8 221
149 877
320 422 995
179 276 659
238 260 543 890
64 91 946 995
999
101
1 15
1 538
54 255 390 706
520
220 229 367
246
16 47 460
522 639 773
73 95 891
66 172 313
60 162 327
648
164
26 176 242 308
197 804
267
216 443 706
259 382 461 565
56 470 585
101 312 907
234 427 924
60 525
38 62
11
6 9 39 117 159
6 43
495
254 262 671
204 456
317 531
341 436
105 261 952
144
152 188 428
213
227
184 247 968
433 519
7 109 829
544 937
169 248 934 942
24 102 110
938
69 87
562
23 131 141
206 381 496 651
122 322 479 535
92 157 610
101 102 121 201 934
127 234
761
350 396
38 359 379 539
433
868
22 33 66 291 952
53 87 269 549
129 500 754
741
259 947
145 363 486 783 850
497
32
36 206
33 252 405 643
52 163
482 530 963
153 406 619
14 339 734
191
29 83 161 579 609
661
6 91
24 38 645
83 161 739
6 145 218 292 747
110 121 485 668
25 116 217
38 431
851
20 48 822
98
4 327 391 730 841
266 796 916
50 104 114 361
88 296 564
328 425
6 42
97 877
142 170 547
47 78
251 583 663
842
26 168 537
53 154
67 157 184
62 388 463 735
398 556
5 59
155 326 445 736
347
332
229
163
820
39 95 99 108 964
237 719
468 540 949
19 52
217 743 840
338
3
822
46 273 733 740
58 140
504
133 271 617
35
711
71 588 600 665 703
80 132 965
966
139 226 732 1000
354 517 545
861
29 653 900
207 346
2 12 57 265 553
111 611 837
208 310
29 608
31 98 408 484
308 316
11 120 482
44 452 646
20 400 647 652
516 798 801
241 309 536 919
83 534
26
204 224 521
571
64 225 399
38 359 372 634 736
26 820
75 85 171
969
216 341
14 126 321 498 554
300 539 983
88 257
202 303 664
93 310 851
240 311
475
511
179 182 887
397
111 469 854
129
24 110 757
133
72
455 762
204 555
272 507
809
252
35 136 338 777
2 36 112
723 994
49 69 269 747 836
588
220 428 978
113 117 126 670 819
13 158
36 244 331 711 988
8 197
4 507 898
59 251
190 223 369
13 495 577
669 939
275
17 284 474 655 688
133 766
3 81 120 305
1 494
219 351
71 212 336 665 707
863
30 32 70 305 629
101 308 741
766
420 788
94 941
91 357 383 724
157 225
10 619 759
167 390
157
89 237
16
58 62 276 388 480
39 92 94 99 362
114 205 389 454 848
230 465 606
342 594 768 911
183 287 304
11 852
2 511 597
43 124 266 720
46 99 159 311
273 480
133 353 873
524 717
786 813
155 372 642
964
6 223
91 158 313 320 591
360 510 552 627
317 419
166
151 193 499
280 845 857
668
222 531 893
373 705
277 815
87 370 918
16 158 270 365 779
319 616 864
13
146 238 478 922
373 409 590
79 152 355 396
188 569
56 434 498 556
126
955
53 269 307
156
191 211 541 984
89 237 407 682 999
3 449 671
268 516 851
8 974
344
228 805 910
158 657
512
294
7 341 699
132 281
383
188 679 885
239 341 687
116 633 656
8
83
348 432
21 835
2 152 221 582 857
240 469 512 886
120 137
