15 533
116 210 896
39 324 722 815 966
57 394 600 627 666 737 746
7 66 595
46 185 196 663
13 205
65 752
154 784
50 55 159 191 283 350 678
263 461 512 513 876
260 440 455 819
4 95 224 488 977
165 631
5 703 799 962 991
37 112 202
32 97
123 702 912
211 287 436
231 416 593
6 251 419
51 354 728 734
12 82 152 180 402 572 579
582 587
27 34 75 244
284 292 362 447
250 497 608
94 192
50 963
54 261
33 168 412 508 792
48 103 141 364 535 544 610 669 713
18 30 88 144 172 182 207 239 646 725
45 125 135 200 294 647 802 897
6 67 79 494 795 819 982
36 85 94 161 258 287 383 789 875
12 54 135 195 483 592 738 959
43 181
32 37 68 146
67 79 353
22 34
285 849
30 104 105 458
32 34 46 233 248 625 881
292 998
46 128 158 167 343 560 952
17 93 295 430 509 831
24 769
193 425 494
153 318
167 320 735
37 52 107 172
16 412
22 27 29 56
20 92 187 403
748 873
10 77 87 233 249 300 487 492 556
94 118 214 241 263 284 365 609 740 858
53 73 143 408
110 157 635
23 34 41 92 383 429 528 802 929
4 26 83 98 104 202 229 239 400 411
155 245
40 158 177 258 288 352 422
28 56 107 382 947
6 126 174 232 251 532 546 828
14 23 62 70 203 536 946
7 22 190
138 525 613
27 61 995
15 193 567 763
169 372 459 476
102 115 215 521 577 925
91 322
2 163 208 811
30 34
240 246 373 549 567 796
99 565 660 683 894
8 53 91
10 25 67 561 771
11 77 92 242 276 374 528
37 98 922
36 203
12 417 683
21 79
50 201 226 526 593 795 907
50 159 174 183 240 274 431 454 505 857
102 124 129 164 386 462 607 854
527 857
8 35 38 109 411
121 949
57 85 169 176 568 899
39 131 137 806 856
64 133 145 213 280 707 835
360 456 582 628 865 882
2 7 24 58 74 502
119 578
113 133 305
14 190 192 230 296 405 654
119 247
36 146
291 945
12 83 765
56 390
22 53 596 788 967
6 14 70 86 336 890
1 5 57 103 213 515 917
6 594
369 415 556 697
19 220 249 540
231 243 739
131 309
2 3 71 182 321 767 866
81 95 566
199 347
24 210 288 496 822
27 177 525
359 755
180 237 333
120 156 280 451
97 147 191 234 431 519 522 639 664
26 32 34 87 165 392 414 540 989
58 66 74 185 196 235 328 426
16 41 242 612 862
376 401
44 187 879
2 226 305 626
9 17 51 62 73 159 416 685 866
254 265
124 157
81 399 609 721 773
154 524 603 933
143 160 408
107 112
1 120 187 229 376 460 722 815
12 83 140 369 370 851 919 959
21 40 209 352 534 674 688
3 48 233 374
19 210 460
31 69 177 260 520 677
1 644
16 236
18 144 239 315
37 112 153 424 950
206 764
136 171 492 691
538 544
487 587
4 357 636
113 449
17 347
87 238
321 807 944 992
7 23 32 100 266 816 848
267 276 339 377 530 935
10 15 151 959
235 314 464 469
36 216
2 245 330 657
20 60 722
38 44
133 156 221 307 346 490
28 775 988
15 104 136 876 900
13 17 124 141 325 356 430 568 810 981
262 611
143 160 198 205 217 499
19 244
9 43
125 283 421
7 16 66 128 288 332 509 675 947
29 38 356 370 975
8 156 172
10 28 60
13 89 319 357 389
4 177 829
21 25 60 68
160 203
39 253 404 412 681 787 930
552 972
147 567
29 100 304 432
1 105 276 493 649
39 48
24 70 72 469
275 741 776
205 656
44 62 313 363 506 971
6 39 174 844
262 378 650
9 531
18 63 74 323 516 541 762
36 69 98 114 146 442 534
10 28 50 85 131 191 291 350
43 89
237 292
99 174 388 511 542 652 911
330 454
529 581 605 845 894
719 792
17 41 162 168 266 269 299 403 936
55 246 318 511 785 908
7 178 312 379 675 750 947
30 556
20 59 92
180 284 772
204 394 543
31 362
18 66 121 482 632 966
81 95 462 629
8 105 201
82 139 409 540 801
144 165 239 315 484
134 211 392 750
4 66 122 147 151 282 323 449
8 458
1 44 128 159 267 412 578 693 923
84 281 417 590
139 380
59 402 910 929 960
4 101
50 424 532
22 106 117 605 614 660 762 818 1000
105 109 114 172 207 504 810
3 25 85 94 257 364 500 555 853
331 454
112 847
31 139 331 428 619 715 888 893 913
78 226 590
285 396 960
11 27 58 61 114 883
76 188 271 273 382 662 806
71 79
87 250 499 532 786
124 129 215 341
11 69
98 127 453 961
9 19 72 139 306 945
24 74 241
10 25 26 50 60 184 820
86 446
9 55 72 136 139 206 221 255 441 749
454 582 733 891
7 20 59 88 154 282 313
13 36 277
277 480 769 937
166 519
8 387
94 495
17 38 941
65 628 648 820
20 45 163
3 38 42
115 617
76 378 599 658
238 781
17 29 38 916
283 527 840
2 341 486 584 681
60 379
50 667
310 468 867
16 612
18 19 111 161 380 840 915 970
11 27 69 101 122 173 291 298
201 821 927
46 99 106 281 337 571 775 825
29 946 991
14 89 115 152 172 302 671 739
57 94 320 610
37 687
3 75 95 440
266 272 324 483
513 619
16 259 435
13 221 439 595 926
4 921
33 35 231 730 871
66 794
26 87 111 303 330 341 758
95 399 676
45 139 940
19 78 375
13 21 25 52 464 897
6 14 292
54 83 639 956
55 96 137 270
11 13 27 61 149 446 748 870 984
212 247 409
349 485
72 375 588 715 903 978
64 178 185 279 590 679 782 905
100 123 134 168 189 958
192 274 452
47 248
45 286 415
21 25 340
80 474
3 33 121 168 631
67 480 550 611 965
100 254 359
361 846
1 5 42 71 113 506 559 929
40 150 154 210 707 719
335 348 438 452 649 727
284 304 406 455 643
56 86
14 62 154 452 855
271 618 774 979
7 666 773
59 335 998
248 395
157 170
6 870 962
29 45 77 229 242 285 559 939
12 672
1 18 42 45 133 209 379 955
156 234 465
3 39 256 463 485 535 804
378 594
2 64 512 973
196 380
11 193 319
50 99 194 724 915
57 85 444 494 604
235 502 581
47 146 216
23 48 165 300 484 652
82 160 245 308 479 801 993
116 585
202 620
126 159 194
28 390 488 696 969
13 41 63 247 295 843 918
87 170 179 198 420 607 785
1 777
33 96 186 257 294 349
363 734
54 79 169 353 523 851 899 902
4 28 36 123 523
43 421 477
637 779
5 41 45 92 118 126 150 213 218 376
24 38 325 798
107 200
77 190 457
45 158 405
27 48 80 122 366 796 997
55 431 678 699 876
299 403 558
74 282 288 554
12 49 54 65 135 273 302 483 697 920
10 60
127 717
3 48 463 792
11 29 101 249 501 518
89 302
32 34 47 53 100 622
13 24 62 282 347 744 971
569 586
97 134 200 783
9 19 57 72 255 375 384 588
20 29 184 228 328 686
20 59
9 19 111 822
19 44
21 60
7 282
8 31 72 125 686 701
421 478
42 914
3 10 39 60 68 184 351 412
6 27 80 119 286 475 623
30 34 661 716
84 493 846
291 745 825
5 20 126 354 367 395 518 562 596 653
127 543 599 672
225 245 250 594
389 548
16 236 361
77 290 294 377 950
61 80 286 398 569
20 56 212 808
33 152 593
26 35 40 52 53 164 425 551
253 652
21 132 161 225 240 442 564 639
133 148 271
386 462
128 250 304 343
6 14 86 225 251 481 491 809
76 277 297 366 448 627 983
103 294
3 33 300 349 508 664
45 96 231 555
12 925
37 55 83 202 370 498 922
177 524
61 142 207 233 654 719 760 864 880
24 154 311 502 572
5 63 86 278 318 347 363 563 751 805
8 35 91 387 533 591 596
44 59 190 290 313 883 935
35 335 760
71 336 386 877
222 377
114 205 516 972
31 119
51 68 274 443 539
15 34
558 716
15 470 473 591
154 418 926 970
31 179 421
94 97 145 207 320 364 397 912
55 85 174 194 241 908
75 296 574
7 24 42 58 64 142 318 469 581 682
88 273 317 508 779
18 121 144 165 239 315 482
102 390 546 701
25 413
9 22 35 213 220 232 458 878
5 42 63 118 208 254 932
38 44 164 355 398 426 515 926
613 779
2 75 79 112 434 631 990
15 104 109
34 47 51 443 838
2 101 103 577 726
3 66 122 388 648
57 76 204 281 437 874
2 5 15 317 334 467
169 211
224 323
16 81
603 645
61 357
348 836
14 26 43 171 341 927
82 220 306 346 460
550 698
237 260 406
65 90 96 111 116 260 282 843
21 25 693 948
21 58 63 66 241 326
23 320
68 324 506
116 799 968
50 159 194 511 542 791
11 863
29 32 155 838 867
111 220 736
33 253 410 694
14 121
166 407
35 92 362 557 708 880 940
19 913
11 80 101 119 298 578 674 997
65 127 923
87 110 129
162 266 546 642 824 921
8 297
37 50 55 112 202 270 388 522
5 118 153 183 268 280 451 754
56 106 281 382 391 400 523
15 59 75 99 177 186 455
96 723
4 114
85 167 392 433 496 666 823 918 968
85 328 379
10 68 464 553 733
22 56 188 340 489 654 709
96 186
586 976
35 624 747
1 42 63 118 152 183 194 299 721
10 36 44 68 326
90 703
1 26 42 71 133 219 419 563 777
196 472
5 63 92 208 265 317 344 754 812 974
66 142 251 321
16 58 66 612 695
5 9 38 116 117 161 172 224 409 604
7 24
76 117 645
1 123 183 317 390 497 507 602
65 145 147 246 345 388 850 908 932 986
77 114 198
43 303
126 246
32 558 867
9 85 99 161 212 291 605 808
4 25 61 210 340 353 406 479 726
405 998
11 27 36 122 143 189
12 115 170 207 238 281 375 566 705 855
12 106 188 515 583 920
1 33 47 69 436 461 549
78 148 530 895 924
51 53 73 96 132 570 671 816 856 938
295 509
168 813
12 16 862
318 393
26 479
88 592
88 195 254 833
260 895 967
10 21 91 326
82 252 655 745
41 86 163 309 623
10 313 408 553
248 397 770
102 110 302 414 420 521
199 436
46 742 942
158 237 343 962
6 372 446
9 63 206
5 19 66 74 104 241 354 665 956
77 600 717
186 215 600 699 918 980
190 401 784 837
259 941
33 48 103
169 514
12 975
84 391 843
98 327 456
43 107 111 195 200 498 635 720 889
60 693 704
38 63 195 228 549 602 659 924 973
39 45 166 296 407 668
67 73 874
7 66 235 794
94 269 716 897
129 157 242 617
16 259
24 48 204 344 416 537 555
13 101
52 69 149 193 205 286 475 586 819
41 214 267 939
13 374 475
67 345 385 476
293 635
478 658
42 228
87 97 167 473 575 826
642 661
39 48 256
162 321
164 271 293 367 900
95 167 399 407 575 826
9 22 117 319 440 868
73 620 859
38 93 394 430 659
23 536 927 952
30 35 65 108 411 432 453 456 551 747
128 177 180 304 985
31 90 865
2 20 89 859
26 43 115 158 263 293 307 343 640 944
1 22 23 30 32 99 212 222 278 762
41 339
67 271 603 698 769 987
72 249 559 887
89 616
5 8 307
26 476 621
55 70 165 305 570 730 764 986
3 8 53 207 387 562 579
29 430 786
341 417
460 736
75 175 275 574 842
1 59 78 280 324 368 653 777 958
17 325
13 94 328 614 995
5 262 689 868
278 363 393 709 778
19 82
138 280 757
30 34 120 127 501
2 37 71 78 748 761 932
30 32 47 100 150 162 266 521 832 881
8 30 91 247
2 64 197 486 780
26 758
243 253
23 285 402
68 184
27 142 751 976
64 401 873
59 457
207 230
2 26 72 129 181 358 588 621 780
21 116 161 216 218 523 539
202 338 847
27 122
768 845
342 483
339 898
208 218
1 42 145 219 393 467 486 964
89 308 322
77 209 402 501
5 81 113 189 332 419 684 756 994
710 950
16 259 361 535 648 695
140 837
125 257 416 463 554 573 694 706
79 514
17 93
79 987
55 559
12 29 273 356 665 919
69 109 149 173 247 298 569 678
19 27 71 97 204 511 560 775
500 735
95 264 544
495 952
163 615
193 244 410 576 884
211 987
46 185 663 724 742 942
32 34 47 334 529 964
199 419
20 41 44 518 901
49 633
236 862
37 107
52 122 758
16 435
11 13 69 345 389 569 699
188 219 244 413 580 669 880
102 137 366 825
98 487
3 39 227 706
8 27 259 601
61 68 83 176 234 351 360 553 948
192 746
23 44 155 465
19 162 249 496 726 749 823
290 311 404 517 597 890
12 415 575 641 902
15 148 156
59 264 384 869 954
24 154
29 901
2 9 78 384 479 543 903
89 124 381 616 839 904 989
89 149 168 299 620 791
32 266 520 651 764
335 337 355 438 767
4 7 31 33 103 265 481
143 146 814
10 53 240
9 160 203 221 408
1 268
123 151 800 977
8 624
1 190 296 301
10 451 629 789 853
130 374 501 922
290 364
441 445 531
63 81 268
110 545
14 48 74 750
4 26 61 89 102 110 181 753
82 128 692
131 137 437
15 109
18 704
255 371
40 52 395 595 596
60 116 793
52 953
86 680
1 5 63 118
188 768
20 285 784 983
3 113 141
56 117 252 281 732 936
80 217 227 247 302 398 753 787 868
17 356
135 632 925
45 150 860
60 122 129 179 249 449 503 937 943
116 163 294 852 869
1 14 110 278 396 608 803 853
75 166
62 77 199 278 368 568 662 783 844
125 179 256 272 392 562 685
5 449 761
15 33 40 57 118 725 804
18 64 78 214 228 496 951
14 778 821 891
2 5 885
132 167
43 129 577
51 395
17 836
2 4 28 224 368 371 434 688 803
50 126 194 309
286 972
30 91
3 7 55 225 418
46 196 905
305 359
142 348
30 52 73 136 156 230
683 818
589 703 820 882
11 13 31 56 144 155 301 391 481 640
385 851
128 692
51 89 181 344 562 813 939
6 13 56 257 433 673 759 888 978
157 781
297 480 500
54 88 135 448 539 641 697 928 1000
11 174 789
11 173 198
11 626 674 910
143 216 738
337 382 759 808
459 595
51 65 78 90 268 360 439 573 882
1 2 5 218 727
65 587
47 61 80 217
18 49 197 899 949
67 353 491 514
10 262 297 316 618
15 52 53 182 504 556 638 730 906
37 48
4 51 278 386 561 655 957
329 437
25 184 264 510
57 97 125 197 204 227 351 422 754 858
41 187
102 293 797
45 59 70 130 173 267 327 457
861 871
76 979
70 250
114 480 617 692
55 191 229 232 283 423 437
54 84 116 135 218 369 503
399 830
14 23 155 201 225 372
9 28 49 59 77 92 93 142 552
2 229 780 837
34 162 312 472
5 78
37 107 202 234 465 859
124 322 367 371 409 736 989
505 771 828
383 462 913
193 884
84 329 342 583 732 759
243 584
355 713
79 385
98 108 432 582 628
12 88
67 262 323 874
21 142
17 84 93 244 576 659 710 894
39 827
2 71 224 788
4 74 800 889 921 977
537 834
145 218
10 25
15 182 643
73 148 387 646 743
11 20 54 68 293 857
9 132 217 384 668 892
613 841
807 916
21 25 68 89 184 326
90 98 108 327 395 487 573 580
4 115 123 141 188 488 552 814 817 963
40 171 425 729
397 403 427 539 728 934
170 263
49 83 88 135 871 919
313 348 649
53 205 427 489 953
6 12 88 175 891
105 743
16 26 74
7 58 131 155 251 270
9 10 322 417 992
9 26 822
6 62 199 680 689
28 490 982
30 35 52 73 104 167 248 470 691 878
82 331 715
421 428
522 672
2 20 46 125 187 285 376 506 783 892
15 35 109 136 148 365
35 171
166 175 407 574 606 651
7 22 81 161 312 359 528 788
3 36 141 146 148 294 555 579 953
3 856 864
42 43 129 157 265 270 420 447 721 861
17 31 57 187 231 283 362
1 4 71 72 161 221 528 565 801
345 418
297 645
505 712 895
102 428 477 478 682
585 711
130 803
10 21 757
5 98 100 105 438 537 740 936
136 138 369
12 67 145 435 445 473 500 749 781
1 2 120 226 474
15 18 165
47 51 86 100 162 354 358 580 667 770
35 40 80 109 601 852 935
7 11 92 286 328
3 834
31 256
25 785 917
28 760
22 660
10 413
358 734
18 69 162 164 261 484 680 949
32 75 268 274 663 782 996
96 300
28 173 236 246 397 833
160 461 817
4 19 72 132 185 330 450 887 945 999
75 606 776
130 338
6 23 255 805
87 238 396 854
16 361
340 948
30 40
8 91
3 16 109 110 153 191 337 611 700 741
8 84 109 113 208 221 585 681
24 327
215 332 707
295 763 884
15 24 36 306 486 557 590
121 280 356
24 93 426
59 718
27 96 175 348
40 91 182 492 493 630 826 924
26 34 52 58 92 292 527 973
274 397
126 137 270 791
48 288
576 831
24 58 147 191 542
16 223 233 236 332 538 566 830
44 45 214 467
81 178 314 530 917
291 331
31 701
2 183 219 226 254 974
201 225 481 594 714 870
166 175 206 375 420 545 606 842
31 88 485
18 130 315 550 893 994
17 29 478 658
3 84 120 183 529 644 661 725 954
32 274 816 999
35 137 370 382 771 951
198 374 613
30 67 104 169 211
198 298 991
429 907
24 581
140 369 534 817
399 994
50 101
23 845
8 459
112 134 138 598 616
11 81 389 756 873
261 447
18 121 144
26 110 381 943
3 16 846 938
166 275
46 47 175 782 999
536 548 778
189 332 346 441
442 717
436 714
64 110 164
25 561
17 29 81 93 139 253
5 113 120 279
137 140 858 956 975
13 69 114 408
37 112
85 93 232 349 456 724 742 872
44 77 150 209 290 339 656 892 901
7 124 289 293
541 773 872
391 515
533 888
138 841
3 24 33 44 74 694
23 957
8 76 194 269 896
31 179 284 389 455 996
16 78 111 189 565
130 192 557 690
20 377
191 240
3 243
790 809
388 712
6 79 141 353 372 499 965
43 102 115 367 474
634 1000
427 443
21 68 351 466
70 608
261 848
11 43 807
228 252 602
100 108 838
75 206
18 165 170 239 482 714
47 62 78 387 637
76 316
46 90 178 589 942
87 289 352 512 584 616 677
519 757
61 673 863
541 684
7 79 439 675 933 970
170 289 797
106 127 163 453
29 828
67 155 295 910
13 531
9 306
6 316 366 378 423 545 603 667
86 957
12 415 928
95 233 361 609 833 931 938
4 49 80 123
81 440
577 928
14 23 608
378 737 774
200 335 355 452
275 842
85 204 258
67 79
52 116 130 182 615 711 740
42 988
57 134 272 422 444 644 881 912
25 279
103 146
88 195 342
22 72 82 303 322 634
6 363 446 489 591
175 406 524 741
6 86 176 245 561 599 890
23 751
84 400 744
3 4 139 185 323 384 702
148 172
181 263
208 317 346
49 946
8 30 168 810
46 312
27 104 346 403 774 800 848 940
9 30 222 333
65 598
19 541 566 872 877
59 209 368 653 690 830
611 627 650 698 737 984
311 404 597
150 301 401 557 718
87 263 415 854
14 24 314
40 458
26 164
13 173
32 38 310 354 468 580 677 770
77 206 903
46 63 65 127 472 981
20 267 518
373 422
129 289 367 381 944
150 301 368 966
277 297
216 499
84 99 117 157 160 583 696 731 877
14 149 155 250
33 48 410
471 575
47 358 824
76 705
11 13 69 101 149 238
15 104 900
418 525
10 21 25 84 184 466
2 38 43 124 287 334 883 886
75 106 298 418 731 806
181 839
17 220 565
509 576 763
264 992
108 733
138 330 371 517
321 866
1 19 37 108 231 252 571 605 622 684
97 101 134 223 303 316 444 727 909
5 268 507
55 350 424 567 963
190 815
39 152 253 329 424
197 219 229 988
22 117 188 212 337
169 514 795
2 21 28 64 118 153 220 755 860 980
97 167 256 723 852
48 787
40 53 73 105 148 230 492 643
198 433
4 28 752 958
17 29 38 93 153 213 355
97 192 272 426 687 720
5 467 474 563 832
584 622 626
126 889
6 23 62 120 450 990
65 108 360 453 589 676 911
279 342 904 909
29 38 51 366 466 546 599 705 786 798
38 477
18 41 54 99 108 158 237 325 538 634
4 56
94 392 686
87 164 187 215 381 513 615 617 943
26 43 115 170 238 352 381 607 657
1 76 150 262 271 316 550 650 983
5 140 158 260 405 406 829 985
126 152
91 107 234
1 58 835
12 93 107 244 597 612 964
58 439 597
20 264 589
50 329 373 527
10 21 25 133 141 186 314 351 571 572
75 193 295 296 407
28 47 358 390
22 106 212 818
33 83 180 195 342 665
171 222
6 39 103 450 476
166 275 606 776
273 393
40 230
102 396 461 516 521 669 690 704
113 119 982
3 36
25 143
34 51 245 971
101 995 997
8 222 258 544
336 632 718
542 805
54 140
46 178
3 839 967
7 235 284 288 314 469 548 552 554
74 135 326 507 520 551 651 671
46 472
14 90 96 176 201 243 344 687 809 827
8 49 224 307 434 700
85 258 272 471 610
30 65 108 112 127 338 587 720 996
39 53 383 402
125 333 491
8 35 96 257 349 410 572 593 723 863
16 257 365 633
127 772 829
62 70
42 118 955
510 615
14 28 49 123 259 969
1 279
18 144
40 69 119 236 398 493 547 601 691 840
12 83 503
176 372 484
185 312
54 83 88 142 713 765 933
344 508
83 662
153 279
62 429 564
13 61 227 319 586
90 98 598
13 27 80 149 357 526
4 22
133 510 711 885
136 906
310 468
2 64 120 183 647
80 214 246 357 398
57 204 560 735
21 276 413 571
43 102 124 157
9 13 61 80 114 217 277 516 578 961
11 94 235 254 545 641 664 767 898 934
21 553
9 31 141 179 464
350 431 547 607 920
4 28 470
128 292
47 100 334 529 655 745 875
58 103 756
72 128 132 180 405 441 491 524 797
90 573
71 428
5 18
10 140 181 256
121 315
153 604 793
22 400
325 811
83 103 136 186 416 429 579 623 633 706
8 66 104
347 583
657 761
287 965
76 189 234 466 849
433 526 796 916
276 860
12 92 798
327 676
264 338 968
11 14 31 70 86 205 673 961
283 331 423
7 24 58 211 241 345 744 755
36 534
82 275 624 739
1 145
222 551 712 986
18 497
29 38 277 448 601 618 811 937 941
31 180 237 261
40 57 192 471
32 54 134 600 746
22 56 568 614 731 847
131 373 525
41 267 276 844 879 886
1 33 171 475 905
223 287 538 610
4 702 969 979
15 504 533 896
11 17
169 708 835
438 954
60 543
22 99 106
64 219 790 914 923
54 147 614
9 445
41 56 106
17 23
36 105 203 216 738
147 549
36 152 296 300 827
159 308
90 98 108 360 772 799
41 131 226 512 813
14 25 106 143 158 333 336 393 670
7 682
7 122
7 58
41 377 547 832
91 107 182 583 695
12 55 287 505 532
10 43 68 303 396 621 625
51 252
136 230 530 570 729
174 309 765
49 490
4 60 151
11 13 114 976
3 39 152 168 258 520 535
329 420 638
17 64 93 980
12 861
20 130 290 547 602
8 15 365 422 425 482 629 670
18 163
1 2 78 113 133 497
51 217 269 934
41 802
23 27 32 49 149 227 743
28 434
30 289 637 930
2 34 100 132 299 352 443 531 904
14 689 907
63 197 213 419 507 647 790 812 914 974
53 131 227 340 414 485
19 210 371 380
6 23 176 489 700
3 729 864
6 46 495
33 39 103 186 199 232 364 537
47 334
95 304 383 609 646 985
110 138 519 841
170 513
223 604
6 548 821
31 619 636
574 732
39 203 831 885
34 209 301 708 879 931 951
52 156
111 893 993
5 95 243 336 391 411 931 955
10 23 413
105 171 365 747
49 62 123 151 223
27 101 119
728 875
26 115 215 289 414
64 272
28 49 836
40 73 307 470 570 906
22 273 696
70 86 251 270 309 370 488 564 915
379 554
48 56 73 333 450 502
33 163 410 585 598 930
82 588
32 269 427
74 82 178 255 306 445
223 471 909
7 15 22 52 855
197 359 495
73 638
35 504
37 200 338 498
19 206 308
34 120 228 563 794
404 517
17 115 981
134 173 442
131 373 564 869
132 134 640
111 978
18 71
36 308
40 151 812
42 44 45 197 208 214 242 324 540 804
104 409 670
6 33 84 119 385 457 679 752 766 902
130 209 477 656 849
4 112 137 159 232 350 468 526 911
151 793
6 29 44 45 376 401 668 710 886 960
688 990
385 459 898
4 16 19 49 261 362 447 636
37 42 146 494 522 685 766 814
20 140 203 592
25 117 196 255 311 423 558 993
97 394
54 195 503 592
394 498
432 865
179 320 560
1 2 138 240 305 850
37 200 490 766
36 121 160 265 380
9 311 517 887
31 53 125 465
117 417 768
99 400
199 630
6 14 62 135 201 630 709
70 176 252 269 310 435
81 95 144 189 319 386 753
70 339 404 591 642 823
117 414 625
28 42 132 448 850
57 111 156 310 536
20 35
8 15 71 91 105 109 411 473 878
113 178 196 265 451 679
76 984
19 145 147 242 343
4 151
3 248 444 463 824 834
90 510
