111 202 223 375 496
68 156 659
16 58 230
107 891
20 197 620
12 112 182 835
5 113 518 683 899
323 608 787 980
91 540 754
25 291 378 387
14 30 113 394 613
54 158 657 823 920 993
30 77 535 565 829
28 50 68 112 124 144 210
1 62 152 222 286
483 484
21 47 179 335 363 611
247 601
10 391 436
37 39 672 755
243 865
120 763 886 981
106 225
49 512 905
686 882
280 834
2 25 75 146
42 434
86 306 311 487 651
8 32 286 494 730
39 642
14 77 149
11 13 376 615 767 966
61 399
18 471 511
12 236 547
124 131 374 408 517 708 773 798
59 141 991
316 350
15 16 152 421 591 799 939
192 365
128 329 965
34 148 349
37 362 910 912 956
3 113 251 361
47 163 292
186 883
10 685
208 226 418 480 502 764
22 40 249 252
24 54 147 178 911 946
29 134
167 589 609 831
2 17 49 90 132 561
60 68 224 238 315 441 906
6 75 174
252 652
198 371 478
1 36 114 191 520 596 870 896
56 61 266
457 511
45 66
64 99 233 958
116 186 646 655
36 75 212
278 281
150 219 228 283 394 469 879 990
134 267 786
7 203
207 513 734 932
123 144 378
731 873
8 690
152 848
3 232 275 481 565 789
14 51
29 48 209 475 862
12 13
184 570
4 98 589 765
46 90 287
36 294 458 542 596 836
21 116
27 147 310 434 700 735 864 912
10 130 504
140 178
18 508 876
27 108 154 219 672 700
25 146
102 265 608
134 279 644
333 875
99 552
55 91 229 828
9 766
44 97 460 605 803
22 187 291 359 619
570 709 942
521 554
65 99 297 801 857
31 300
12 441
54 505
4 52 265 397 483 793
7 164 358 632
19 64 415
36 49 713
9 21 26 118 438 534
56 473 549
144 166 187 282 607
42 858
103 453 776
20 247 381
293 349
185 950
54 143 658
31 654
28 101 501 531 694 871
159 759
570 709
102 448
29 48 134 253 289
214 295 341 630 673
1 42 218 349 494
13 85 839
2 17 346 488
23 241
11 156 166 168 215
471 888
63 750
4 74 161 218 316 338
70 270
37 39 182 190 818 912
190 356
65 125 224 826
24 161 167 585
30 71 149 173 479
13 57 70 281 325 537 992
22 68
207 361 807
259 828
21 937
65 82 276 428 476 925
19 48 209 267 289 296
240 339 372 498 564 626
62 74 530 663 776
475 663 726
83 322 474 942
42 67 257
103 150
67 161 169 345
37 39
33 107
668 902
53 82 200 217 311 482 618 992
40 252
27 324 909
28 123 187 664
224 297
413 532 800
10 72 344 395 856
22 64 124 406 638
127 824
25 160 175
10 18
30 86
72 526
189 274
169 972
3 24 952
3 51 224 962
74 597
358 653
400 543 763
108 232 358
176 832
100 165 189 302 516 529 722
177 497
90 133 152 179 861 963
45 120 238 401 953
71 108 201 456
164 388
40 62 567
32 43 74 289 300 466 553 571
13 46 70 316 987
19 64 66 75 117 319 749 834
30 149 173
260 346
39 214 723 941
33 265
127 175
131 194 359 860
87 391
32 144 159 344 924
109 388 665
32 227 486
61 266 584
47 363 851
610 967
79 711
100 229 454
348 968
21 118 133 794 821
7 916
486 970 978
328 623
533 667
178 193 384 508 935
23 589
16 196
129 142 241
141 733
78 206
281 311 444
316 327 350
67 331 567
69 576
45 714
92 172 205 307
14 423 735 869
35 220 445 610
66 104 220 431
231 392 443
158 285 742
58 135
91 121 145 436 754
151 224
46 133
74 132 295 625 782
63 103 123 290 561 878
4 268 944
225 449 480 588 600 704
90 335 639
43 358 633
12 236 670 985
373 410
41 305 997
138 806
20 837
9 164 622
1 117 257
10 19 143 258 742
314 347
97 183 841
206 246 527 785
440 547
72 100 159 344 395 630 957
113 195 251 262 372
255 870 929
248 906
22 60 98 151 433
259 424 721
163 197 573 904
20 344
29 627 762
4 67 567
23 425
262 599 876
216 329 499 625 719
49 577
343 450
65 315
709 724
103 521
56 273 280 284 509 617 729
92 115 179 287 696 794 838 850
86 172 669 734
1 48 553
47 179 532 838
36 47 547 796
26 47 140 329 702
62 978
5 56 407 483 780
80 170 621 722
18 193 471 777
11 328
16 320 524 1000
95 728
464 822
20 99
94 212 458 497 771 899 982 985
125 315 732
670 712 959
705 812
6 740 814
573 890 984
220 816 998
13 184 453 514
188 366 449 633 945
23 397 449 917
23 111
62 117
17 809
42 165 434 468
200 522 703 887
14 18 193
4 62 87 208 452 692 904
383 728
45 235 377
6 174 319 946
147 162 492 920
7 102
95 379
81 237 268
4 74 185 345 567 803
88 128
112 338 424
182 556 753
72 143
9 164 203 323 358 680
82 918
54 158 162 259 337 492 660 946
65 98 224 315
67 393 591 825
136 669 721
26 184 973
28 88 112 166 173 448 641
34 284
43 79 467
35 102 816
105 234 243 351
126 636
25 387
3 173
172 516
64 153
86 99 264 275 297 875
37 97 219 673 700 824 852
138 503 619
32 261 337 645 864
130 288
23 375 416 536
27 214 277 885
310 325 473 781 822
429 892
5 984
59 275
32 37 180 723
131 269
632 971
1 246 520
234 724
478 593
260 319
191 959 985
469 536
71 126 173 199 403 499 565 734 789
57 143
206 439
107 462
106 279 343
11 41 57 135 217 853
27 451 476
123 378 503 750
4 36 338
41 88 235 277 278
2 21 90 368
28 290 652
9 119 367 385 420 445 528 793
148 188 240 369 634
33 122 232
572 675 851
111 129 167 533
174 245
160 260
14 107
102 296 380 452 595 727 740 916 976
1 188 495
293 797
6 486
354 775
13 88
16 541
155 975
56 584
134 160 279
137 250 254 357 430
10 847
43 91 340 373
23 191 241
50 124 603
93 204 538 736 793 966 987
92 201 205 237 254
3 613
30 172 988
316 879
6 245 319
60 125
122 569
48 263 289 743
53 192
115 541
64 209
28 603
386 482
337 396
55 914
277 356
255 369 634
16 96 118 168 197 213 287
122 575
4 62 300 820
114 248
372 396 507 609 883
12 19 238 411 441 563
94 411
726 786
190 283
13 93 839
64 72 159 367
15 105 230 427
50 174 222 281
6 260
7 41 82 376 446
136 171 194 282
928 964
582 703
121 145
580 708
1 634
111 142 157 195 416 688 759
8 16 26 439 524 661
17 92 140 179 258 537 562
29 48 214 219 228 253 900
31 51 169
20 73 266 273
154 423
13 57 88 116 609 643
293 332 666 756
182 219 798
6 222 286 468 795
25 33
19 25
6 174
77 274
61 212
89 539
3 172
2 17 175 387 592 906
11 77 207 322 497 770 774
55 338
5 215 379
7 89 341
264 271
41 426
21 74 239 447 480 689 701
73 996
19 58 177
34 606
133 205
12 223
2 37 348 723 845
28 252
27 33 39 283 909
11 23 129 142 227
170 525 649
44 206 427
146 246 387
11 93 181
184 307 843
11 44 82
218 994
20 79
3 107 179 363 802 907
133 139 347 352 563 647 896
76 104 109 772 951
211 443
12 36 114 328 490 959
1 34
138 171 424 624 835
254 519 566
3 535
844 895
54 372
2 17 58 68 272 619 717 963
457 502
57 324
4 77 180 628
51 988
24 392
14 141 170 525 649 747
72 924
216 802
49 155
8 31
367 924
1 31 921
176 309
251 530 568
219 779 852
43 493 964
248 440
27 214 718
195 934
26 89 225 539
94 101 265 500
19 45 75 382 601 805 930
6 211 814
122 250 293 588
130 136 262 288 393
16 20 620
129 589
11 63 82 891
791 792 943
7 14 616
92 213 352 572
240 651 920
8 25 80 81 334 666 758 961
12 212 223 500 581
173 199
1 407
80 597
91 118 121 159 197 225 890
3 30 77
666 915
15 351 606
162 993
259 742
572 808
126 403 857
187 863
35 203 587
230 320
41 183 305
25 873 960
6 47
18 48 80
28 784 968
35 371 397 445 715
17 139 160
7 194 418 998
5 145 437 606 678
7 9 27 190 385 485
15 572
122 301
7 800
104 671
106 220 225 312 715 945
9 106 273 388 712 761 764
158 304
229 686
43 772
291 571
182 274 348
69 462 502 975
31 38 62 227 804 883
126 403 555
155 330 783 905
43 560
91 813
52 58 106 859
5 435
111 917
104 752
5 215 244 982
10 977
271 317 330 507 691
29 415 697
53 154 331 393
147 285 993
84 109 342 604 989
28 166
287 647
44 115 196 314 510
57 217 522 868
43 527
291 385 426 986
46 298
82 200 538
20 244 381
6 222 245 292
43 165
2 58 154 788
292 850
93 342 582 680
15 931
401 943
8 32 80 695 730
125 151
353 539
45 791
6 41
3 59 479
96 155 330 546 783
45 98 491 720 922
143 181
1 11 13 88 148 278
191 202 441 496 519 545 629
53 466 741 941 950
718 784
184 514 965
68 269 710 773
144 187 210
24 116 327 459 585
18 193 557 983
5 10 168
35 52
52 119 343
211 814
32 67 81
27 39 475 788
26 902
1 247
38 53 67 117 268 288 365 690 944
222 270 749 867
24 161
32 42
31 32
352 421
49 79 256
18 59 189 679
30 71
377 729 778
140 178 384 449 856
45 583
207 221 286 407 922
10 193
204 287 851 963
134 209 253 544
39 45 206 277 348 779 885
3 22 408 603 751 853
186 231 285
98 685
193 231 304
163 521 568 683
7 109
16 103 536 568 833
808 872
11 13 376 844 893
201 249 254 301 354 429 579
57 141
69 370
89 306 329 422 534 872
1 148 176 495 684
21 390
20 244 247 364 943
10 95 544
55 489
473 707
50 400
76 154 214
20 114 201 237 381 933
112 269
195 207
38 42 65 80 81 110 165 221 994
9 447 631
232 430 575
14 41 622
33 41 136 183 201 299 888
522 582
42 53 156
36 169 515 595 623
226 265 483 506
53 359
333 417 557
34 42 520
144 640
19 64 120
350 585
2 53 66 139
76 80 104 198 586
34 148 377
11 44 116 128 386 777 812
2 52 633 671 701 710
521 612
32 261 465 487
12 36 504
42 553
47 216
200 217 812
27 356
162 926
80 154 228 257 556 889 941
97 317 907
24 952
49 576
243 510 1000
253 786
56 419 549 584 707 746 751 898
84 204 335 489
7 239
239 470 570 593 653 761 867
3 14 71
143 564
118 233
481 933
108 456
122 237
22 40 210 273 550
196 230 506
364 757 780 827
202 351 548
275 932
104 463
270 376 693
18 317
54 128 716
35 52 226 816
3 411 871
78 84
127 217 705
27 37 362 668
35 48 76 102 343
12 60
343 578
420 452
21 46 47 204 306 396 684 759
47 118 163 204
114 276 581
60 98
43 121 862 923
55 78 84 648
121 373
19 66 834
5 46 153 573
49 69 256 330 511 674 975
98 118
2 135 662
210 252
163 794 889
63 72 395 828
8 38 527
12 940
37 492
124 156 638
81 884
2 25 228 264
23 167 241
33 235 569 712
209 753
21 153 808
889 970
3 682 913 969 991
237 402
162 285 461 607 645 660
7 108 249 332 430 575
67 820
110 139 656 717
64 90 178 563 953
94 199 223 236 442
31 100 233 416 555
146 523
41 63 157 569
1 5 176 215 931
374 378
35 109 366 389 967
37 56
1 6 26 89 350 756 827
266 810
10 16 18 23 76 470 872 919 977
488 592 665
116 342
55 373 489
11 383
41 997
45 120 922
82 140 381 508
41 305 643 693 815
53 192 491 995
94 531
1 4
93 239 242 522 727 784
54 57 70 116 278 529 705 767 987
111 129
198 302 999
2 17 33 160 426
48 900
24 585 842 952
147 170 304 626
3 71 86 173
299 369 406
731 830
164 787 800
57 74 82 278 281 283 642 908
76 109 450
2 58
119 145 210 467 599 754
13 200
8 12 65 224 732 771 929
150 474
140 276 328 336 442 623 840
89 514
77 141 360
5 22 40 85 153 168
157 309 314 355 395 957
29 263 296 974
19 75 382
16 230
68 282 459
33 93 181
2 24 461 823
13 55 602
362 788
26 353
8 236 288 331 447 506 769 979
83 256 518
47 52 204 390 768 861
935 977
171 428 782
12 50 114 163 197 368 413 611 962
25 87 146
110 139
835 897
66 930
87 146 391 523
27 51 199
672 735 955
46 90
299 934
67 245 313 321 513 853 880
4 8 32 628
25 87 127 146 391 564 640
164 371 385 409
83 554 635
311 609
57 128 326 602
26 796 870 899
65 125 476
105 266
4 38 53 147 185 612 750
88 217 736 777
83 843
546 611
8 994
96 223 370 477 711
420 610
18 49 370
44 105 757
60 127
127 175 544 960
10 47 106 162 198 379 448 855
35 168 177 309 437 527
26 89
394 548
26 894
14 18 24
83 113 150 235 833
35 450
52 298 653
33 431 967
52 75 578
379 953
107 398 950
588 595 704 752
1 268
177 304
48 289 415
191 515
217 454 857
15 44 605
2 308
8 38 42 80 85 192 208 257 261 504
20 364
11 128
11 70
6 222 294 409 442
94 95 108 332
730 876
174 749
4 42 117 227 262 286 877
226 469 990
8 31 218 221
2 81 135 139 535
126 168 882
36 579
1 661
147 158
360 694 781 954
515 529 654
128 887
18 95 140
135 598 656
221 692
4 140
14 71 189 264
140 880
49 69 97 790
39 348
34 479 495
755 818 869
4 8 192 208
158 386 509 918 992
44 320 439 996
22 132
843 854
40 591 884
248 531 547 819 980
46 213 307
77 99 360
223 236 294 328
26 353 438
84 467 923
39 230 718 947
9 739 787
149 172 322 689
30 51 189 737
17 881
157 159
64 120 238 280 792 886
482 966
63 83
31 34 207 635 942
136 773
73 464 746 873 898
5 168 176 845
93 231 498
159 345 526
266 362 419
12 303 513 600 616 991
21 26 937
500 771
78 84 180 221 340 648
101 294
92 174 368 821
10 193 341 379 383 436
7 33 426 593 677 815
10 387 744
43 66 75 583 601 981
301 892
516 682 721
184 205 335 769
38 152 399 884
290 309
14 30
24 112 166 282 327 607 842
526 775
20 101 355 399
8 78 257 373
229 555
176 437
59 738
234 338 724
56 61 473 549
525 650
6 740
161 392
101 114 255 336
24 95 118 213
27 283
178 333 557 875
79 158 455 564
15 16 506
91 288 984
9 203
21 22 28 603
54 56 59
326 716
119 250
11 918
28 263 874
53 169 334 797
12 114 121 548
78 84 124 233
41 63 179 398
33 63 107 124 290 462
35 104 109 119 155 551 593 855
5 18 972 995
71 149 494
52 388
63 235
85 435
59 71 264 650 747 954
326 444
530 581 629
40 138
69 96 493 577
364 837
2 31 43 868
4 42 404
240 658
103 406 453 949
107 175
34 38 103 110 250 809
109 540
75 120 238 583
56 61 579 822
131 571 624 710
33 767
17 961
1 148 284 293
10 18 482 847 960
143 177 660
171 400
131 804
177 270 376 505 829 844 948
23 167 218
76 551
177 186 240
98 826
50 68
207 453
10 14 258 303 384 436
17 46 58 135 598 647
618 736 908
1 26
38 185 538 758 825
13 60 82 116 745
234 637
13 57
299 663
85 215 435
145 890
339 403 498 681 926
280 401 714
94 202 442
249 250 430 481
30 51 189 456 932 988
6 12 94 382 440 545
108 232
150 725
6 208
172 318
137 249 915
355 676
214 617 806
119 198 463 588
63 149
45 75 425 608
48 415 827
356 687 779
9 312 470
210 561
30 59
83 305 594 748
113 234 361 770
400 659 897
128 162
56 86 273
54 339 849
76 528
576 907
24 161 198 392
566 596
70 90 180 188
59 77 86 195 536 559 568 631
2 17
14 913
367 805
349 765
8 554
22 40
35 146 242 272 696 706 976
63 235 377
28 130 798
47 413
20 31 100 231 414 681
292 738
9 12 515 542 676
17 308
227 261
259 785
100 454 636 722
83 110 113 296 361 512 961
697 774
71 86 199 459
8 81 152
88 281
38 331
31 180 218 261 491 803
629 896
39 274
28 33 39 107 190 235 305 412 698
24 324
377 677
3 50 51 141 558
129 142
120 720
24 327
36 386
419 778
9 916
15 133
8 117 972
39 46 111 192 874
84 233
681 801
115 157 355 805
317 389 432 743 841 887
244 247
34 180 369
33 815
16 93 104 115 203 311 845 895
70 93 128 326 386
412 499
147 240 337 505
295 747
40 50 408 699 849
5 153
178 297 333 557 919
659 878
15 70 181 604 867
3 59 405 694
89 170
30 86 318 789
336 496 542
9 151 318 706
61 73
3 10 384
95 384
87 127 175 270 414
16 64 347
255 490
65 104 125 151 315 476
566 940
97 460
97 457
8 38
122 182 394 556
229 654
73 143 325 550 810 898
31 40 53 74 154 832
337 498
5 126
62 321 365
433 826
428 649 925
91 145
66 117 300 365 858
20 68 131 136 252 624
27 37
59 163 390 573
55 78 340 410 914
326 329 604
46 292
45 401
109 119 312 418 578 998
464 549 728
249 301
1 34 71 303
97 389 866
21 32 92 205 463 934
63 164 997
36 255
34 756
34 520
53 105 142 167 587 667
28 156 210 374 561 806
99 258 524 541 760 947
25 127 194 451
24 842 911
241 375
7 9 484
697 811
65 87
25 175
228 956
15 16
15 16 865 881 951
19 45 280 382 563 691 791
20 244
126 534 636 882
340 914
26 438 973
141 303 342 479 513 592 725
147 186 304 657 658
30 51
195 469
23 129
499 625
15 105 230 243 351
120 425
14 71
60 65
124 166 357
11 85 176 455
4 10
121 862
103 113 234 474 497
29 253 267 380
49 69 493 866
4 21 602
4 23 433 877
41 143 309 339
6 94 174 211 222 423
74 313
50 124 132 353 408 519
88 417 679
34 495
49 96 155 370 512
7 226 397 819
22 132 136 699
43 153 162 197 215 372 864
33 130 398 569 891
26 341
302 559
21 133 148 179 719 802
248 294
27 37 274 356 443 956
34 108 122 137 745
115 799
4 180 445
760 976
2 145 231
48 134
221 591
55 327
11 582 989
142 848 978
80 468 690 970
201 216 237 254 301 481 532 894
32 221 628 825
95 383 702 888
8 535
646 829
466 797 858
22 138 607 640 669
48 253
2 242 352
95 366
9 73
30 836
203 220 225 447 999
455 461
205 332 402
7 102 312
54 186 259 339 455 626 645
17 488
381 837
22 134 144 187 308 319 359 580
323 528
79 493
27 362
2 256 472
184 216 251
37 909
46 675
131 652 664 895
2 346 488
22 35 50 132 171 517 664 849
11 202
86 275
138 269 291
293 349 364 860
60 65 136 151
24 911
402 478 551 706 764
271 689
59 318 360 431 565
3 86
103 361 683 774 776 949
15 439
417 552 958
28 37 594 807 818 863 971
87 100 126
6 211 269
35 106 586
1 30 51 459 466
3 17 49 212
37 427 885
40 194
78 100 205 229 454
4 258 471 935
9 752
419 464
185 192 465 587
21 216 298 821
137 237 357 627 915
19 50 138
1 73 751
29 900
41 79 188 283
61 325 1000
22 61 73 273
35 148 431
29 644 743
121 590
272 540 727
125 451 762
94 581
4 321
92 532
38 56
83 234 251 518 813 833
155 389
56 61 66 73 930 996
9 47 496 866 917
19 64 707
7 272 671 971
6 36 795
5 169 208 290 434 465
8 15 16 77 165 170 209 261 621
10 31 739
125 893 948
15 226 715
96 256 432 460 674
9 106 503 903
77 622 781
105 477 541 838 902
69 79 96 97 432 507 783 905
11 716 948
44 242 817
13 70
25 112 175 523 580 824
50 131 156 580 638 698
98 151
216 651 725
44 115 314 510 799
18 383 693
575 892
23 167 241 416 533
291 594
190 228
4 758 904
23 36 114 531
503 699
264 405
60 92 374
15 817
22 131
208 227
518 949
15 865
79 115 139 370 674 831
9 418
3 30 199 558 613 737 880 974
676 856
26 562
96 317 477
20 246 983
3 275 558 954
375 650 667
99 282 297
151 433
137 232 429 516 933
126 502
52 371 485 528 903
161 879 921
245 790
12 42 101 411 468
263 763
129 375
188 202
33 183
7 540
92 287
150 854
642 807
51 149 485 558
79 320
69 100 117 303 414 512 928
14 405
11 655
196 206 320 543 817 931
44 637 979
60 262 486
262 741
48 263 279
7 198
38 161 239 257 345
73 185 313
19 45 280 583
213 292
27 556
8 38 81 169 334 820 848
313 365 744
484 766
404 446 504
322 938
279 323 380 428 726 753
6 298
23 111 112 399
26 661
183 398
130 334
17 260 346 480 655 717 859
35 76 102
133 298 484
87 523
14 106 141 149 969
190 955
23 566 981
550 830
40 123 194 860
202 211
7 76 220 265 366 632 766 903
44 115 127 351 427 869
274 366 402
472 964
25 150 474 811
270 839
5 444
149 271
157 344
78 688 696
88 181 703
61 830
29 57 62 156 267 296 380 475
84 410
44 243 347 510
40 146 152 517 587 744
60 76 138 220 450 586 704
170 295 525 782
6 91 145 211 212 795 986
68 112 698
144 424
52 85 435 635 855
3 559 945
271 600
72 354 927
32 37 321 404
92 306 412
135 308
278 446
137 250
529 686
55 84
22 28 59 846 897
19 720
20 246
110 598
8 21 39 165 219 944
32 165 901
101 631
388 420
201 357
62 185
590 599
277 310 324 630 687 755 968
55 78 91
19 120 158 422 500
1 78 84 118 340 421 648
36 94 542 545
172 600
19 54
69 96 472 526
72 354
129 357 745 762
23 101 276
67 176 437
55 91 121 137 599
15 105 574 760
196 979
552 958
7 52 164 215
31 321
505 823
385 551 772
102 228
70 893
2 110
29 289
28 29 40 83 132 136 594 615 780
236 490 501 596
23 550 732
17 73
25 61 68 87 123
2 13 57 93
36 236
6 245
7 52 106 448 608
81 101 218 345 371
242 243
577 790
66 425
354 355 962
194 378
50 804
111 137 614
74 169 180 491 695 748 921
5 678
9 109
13 93 268
325 584 785 810
69 577
157 255 670
122 254 429
43 145 590 908
58 139 160
41 83 150 251 299 322 462
467 604 643
157 191 212 927
154 324 578
133 406 938
29 55 688
68 142 290
12 590 923
16 605
5 832
17 130
44 110 139 422
23 142 463 999
100 414
56 574
132 138 748
451 627
233 410 489
543 951
63 107
13 538 680 868
85 153
5 85 511
64 296
32 465
3 10 67 117 969
46 213 368 487 537
2 307
20 181 407
14 350
74 165 597 612 695 995
28 269
294 409 980
115 605
2 17 160 656 719
24 163 231 390 546
30 78 166 189 682
477 507
332 490 545 940
98 272 586
3 24
54 492 524 657
346 592
20 297
494 621
417 679
306 421 840
380 733
5 874
17 247
25 87
99 333 552
13 16 26 44 606 939 947
58 160 665
5 85
73 101 501 579 729
276 936
544 919
2 562
39 108 137
29 75
314 614 757
46 47 901 937
119 312
6 841
10 18 38 62 227 692 765 983
8 53
22 50 123 132 359 615
12 113 854
34 105
76 226
15 103 116 684 811 938
302 836
111 438 534
27 39 687 910 955
105 206
1 284
307 352 639
263 733
35 347 595 597 701
9 104 225 323
45 601
19 75
58 110 135 598 859
12 15 36 196 242 336 409 819 936
67 313 778
1 452 620
244 553
276 458 713
34 123 284 514
82 444 644 989
191 713 929
22 178 847
170 295 574
19 66
171 571 617
4 300
1 90
13 49 116 440 458 646
29 974
382 792
14 77
112 641 846
5 199 302 360 363 559 737
58 110 422 809
99 801
25 308
1 369
72 614 775
2 662 770
21 51 141 562
29 509
3 166 173 271 318 878
66 367 691 714
6 90
238 886
374 708
396 926
11 60 88
42 130 142 167 533 877
196 936
501 871
27 310
272 478
42 81 152 288 404
4 38 80 393 741
574 731 746
31 102 130
200 248 336 519 796 852
113 195 990
61 485 761
43 233
11 70 181 342 509
134 209 267 470
9 89 973 986
12 114
51 144 171
62 331
54 285
16 89 939
183 677
182 443 673
181 446
79 97 460
40 156 171 846 863
72 159 927 957
363 546
29 223 279 548 840
277 285 310
203 335 537 560 639 685 768
72 155 389
15 16 543
177 530
48 267
10 18 702 913
89 341 353 539 965
390 412 739 768 861
18 258
239 246
108 232 456 555 616 813
31 32 268 423
58 662 881 910
25 135
21 90 197 204 602
5 85 153
3 14 894
18 81 286 295 554
5 24 168 334 618 678 982
21 368 413 487 560 675 850
637 769
187 282 517
65 125
668 925
7 13 57 70 200 901
560 738
51 405
148 183 188 284 330 432
40 123 229 641
46 213
186 461
96 256 831 928
49 55 457 472 576 711
69 95 119 260 508
