24 161 327 392 952
4 43 121 145 331 862 944
122 254 780 892
96 155 432 711 831 866
472 801 850
4 9 10 306 340 514 960 986
790 841
1 11 100 148 293 520
16 351
4 434
20 376
110 260
266 419 584
124 210 270 580 607 638
215 309
13 116 326 482
234 322
255 500 501 566 871
195 406
32 165 221
98 433
358 591 968
144 313 615 732 835
8 37 67 580 823
163 335 962
330 439 507 511 606 674 741 964
3 565
25 117
268 950
69 155
100 117 126 414 882
61 273 751
6 288 468
6 736
8 24 42 81 221 227 611 978
98 315
24 109 135 198 350 857
354 395 805
82 176 200 609
161 911
34 188
11 293
112 118
45 75 563
72 355
29 48
27 71
29 209 279 479 513 586
13 82 538
69 240 657
5 215
54 645
2 105 242 320 593
126 686 785
20 244 246 740
244 629 856
55 78 84 201 301 905
21 219 253 363 487 794
90 115 287 307 390 651 719 768
33 41 148 183 284 290
72 94 201 232 276
3 199 459
423 852
94 163 952
28 530
388 608
59 781 991
296 380
42 73 195 236 256 916
52 420
22 28 124 144 194 517 619
49 797
5 7 174 237 742 891
5 153 168 176 247
101 179 197 255 458 713
64 75 401
5 190 238 720 953 981
10 436
126 555
40 603
672 956
102 211
143 946
19 21 163 197 216 287 307 537 562
243 951
20 116 247 320 407
99 552
20 259 906
38 53 262
358 447
237 826
71 174 302
134 169
5 25 111
7 226
15 35 104 677 752
7 9 359 449 752 945
46 209 267 743
6 222 245 707 795
82 572 918
334 654
19 45 66 75 583 792
76 119 225 448 586
273 550 923
57 70
354 676
121 145 467 599
1 210 728
89 661
123 167 463 873 934
388 903
46 47 90 92 412
30 59 77 264 303 649 836 969 988
19 382
6 268 310 938
160 598
8 26 755 806 825 885 961
50 503 619 849
99 410
6 138 166 187 897
308 656 662
12 531
105 196
35 166
56 61 473 751 810
66 72 92 133 179 298 562
11 60 151 224 451 527
1 12 368 394 674 836
24 335 756
220 528 540 810
14 836
60 552
106 448
58 67 89 97 285
12 545
83 262 521 776
21 937
71 77 173 189 913
116 285 948
53 597 692
46 47 204 287
6 537 969 977
83 108
79 132 317
13 278
113 453 631 839
118 215 352 368 546 675 802
42 71 95 123 127 218 491
16 84 242
10 18
31 67 152 889
143 304 461 645 828
27 37 642
529 555
224 433
1 141
123 698
6 114 547
19 158 243
147 177 240 273 455 823 920
11 13 217 376
66 147 396 492 657
32 152 264
170 295 404 785
181 183 377
91 121 890
16 17 58 206 314 510 931 937
34 83 103 284 293 349 429
3 73 77 273 658 746 822
49 147 258 259 498
32 169
22 806
281 386
16 109 206 420
23 31 747 893
2 346 662 961
127 175
25 452 932 990
40 378
10 36 202 409 496 566 896 936 977
539 973
65 134 373 555
108 200 201 232 254 915
57 116 680
36 191 294 295 747 782 816 870
11 13 70 386 867
36 721
32 820
30 133 535 669 757
269 652
83 322
2 387 623 665
103 150 251
13 88 200 221 326 444 609
339 492
27 182 274 941 968
19 126 349 403 425 681
63 509 887
32 169 393
54 337 564
128 464 964
35 727
45 714
62 127 190 465 989
58 656
90 133 202 233 287 861
82 156 200 278 604 655 845
107 805
174 814
286 300
272 449
51 59
14 21 47
26 48 61 146 271 933
22 68 112
28 40 64 104 132 249 619 692 804
15 105 243 797
45 834
57 716
13 88 602
21 684
153 258 678
16 838 979
23 416 917
482 577
62 138
24 239 480
263 753
107 677
329 534
22 95
8 80 268
16 44 172 230 320 506 917 939 951
64 66 84 233 327 340 489
29 238 246 339
18 384
22 106 763
27 443
41 107 815
55 78 373
83 113 638 770
10 30 156 497 570 578 624
21 90
119 265 521
33 63 426 462
69 322 466
55 182
12 276 871
79 389
126 139 554 612 813
118 963
96 163 179 213 647
49 370 744 907
186 304
95 193 379 702
6 174 245
191 212 409 626 883 985
19 100 654 838
164 231 239 946
1 72 295 650
70 139 197 534
177 231 461 660
227 268
24 842
86 459 535
16 817 976 1000
25 34
146 387 391 523
180 606 957
38 137 825
55 78 127 914
614 673 755
2 727
23 106 119 129 872
580 846 943
26 438
568 769
47 738
23 111
328 629
33 569
17 809
241 589
23 73 381 592
108 481
2 83
40 50 68 171 187
291 359
24 338
13 70 200 342 604 643 646 679 777
88 538 655 777
1 385 552
54 158 173 191 281 285 596 666
55 82 233
7 35 76 448 671
196 288
361 474 521 631 833
3 694 762
8 70 393 628 994
1 188 756
14 16 346 616
185 504
12 434 490 899
27 37 154 283 807 873
122 232
158 883
27 423
14 479
8 587 820 909
105 203 283 477 786 897 1000
766 924
74 141
13 136 297 417 801
19 64 379
221 235 848
540 595
47 205
74 103 261 262 434 573
56 822 830
3 51 86 275 477
15 104 198 385 478 800 971
96 173 230 275 503 790 975
46 92 615 862 963
9 24 366
143 993
158 177 186 259 337 505 912
2 91
43 121
143 285 461 546 926
2 10 110 115 171 542 760
34 349 378
27 807 941
4 257
33 168 350 649 704 784 812 987
85 205 208 279 298
102 608
34 369
1 52 129 349
112 194 359 640 641 750
84 348
18 178 205 392 413 499 739 888
15 115 382
81 185 494
52 168 478 967
197 685 821
4 53 257 466 554 978
82 703 829 844
91 336 566 929
111 142
168 381
174 245
54 64 309 566 713 840
13 395
8 160 970
193 258 383
93 844
380 576 577
95 140 193
16 541
37 348 362 718
56 584
11 15 133 162 377 995
240 389
52 104 109 225
8 103 113 283 700 851
72 157 159 335 759 856 924
68 136 699
134 253 733
8 31 40 43 493 587 754
442 959
13 311
316 879
170 300 374
6 38 234 294 500 760 787
6 20
7 209 289
37 374 594 607 641 729
55 914
7 102 540 551 588 653
19 45
12 114 255 440
32 74
26 54 292
113 195 724 769
279 475 733 916
182 277 910
51 179 218 341 789
28 170 187
56 473 830 898
363 808
88 181 386 396 839 908
93 116 918
79 97 240
1 634
768 794
282 417 679 875
22 28 40 68 171 252 561 763
125 151 216
141 853
16 29 296 414 415 726 974
263 309 437
5 106
370 460 472 511
23 129 199 533
62 108 249 666 892 910
2 9 23 280 426 429 656
170 525 668 893 925
432 457 577 711 922 975
15 115 320
205 216
1 148 165
219 496
33 549
32 165 316 591
112 156 594 603 641 863
170 428 525 590
33 41 776
223 929
187 571
3 172
92 625 725
199 264 613
22 69 79 96 155 432 577
10 18 95 508 983
62 81
50 123 151 212 224 804
18 821
272 888
549 574
133 204 298 368
75 101
4 62 612 690
36 223 399
69 96
203 226 452 701
22 132 144 282
73 996
48 209
25 87 376 387 400 773
78 153 279 296 434 771 822
427 728
10 135 136 140 527 983
183 815
119 243 347 386 817 947
8 111 207 298 469 876
5 783 982
5 85 176 435
1 34
16 44 157 230 524 760
58 281
204 546 684
473 866
17 35 39 40 59 198 691 767 937
77 405
65 354
25 705 716 960 966
209 295 640
65 98 125 223 980
232 305 618 752
94 399 623
276 985
30 37 71 853
2 3 101 107 311 602
11 966
85 168
428 525
3 77 86 789
179 308
483 484 787
500 713
206 939
170 621
33 41 426
440 598
26 50 341 481 517 534
1 342 351 522 626 989
6 104 740 775
44 230 799 865
2 17 422 488 592 682
60 125 151 315 879
24 879 911
6 24 161
39 755
249 332 425
12 36 113 202 223 255 519
189 457
60 476
144 152 230 369 678 951
354 826
184 370 590 682
2 44 51 64 108 229 245 972 984
15 24 611
583 943
43 862
20 246 364 620
34 284 495 520
21 651 962
19 75 601 953
570 663
76 129 343
297 421
41 290
96 457
122 301 575
7 463
52 66
734 781
178 383 702
234 805 957
315 344
69 389
39 153 159 187 302 317 412
158 162
73 92 130
11 57
3 32 77 102 136 690
27 672
57 174 319
18 702 728
48 824
23 111 167
998 999
297 875
246 330 364 620 958
58 126 308 665 882
381 407
8 31 62 221 504 901
63 150 184 299 569 997
25 97
26 278 579 908
184 466 942
184 207
34 905
24 405
14 932
116 989
176 437 832
39 219 227 310 356 779
68 138 603 638
14 30 51 565
57 88 288 767
49 472 502 866
2 422 665
91 375
87 96 330
19 45 64 634
26 89 320 973
55 120 373 410
14 191 372 962
214 322 536 676 709 843
54 259
17 28 109 145 253 569 587 950
8 733 970
251 572 621
2 125 397
49 472 502 907
4 42 130 218
524 1000
36 212 350 367 441 605 906
12 114 248 411 636
42 62 101 300 486 628 896
4 110 185
67 130 991
887 992
50 374
36 796 929
98 224
419 873
126 139 260
79 137 232 249 250 357 511 933
1 34 122 474 510
13 68 86 902 935
21 213 292 537 560 675
35 104 106 226 477 485 588 772 918
29 134 383 415 520
56 73 266 729
4 8 38 86 117 227 597 730 758
70 128 326
16 44 510 518
436 695 919
9 176 222 487 936
17 36 159 614
314 510
58 158 372 492 505 787 859 993
260 662
52 184 536
48 267 355 743 900
14 174
13 482
6 222
6 319 814
295 650 925
52 706
49 97 155 256 317 493 841
20 102 140 435 501 643 731
262 507 576 695 786
266 325 464
51 67
3 31 254 287
97 317 460 790 964
56 273 622
207 635
27 38 297 333 489 557
94 132 156 617 659 819 823 835 878
40 61 132 210 736 860
208 286
48 204 249 353 943
8 117 491 556 945
82 693
469 530 683 854
55 489
4 29 44 269 486 490 768 946
48 263 296
9 35 308 313 772
515 906
518 697
739 802
29 753
355 957
122 237 430 575
31 169
16 27 61 178 233 637 942
73 550
12 36 236 399 515
467 599
57 509
99 557 958
122 237 250 402 575
329 386 446
12 581
243 351 865
195 833
24 233 392 911
53 921
4 157
184 251 304 949
88 926
44 347
19 120 183 189 749
35 371 470 764 967 999
13 19
415 824
198 450
111 129 142 667
146 175
245 795
36 792
15 757 838
60 65 135 224
11 20 381 446 987
54 126 337
121 902
4 80 904
104 114 211 397 445 653
59 172 312 616
14 42 172 271 303 558 559
108 575 892
10 140 257 430 640
18 847
11 13
65 627
271 535
24 30 338
41 150 424
28 40 138 144 424 659 708
280 583 995
27 175 283 718
156 187
47 118 133 205 213 352 573
131 144
167 667 680
92 483
24 350
7 272 312 753
16 285 498
20 73 407 446
16 931
185 223 736
403 454 636
46 118
12 940
23 41
54 147 186 660
49 60 69 97 928
56 166 266 273 464 754
156 229 291 773
211 245
64 508
179 216
8 67 142 365 491 497 543 817 944
190 356 956
126 403 654
76 177 242 339 372 658 724 920 926
29 48 263 279 475
23 68 129 416 667
49 69
36 114 515
25 81 150 255 360
221 261 300 313
109 343 418
107 143 235 305 505
90 121 685
10 26 89 353 539
5 153 276
15 44
170 782 925
3 264 622
109 452
46 216 647 668
22 88 411 793
5 173 437 913
22 112 124 128 664
111 129
52 101 226 265 274 358 385 715
11 88 93 812
207 833
91 153 267 324 347 690
5 220 309 632
10 207 366 613
55 688
11 65 117 192 604
7 35
48 900
64 66 120 238 280 691 714 791 930
114 490 548 623 870 896 980
726 974
509 538 867
73 584
2 58
213 225
136 171 400
151 374 433 627
78 410
239 307 352
195 811
113 554
365 889
23 142
53 169
61 89 329
513 616
54 785
103 184 406 518 521 938
102 120 761
39 265 779
5 107 205 215 336 474 570
95 383 544 935
4 81 746
31 365 502 765 890
40 123
589 917
9 220
53 81 345 484 904
10 12 294
17 90 139 278 306 420
115 196 242
25 127
173 405
56 845
57 118 125 226 379 401 448 907
108 137 250
125 476
11 829
24 327 363 718
84 227 373 396
26 89
93 380 808
22 68 166 210 269 750 976
237 315
263 397 470 671
8 38 80 167 262 268 310 651
237 254 813
206 757
382 563
113 568
45 280 981
4 80 117 165 218 321 345 494 877
111 533 610
47 390 562
14 954
103 453 547 774
3 5 25 74 146 523 610
1 741
2 16 39 44 87 127 377
31 901
4 29 467 984
46 881
252 269
16 115 230 799 931
13 211 331
144 178 487 544 558 725
29 263 267
94 442
166 359
35 343 712
15 257
32 80
20 364
149 172
51 171
140 141 199 258 513 689 749
43 91 145 467 984
123 192 664 863
26 30 357 459 516 607 954
79 456
69 389 674
21 306
65 98 548
9 23 241 480 706 945
181 767
325 419 584 778
305 462
131 252 517 708
4 42
370 783
35 522
22 28 136
130 413
32 46 118 298
271 277 991
7 312 452
15 46 197 214 390 532 537 751 856
499 794
131 603
138 269 454 458 686
41 110
571 721
132 652
17 40 111 229 589 799
18 178 471
23 76 225 375
37 228 443 700
5 49 85 457 637
1 180
3 444 737
202 542
102 109 372 568 793
101 441
247 780
24 77 516 585
68 359
49 256 512
2 105 368 573 861
2 135
25 382 792 886 895
112 136 269
253 289
18 350 442 551
12 101 294 547 581 980
8 100 194 454
65 101 344
400 831
3 20 67 268 486 597
21 33 204 292
104 388 445
110 139 308 361 691 714 717 881
248 870
53 78
6 13 41 63 319 362
541 592 979
169 286
258 379
538 693 992
38 102 445
451 476
14 30
567 597
76 164 345 528 600 633 696
65 196 314
30 59 251
18 95 193 379 508 710 847
156 252
11 57 88 128 618 680 693
278 405 988
1 504
23 307
30 128
161 392
27 283
212 531 542 819 871
62 361
42 80 803
59 65 745
116 705
11 48 80 93 128 217 414 529
31 42 67 820
15 72 105 220 371 484 551 764
1 21 112 378 773
3 14 559
69 137 545
120 908
1 417
85 435
188 420 982
5 72
152 286
216 260 319 338 869
12 51 94 294 328
13 82 88
91 167
391 523
52 104 106
47 92 368 725
41 67 83 170 234 297 514 530
17 58
154 214 324 788 910 912
17 961
83 166 181 228 854
138 561
8 121 334 486 599
6 157 196 198 367 455 749
9 226
56 61 650 731 746 778
25 127 157 277 685
214 324 410
82 137 299
235 495 891
6 51 222
54 70 181 337
7 93 99 116 323 346 528 731 958
5 56 61 73 146 550 574 678
2 17 411 598
37 182 219 228 549 556 604 770
87 127
55 145
2 14 60 62 100 137 323
9 208 484 903 998
42 190 869
256 831
26 89 341 438
317 389
45 930
3 30 34 543 605
94 132 644 677 878
75 373 398
14 71 173 581
9 225 415
100 229
63 462 891
33 63 217 305 325
924 967
15 44 351 439
46 47 179 872
64 238
79 975
78 122 147 165 357 455 947
251 568 635
9 94 276 458 509
52 109 203 480 653 704 761 800
590 599 890
65 151 225 239 339 372 451
84 340
50 68 138 282 594
157 676 927
31 32 38 42 300 331 567 978
3 14 199 479 880
625 894
81 140 196 427 766
22 40
4 101 193 488 493 557 738 783 841
36 255 441 771
228 356 362 565
108 137 357
332 402 481 852
67 180 208 343 884
233 338
107 162 398 815
9 27 109 358
25 45 311 750 829 868 895
17 90 321 966
143 339
124 210 708
7 102 119 164 210 272 366 494
229 488
388 935
15 148 222 301
239 431
82 281 440
81 803 921
294 771 959
78 84 340 489 932
21 108 301 429 456
36 336 542 670
27 394
15 110 543
47 111 142
57 270
172 734
369 495 827
10 630
8 188
47 495
548 670
99 173 302 913
4 7 9 35 449
11 508
375 569
22 103 195
19 85 124 384 459 722
12 310 394 687 735 784 968
274 956
29 149
150 990
290 398
1 148 188
58 135 592
519 547
42 274 288 972
5 153
119 158 272 323 485 595 701
47 213
172 682 789
262 336
1 34 58 284 297 679
240 455
48 161 585 952
438 973
15 246 543
99 499 557
17 135
323 371
5 114 199 203 291 506 617 626
150 234 266 290 633
27 39 348 562
163 216
39 182 673 723 955
61 661 894
7 76
117 208 393 553 765
10 32 63 71 299
341 534 996
31 50 110 458
195 401 474 554 556 709 735 788 818
483 855
742 828
72 159
36 355
439 531
60 576 732 762
93 128 582 777 868
2 260
77 141
3 59 189 360
10 24
57 128 217 270 444 703
24 155 303
17 99 333 704
106 214 699
80 87 994
89 265
244 898
71 79 86 360 387 880
18 178
96 370 413 512
87 624 959
332 915
26 353 965
70 281 948
54 337
54 194 291 798
213 483
46 65 105 120 585 613 851 874
412 639
45 66 75 425
113 643
25 175 745 802
34 68 84 758 796 798
1 875
241 375
11 34 161 445 447 544 724
69 122 201 429 456 671 813
25 175
75 238 425 720 886
20 244
366 633 793 855
60 76 451
23 38 64 66 75 120 185 922
10 471
64 886
10 888
10 18 140 258 842 977
20 244 837
39 869
132 166 408 806
38 884
94 236
18 132 296 533
32 39 315
10 780
28 131
106 120
71 954
26 109 965
39 700
92 306
15 105
28 40 194 291 424
27 277
29 48 267 380 431 644
18 41
159 236 344 775
573 872
15 159 196
151 476
363 487 839 851
5 28 744
32 92 326 609 987
227 286
51 303
33 155 369 756
8 9 214 362 642
849 897
8 31 74 321 628 797 992
97 330
192 848
31 42 858 950
147 742
26 341
10 217 406
223 501 519 545
171 558 846
2 17 139 160 260 717
20 21
580 863
440 621
593 610
133 352
48 134
21 163 412
11 93 200 342 812
354 860 899
3 29 48
29 134 209 974
24 38 74 478 505 563 947
17 146
53 225
19 716
419 549 602 625 810
43 91
167 241
270 602
89 157 193 395 438
34 133 188 293 819
46 47 112 163 335
8 80 227 416
85 310
25 35 87
6 62 384 591 876 944
83 113 299 362 683 934
2 289 644
137 201
59 219 252 867
152 178 353
14 53 318 479 661
31 56 61 579 778
28 156 561
110 881
37 85 348 807
285 645 657
33 63
50 136 374 503
59 71 275 513 540 559 560 606 737
27 35 220 418
50 60 766
2 92 179 306 391 413 421 560
198 470
94 248
13 103 928
164 357
3 86
30 71 172 199
52 123 149 252
87 88 220 385 824
220 250
40 50
112 624
81 143 371
720 922
21 90 335 532
39 103 404
6 19 33 59 148 377 843
27 443 784 909
37 556
355 775
57 181 949
162 461 564
231 240 527 660 828 883
131 253 283 615 744
56 707
17 139 859
4 321
289 696
31 117 180 331 334 468
162 527
26 47 791 970
128 181
74 288 904
23 98 110 135 589
423 723
2 12 63 587 921
14 779
4 62 261
142 342 365 465 634 726
72 159 344
20 100
4 591
7 608 748
9 663
17 154 738
40 730 804
18 95
4 74 468 553
207 453 683 688 938
61 77 87 215 318 473
514 811
7 212 236 490
197 850
5 9 34
74 367 526 759 927
31 441 501 825 858
15 334
293 827
78 914
70 364
53 889
20 247 364
361 635
291 594
113 192 211 345 832
6 13 70 177 206 433 570 919
28 136
1 43 121 994
4 53
92 352 611 719
33 887
194 428
22 131
39 526
18 19 280
9 418
21 69 161 316 327 762
60 299 697
21 23 205 850 861 963
25 127 960
58 164 250 301 916
29 209 279 475
26 171 192
11 28 185 698
163 275 390 526 723 927
190 274
49 328 581
6 41 222 675
14 59 600 740
32 61 74 131 180 325 334 494
313 504
328 465 899
25 86 318 360
382 456 471 518 639
18 19 43 605 669
3 86 141 302 571 694
39 40 173 376 574 719 818 877 983
265 485 586 761
13 37 139 228 468 630 672
1 21 827
108 137
37 402
3 737
63 142 377
710 835
3 138 669
248 687
33 51 149 235 390 398 524
49 79 155 256
21 133
232 250 915
168 874
42 404
64 673
292 546 808
7 795
22 571 617 748
153 168 309 832
219 228 277 324
25 175 523
430 481
135 160
9 26 329 353
20 46 764
11 609
52 632 986
52 239 312 593 971
84 552
5 146 218
189 303
325 416
83 272 447 551 593
65 606 814
120 834
371 431
4 333 407 748
166 652
77 349 387 525
62 130 152 257 564 612
6 422
215 874
10 316 471 670
158 864
6 177
90 154 394 423 642 687 941 982
115 439
43 145
7 52
20 246 427
453 637 934
102 232 595
85 176
477 493 512
91 923
450 923
2 58 146
39 190 277 356 990
234 247 469 763
22 123 664
44 76 159 203 526 544 608
9 20 203 312 578 586 588 681 706
98 224 732
45 79 155 241 286 519
98 125
149 622 880
41 198 485
55 84
148 369
138 578 816
30 51 318 424 600
5 707 830 898
41 235
43 118
2 101
30 141
3 30
35 469 663 801 811
130 696
46 533 572
123 798 849 860
1 34 207 234 265 497 942
14 559
66 563
491 877
124 171 194 210 282 408 511 721
15 44 400 408 427 605
119 226 470
29 134 253 289 292 743 786 900
28 29 289
134 997
110 397 492 498 864
78 96 186 528
428 782
12 36 191 236 322 496
89 248 421 539 965
93 124 142 443 517
93 342 376 482 703 705
51 71
114 201 237 496 666
18 95 178 328 384
32 499
26 506
8 80 192 876 995
229 529 555 636 686 722 882
202 936
8 62
91 754
259 274
35 54 104 106 595
12 276 442 840
58 139 160
332 402
278 655
97 507
22 118 204
130 848 901
21 204 307 363 532
56 574
14 44 576
53 261
26 162 177 658
48 296 712
63 107
164 203 986
316 585
9 140 520
244 579
36 60 346 436
249 254 340 430
406 530 843
72 157
1 217
202 212
89 160 809
267 380
60 98 125 745
11 12 37 56 190 219 632 818 919
150 769 949
16 939
66 75 131 601 834
292 572
27 129 221 391 596 864 993
7 35 57 288
168 176 435
37 154 182 223 630
161 327
38 165 185 218
15 16 44 45 189 206 979
90 421
5 85
22 270 816
16 43 117 659
129 142 167
78 293 515 821 837
38 81
2 859
23 116 124 143 343 648 739
45 80 98 202 261 431 774
7 46 76 385
55 84 648
74 242
121 145 475
6 61
33 34 148 290
3 5 149 189 302 360 694 903
31 38 42 130 165 169
30 275 734
22 28 50 131 144 282 324 699
45 76 87 115 313 498 512 516 607
13 247 271 282 503 620
134 147 162 177 259 395
49 100 222 229 256 432 437 905 928
23 37 241 532
251 514 649
11 93 186 311 444 446 450 582 895
383 847
10 18 19 49 66 75 601
388 478 855
47 53 90 231 381 561 715 770
73 99 464
45 601
114 531
72 97 333 344 614 759
333 417
83 361 536
43 73 550 579
5 160 176 460 598
12 233 411 629 648
145 154 684 999
28 43 378 710
2 497
68 112 541
37 348
1 188 689
1 180 284 463
3 51 135 271 535 809
149 567 781
12 160 248
50 846
72 119 211 367 422
3 200 217 281 522 618 646 845
3 14 63 197 275 318 969 988
87 114 191 399 596 940
32 74 972
9 164 358 366 463 588 998
183 230
7 76 85 169 971
53 152 165 208 218 758 953
465 502
270 311 646 868
55 57 78 688 893 948
125 236 627 729
162 186 304
332 933
33 63 154 183 305 426
106 323
1 9 35
59 254 837
261 264 853
103 709 774 776 854
7 215
231 304 564 878
33 201 826
54 578 920
280 401 981
409 701 976
38 43 55 82 96 116 414 717
418 715 727
2 146 346 488
175 788
124 187 378
17 174 211 582
12 42 99 119 164 183 284 695 858
536 631
41 143 396 997
338 842
191 365 596
19 238
75 329 772
20 181 560
182 852
49 735
16 105 287 347
6 765 955
10 140
41 150 462 697
19 583 955
39 122
7 70 235 480 865 912
840 940
4 38 567
94 985
31 152 180 331 345 803 884
115 149 243 347 524
44 522
77 86 149 516 600
12 212 295 409 548 668
553 730
100 403 454 681 722
30 43 91 145 314 590
147 231 796
100 107 529 857
147 186 231
115 144 539
70 582 698
18 193 384 436
29 213 639 647 894
67 81 130 741
67 151 192 321
447 449
141 689
206 314
7 450
747 902
66 224 330 791
180 326 553 692
4 32 208 257 466
266 996
23 167 375
79 97
28 264
148 857
1 885 930
11 50
154 214 356
235 290
460 507 711
242 393
95 107
50 99
228 885
30 77 86 558 565 800
351 506
36 141
25 175 408
17 404 844
336 500 545
105 367 541 712
319 909
