365 556 832
91 345 595 1000
134 445
58 90 92
8 24 61 70 78 83 170 210
75 708
11 170 296
102 221
28 81 84 252 347
14 30 74 217 479
151 640
5 20 106 643 679
35 43 205 539 634 717
6 11 37 185 190 281 301 750 919
173 395
129 287 340
3 25 70 122 368 606 829
149 195
14 38 585
66 473
153 965
57 386
1 58
12 40 200 223
29 783 846
44 628
32 594 610 738 815
24 51 100 761
5 181
19 88 577 589 774 977
339 547
42 76 243 247 328 487 521
188 311
26 43
225 982
165 617
36 79 569
105 456
21 699
94 178
101 120 305 323
311 392
23 81 118
35 374 470
397 559
14 349
27 53 133 156 161 242 394 830
252 348 490 786
111 714
25 64 106 208 239 497 572 945 954
136 311 407 490
59 921
237 289
96 131 482
56 136
31 577
104 250 868
3 475
81 171 672
182 285 674 976
110 453 482 1000
29 51 124 242 567 926 938
20 994
3 45 60 501
160 626
43 168
16 55 142 499 633
4 47
83 183 252 480 636
17 445
20 579
264 925
66 81
63 777
10 46
31 569
36 68 668
370 376 450 618 682 782
121 391 415 421 877
11 23
6 23 62
55 339
230 543
5 161 460 487
34 79 266 485
100 106 177 264 358 744 914
476 716 891
31 65 105 277 473 624 823
55 468
167 769 943
154 876 916
3 337
3 275
245 810
251 678
280 311
12 441
23 261
62 682
25 46 497 499 535
735 908
69 388
146 495
30 36 47 64 89 133 206 250
22 73
1 67
12 190 221 239 687
35 166 167 494 596 867
17 40 155
59 268
296 871
213 387 526 746
53 140 313 396 435 497 517
225 663
62 110 488 507 636
304 818
1 168
45 336 616
2 65 170 362 392 638
69 184
149 223 249 320 607 789 844 895
17 191
17 661
302 609
36 89
21 317 512
12 209
4 336
1 75
19 33 51 135 244 257 315 541
11 31 60 83 91 204 240 325
1 58 67
28 176 207 270 840 997
156 557
116 126 427 521 721
93 132 792
552 619 788 837 897
210 278 307 389 532 585 926
24 63 621 969
6 23 138 270 358 961
7 394
7 106 127 166 433 463 523
152 238 781 973
77 239
342 489 584 799
9 143 796 881 889
147 307
13 66 151
18 226 331 576
130 324
662 795
15 19 237
3 45 337 856
12 334
578 923
23 37 385
116 184 350
86 236
7 350 412 556 684 793
15 24 969
24 200
412 430 563
140 143 627 849
72 437 484
123 458 996
9 99 566
57 69 116 386 596 613
157 291 510
28 65 150 227 277 552 564 746
64 389
369 558
1 37 112 148
255 711 929
246 499
78 131 232 653 993
186 528
3 33 59 109 116 332
420 917
22 54 86
260 346
7 290
74 965
6 11 32 46
165 719 861 910
6 15 237 680
12 435 960
55 71 145 175 298 313 436
41 71 112 181 847
15 38 82 272 279 615
282 523 898
18 768
4 794
140 677
58 102 631
19 151
40 49 85 114 761
6 30 41 152 369 842 860 875 997
30 36 357 873
4 97 168 934
17 172 182 306
23 77 962
57 282 596
44 434
12 22 501
498 859
191 333
164 177 286 346 419
22 113 193 854
25 971
22 133 758
7 34 229 426 592 703 754
411 764
41 49
38 101
3 104
49 87 125 151 196 963
48 108 858
9 117 303 402 955
225 303
41 49 109 153 176
21 223
39 92 418 452 752
37 138 590 608 952
561 724
75 174 357 520 597 838
112 196
418 689
90 348 541 778 867
20 93 111 250
181 273
58 186 519 528 694 834 979
26 54 373
5 271
281 622 741 821
95 134 208 247 416 509 748 775
220 614 873
26 204 715
784 966
15 88 289 304 755 977
13 24 156 416 577 918
65 562
26 86 240 711 879
297 541 712 925
539 714
20 379 634
97 184
795 889
134 516
84 436 565
13 18 897
54 450
45 856
20 29 245 275
29 451 822
73 122
61 63 103 749
15 509
26 52 120 154 193 847 951 976
29 302 491
64 206 689
159 325 385 697
410 579 679 830
101 465
35 700
23 446
70 209 811
21 90
5 29 35 168 245 553 667 869
34 537
100 135 214 688
143 404 433 505 802
101 264
34 60 492
33 51 83 88 100 135 276 581 803
14 44 99 476 620
70 125 156 529
36 133 160 212 254 312 459 762 767
92 865
192 402 408
58 519
46 68 448 530 770
50 899
60 131 285
105 450
61 525
107 310 327
42 169 796 808
1 40 58 528
4 13 24 59 107 399 584
2 10 48 274 364 428 512 517
81 158 220
51 828
238 341
89 345
120 180
200 464
26 105 179 246 420
153 157 280
53 334 427 845
119 137 251 801 883
44 350 582 604 857 995
51 937
6 690
13 276 355 472 531
36 68 74 89 133 278 919
101 381
98 109 176 298 605 840 957
5 20 35 255 302
23 34 105 178 184
215 440
319 882 935
44 733
71 234 641 893
173 418 664 740 915
19 137 167
35 696
12 39 379
14 142 151 267 413 640
49 816
96 210
61 103
6 23 163 222 284
104 196 737 936
85 229 530
34 115 860
3 77 349
178 698
3 6 102 307
8 98 312 720 953
19 41
130 301 616 871 988
300 326 900
437 549
4 64 106 127 175 197 251 342
55 85 87 99 861
226 291 382
4 853
488 827
47 705
456 760
531 953
128 297
42 629
52 940 947 972
405 478
89 162 623 660 824
2 219 449 956
16 718
325 506 759
8 48 56 62 163 270
52 534
164 943
8 518
644 785
10 32 244 273
13 27
6 17 411 504
21 25 248 931
70 74 203 907
32 275
96 103 908
367 925
62 83 90 93 172 376 475
59 213 870 991
114 123
28 31 44 65 140 936 964
69 566
35 210 323 328 986
64 849
2 137 151 301 316 790
27 535 628 976
144 467 686
7 144 167 951
241 306 469 717 749 876 960
802 804
381 763
132 187
97 282 751
22 647
7 790
170 630
747 788
98 104
704 981
24 969
37 332 474
114 457 870 921
26 370 513 514 662
34 881
1 58 186 449
66 287
22 562
222 394
124 128
51 80 170 393 398 922
60 131 232 285 333 482
79 166
59 70 787
27 939
198 275 372 744
9 52 82 117
66 128 615
46 126
321 395
140 173 502 614 865 922
65 94 148 150 158 363 502 864
435 620
18 29 158 180 681
54 98 112 291 520 722 1000
7 325 399 483 569 851
13 985
153 250 256
262 343 415
58 171
100 134
198 554 983
344 715
17 39 64 242
205 575
30 150 189 224
46 103 299 433 527
36 51 166 327 745 802 811
68 177 419
229 561
4 661
102 396
258 597
39 101 305 669
702 771
10 40 142
5 53 759
24 61 96 792
607 782
294 388
6 39 100 275 287 301 347
90 682
40 86 233 283 882
147 378
290 637
372 707
11 19 47 150
1 76 310
85 286
9 94 108 259 308
21 208 335 389 714 807 836
78 182 293
197 366 532 657
74 254 299
59 75 84
5 35 68 282 386 390 425 717 830
2 168 307 312 484
89 133 229 351
13 50
119 154 595 826 858
2 5 388 402
75 115 142 253 263 269 424 806
3 176 355 363 425 497 579 975 998
20 211
53 130
3 17 54 237
162 660
108 190 914
180 439 478 820
173 959
22 113 506 514 554 732 954
7 91 155 367 373 586 676
157 292
42 310
54 112 190 200 313 387 520 765
49 104 151
31 44 107 381 732
27 77
14 202 708 900
173 314
86 390
29 97
93 494
51 113 276 710
13 66 345 529 971
98 175 871
1 14 36 76 107 158
177 374 387
72 161 247 489 987
70 156 300 543 557
32 95 155 230 362 886
3 45 349 378 742
52 442 447 691 720
5 75 345 436 701
16 893
57 142 423 894
45 82 117 357 432 998
9 21 533 551 813
20 242 548
297 447 764
14 33 45 203 214 232 460
73 146
64 99 233 972
131 230
10 15 46
87 265 994
41 114 418
8 116 208 239 377
55 71
5 335 779
4 44 867
7 19
13 34 38 50 171 543 803
1 18 27 52 149 432
52 940
33 90 353 494 974
84 220 338 536 537
78 188 207
22 822
14 344 817
124 454
52 75
23 99 126 144 156 220 820
19 534 586
90 422 625 907
18 32 54 62 247 278 384 599
162 412
78 84 352
21 86 526
59 132 174 778
153 155
40 135 138 510 780
62 88 110 422 779
119 129
25 316 484 557 633 755 903
7 19 32 137 415 417 507 538 798
1 58 407
24 46 63 132 187 990
9 304
588 632 754
66 696 905
34 220
38 299
128 967
77 264 601
274 452 665 913
177 346
79 260 672 983
29 56 72 138 185 249 393
9 217
31 94 108 118 389 562 917
75 238 283
729 848
1 67 664 892
49 195
258 548 965
122 367 852
182 333
23 37
41 54 147 605 731
13 755
25 234
2 438 693 856
25 118 154 472
31 99 179 221 456 580 736
163 471 504 550 651
8 69 194 518 749
129 308 315 455 644 889
39 101 783
183 727
233 277
217 735
22 26
113 588
9 528 583 804
26 332 401 921 935
22 26 122 131 687
43 119 178 197 219 290 310 322 378
2 199 292
222 825
228 262
3 15 101 111
8 330 439
9 619 833
130 547 909
33 100 135 219 318 426
103 132
28 148 233 663
65 83 120 496 773
887 949
45 164 237 449
61 86 125 134 407 689
21 86 201 705 927
63 121 136 546 580 593 968
319 493 688
4 153 571
85 201 479 681
26 55 273 413 442 547
8 192 334 481 536 723
8 330 527 863
30 419 463
15 132 688
51 100 721
346 617 728 832
17 326
41 60 71 109 149 368 781 862 876
34 65 118 150 178 211 463 648 786
13 165
9 442 896
54 63 423 989
59 162 192 268 978
59 75 192 251 268
573 704
120 481
51 77 101 191 272 693 894
472 763
50 564
230 293
53 618
44 81 185 217 246 314
43 668 934
95 453
24 36 68 128 229 273 632 912
15 130
108 540
84 383
223 286
114 180 458 516 996
52 84
16 157 390 405 574 747 963 980 984
374 762 772
15 339
9 85
63 90 96
63 103 395
283 287 455 613
2 41 112 149 238
115 269 341 930
55 358 508 793
30 133
429 498
113 370
7 8 40 57 574 629 656 659
58 958
60 78 88 93 329 451 494
92 466
14 434
478 540
28 118 158 220 233 363
7 215 309 391 417 503 805
203 461
206 236 269 508 670 850
81 158 178 233 845 916
26 696 767 829
42 459 649 695 722 773
11 37 91 159 358 375
24 210
92 649
8 52 82 117 225 551 710 833
395 423 652
18 40 49 71 183
41 47
102 111 342 500
50 239 337 436
296 429 973
53 278 756
112 361 750
17 730
144 646
14 44 545 733
30 160 258 286 366 548 598 724
118 148 524
124 317 869
19 79 309 565 639
15 29 35 741
95 202 477
42 89 125 267 808
13 811
354 588 936
50 99 246 486
68 360 500
5 8 110
56 214 585 816
4 11 43 139 442
43 56 104 360 602 737
29 35
849 853
5 15 35 82 289 491 771 905 957
1 66 129
99 670
60 285 546
1 62 83 96 102 224 288 372
189 403
8 180
77 730
16 115 235 467 578 683
34 82 211 218 310 891
31 42 179 485 552 719 743 917
122 482
6 16 225 491 512 832
164 622
11 74 422 702
21 45 93 179 983
2 153 159 207 547 784
86 892
5 43 435
12 14 20 102 140
45 257
222 261 474 604
72 92 175
67 169
10 25 522
5 302 529
24 94
56 98 354
89 686
87 999
116 138 185 451 812
11 185 451 961
12 544
77 79
3 45 371
205 731
322 607
526 535
41 90 488 612
10 274 329
29 37 245 952
15 25 72 98 143 256 386 542
25 33 43 53 105 387 555 939
2 254 298 757
84 221 269 329 396 433 545 627
12 111
26 288
72 182 316 948
117 303 955
7 885 946
13 50 74 234 309 549 730 937
328 850
35 42 80 431
47 298 805
41 170 243 509 673 807 946
108 164 286
167 538
23 37 375 818 821
91 176
162 231 303
129 398 707 733 973
12 18 37 121 144 691
28 34 84 94 167 227 401
147 228 449 722 814
2 104 250 385 603 868
22 34 94 252 426
3 205
33 92 257 315 880
1 11 21 228
118 357 870
152 353 623
169 181 248
4 218 961
3 20 67 193 742
36 101 659
30 395 444 476 632 639 864
38 39 265 679
43 260 466
109 120 139 344
103 122 160 294
14 23
138 712
22 32 193 288 998
5 20 35 43 255 630 890 926
9 29 245
34 591 614 827
16 41
22 86 120 136 276 351 380
13 72 941
270 948
55 78 109 197 255 256 339
173 964
16 67 305 467 474 498 776 959
21 63 78 93 169 263 417 546 809
304 511 634 685 843
4 93 112
18 58 388 756
31 33 66 300
114 364 635
47 728
196 262 709 909
18 34 184
20 27 202 382
28 65
74 89 278 470 700 949
29 96 533 777
62 102 159
243 654
6 11
34 118 141 962
30 112 256 470
244 335
55 91
17 993
108 903
1 445
38 439 812 913
33 447
28 81 150 490 718 734 937
83 397
18 107
227 823
227 420
39 48 56 65 680
44 855
48 125 136 445
2 67 109 113 236 271 391 568 655
67 339 409 967
154 190
220 565
83 88 372 393 655 839
145 258 315 411 500 991
16 570 615 761 981
56 125 136
84 860
23 212 240 430
19 745
281 587 942
114 458
308 356 645
41 219 238 307 600 789 984
7 295
28 94 98 338 457
25 397
238 321 939
15 495
444 492
99 306 456
47 174 340 738
531 799
13 239
19 121 137 506 586 791 843 851
9 65 693 872 905 911 946
44 901
4 58 86 336 343
106 404 673
6 33 68 85 141 230 612
11 94
240 660
126 266 335 747 807 923
145 424 572
106 157 544
69 350
294 354 924
9 110 197
534 805
69 264 372 496
76 310 383 475
162 223 430 978
21 22 330 426 571
124 283 455 757
7 10 56 838
124 168
48 134 136 279
10 95 273
17 73 141
351 374
47 68
62 213
48 241
22 204
85 215 606 737 762 909
53 54 98 505
70 719
61 221 798 931
200 279
82 941
695 812 850 956
26 57 104 265 405
29 992
5 31 810
267 605
96 210 247 359 515
400 546
32 103 231 978
25 139 249
13 804 862
190 334 404
410 425
10 32 126 511 738
7 19 21 79 290 373 417 651
403 648
4 33 51 80 214
105 156 473 743
37 163 222 371
109 145
299 306
890 896
46 126 886
24 61
9 117
33 128 170 411 457 852 981
17 60 68 73 78 297 655 797 956
1 25 273 593 786
12 53 208 834
4 65 71 152 188 353 517 748
3 400
39 191 272 398 894
28 34 84 591
305 323 367
159 206 352 481 627
140 701
25 32 74 202 218 243 397 918
191 398 465 797
12 300
10 115 198 398
25 580
44 326 380 438 817 855
4 17 194 336 364
68 89 259
102 140 352
15 27 496
123 187
123 647
8 109 224 757 760
9 280 324
44 105 479
113 526
666 859
43 242 274 405 448 471 913
13 506
768 846
199 589
78 825
2 130 551
27 703
2 33 80
291 685
16 55 759
91 307 600
14 120 412 623
201 640
40 361 480
39 637 677 797
81 171 463
55 454
408 888
123 725 991
306 476
17 62
205 575 985
218 368
146 466
9 47 74
45 337
16 115 183
54 217 296
88 195 329 333 404 684 753 883
42 76 327 427
251 532 884
64 111
72 92 161 460
22 38 879 928
91 145 740
96 161 671 875
28 331
27 203
91 219 573 592 842
147 760
8 397 723 914
37 59 332 683
27 97 203
38 446 823
20 114 141 195 359 598 880
1 20 48
30 365
775 838
295 464 694
38 165 299 486
3 29 45 337
56 285 608
26 86 129 704
20 424
14 521 901
39 43 61 103 381 439 671
186 958
21 114 317
110 422
7 21 26 311 324 553 694 736 766
19 295 394 464
204 236 754 822
48 56
130 262 986
92 132 315 899
16 235 584 944 999
413 676
77 272 511
50 51 80 93 113 202 208 218 250
107 183
234 279
52 227 370 461
10 64 82 338 344
131 139 447
30 366
489 567
11 57 257 461 469 650 806
49 219 256 354 709 731
87 566 631
133 201 705 776
218 243 530
103 570
8 44 159
229 380
68 180
70 726
16 131 152 284 328
232 601
92 312
11 87 94
165 355 371
59 625 900
19 69 90 174 253 290 313 318 320
785 835
365 877
48 280
3 575
30 448
11 95 102 272 369 501 658 739
8 18 514
210 368 522 874
591 901
32 923
33 128 214 217 581
2 104 256 677 765 816
341 866
159 951
151 362 373 507 584
32 73 122 141
69 540
16 40 235 361
49 110 356 360 515
40 109 183 216 235 414 480
1 80 400 444 831 902
5 421
26 86
8 69 319 820
7 10 144 309 692 729
9 189
413 501 932
9 39 52
155 234 341
88 182 232 432 473 483 646
127 945
54 571
10 80 165 214 282 764 966
10 202 281
87 469
407 813 837
31 70
8 377 406 552 928 990
168 255
5 992
216 253
87 139 249 568 861 924
214 297 318 610
32 42 194 560 878 952
6 332 550
12 15 116 147 287 374 403
37 42 54 559
46 95 181 522 531 594
92 496
228 840 995
25 230 401 523 594 744
36 42 67 125 289 697
18 322 331 625 906
2 504 521
11 650
524 718 814
15 146 289 319 495
49 389 701 931
33 922
81 243 837
517 551
5 20 491 539
2 199 645 943
19 88 137 927
119 356
199 271 323
324 972
28 537 549
111 236 284 567 606 892
76 107 134
10 135 329 787 835
164 259 387 479 543 598
268 801
475 675 808
308 384 967
321 392
25 118 836
35 57 515 702
8 350
14 44 493
42 72 76 88 97 608 796
5 43
20 124 331 609
5 539
46 126 266 638 971
66 732
4 30 139 262 406 518 742
39 48 111 135 160 302
83 88 198
41 71 228 503
28 159 366
12 23
11 53 371 565
60 409 649
10 25 171 186 558 690 852
5 6 176 410 455 778 794 848
15 136 509
76 108 180
77 95 465 671
197 251 454 532 678
32 128 148 319 716 874 947
11 174 268
28 139 382 452 665
18 155
186 246
29 211
142 259 382 561 819
23 104 379 558
39 323
72 437 487 891
29 122 132 204 205 209 352 541
59 283
513 644
213 283 408
365 544
26 45
198 291 376 781 888
47 259 919
122 582
131 968
10 179 308
228 353 378 450 592
67 186 519
62 779
36 561
13 156
20 242 553 641
7 215 661
4 17 388 988
196 378
1 121 161 410 464 927
265 884
758 841 896 959
48 56 77 809 947
21 315
1 67 773
341 414
53 135 140 279 352 966
361 553 782 918
111 206
73 263 292 597
70 698 713
52 82 691 986
199 271
480 564
38 72 161 175 423 489
58 68 81 226 347 390 609 771
3 746
13 233 277 903
8 518 980
11 720
96 103 132 272 658 706
115 669 847
55 196
169 186 524 862
171 383 403 462
14 348 351 858 938
20 31 43 149 887
149 168 351
41 100 152 189 211 291 520 568 590
2 152 784 995
6 117 185 284 301 432
75 192 213 271 769 800 950
122 263 591 780
18 461 576 752
30 85
56 118 975
24 175 658
172 906
3 178
73 255 950 980
157 258
204 288 715
15 31 736
163 301
266 558
42 377 583 588 944
57 108 116 231 293 377
67 215 803
440 848 962
207 827
5 258 791
12 437
175 975
18 184
146 977
179 209 431 525
24 47 76 99 117 127 334 590 842
10 41 200 206 234 560 652 695 942
116 493
24 391
26 113 370 514 542 711
39 94
74 85 260 428 628
40 277
5 274 579
95 181 559 874
379 542
9 106 123 124 175 381 581 687 869
8 828
21 60 166 535 895 898
236 878
477 515
83 88 172 652
568 645
80 119 409 570
79 167 212 373 399 538 798
6 11 138
138 171 185 222 443 550 604
73 141 232 843
19 162
42 76 107 169 726
26 197 469
241 809
32 401 511 750
224 906
28 112 245 317
71 112 385 868
7 85 454 513
3 28 65 121 348 524 912
38 446
199 249
87 866
221 544
62 110 172 376 453 985
150 189
33 824
10 14 117 548
16 930
15 59 465
79 117 225 402
182 192 400 505 815 933
31 231 416 656
50 105 165 177 788 821
63 132 359
462 881
10 845
98 269
110 305
59 174 266 488 908
70 734
8 116 716
6 91
26 57 63 73 92 265 375 916
27 63 83 89 104 478 725 763 817
12 106 231
486 499
1 27 60 333 826
57 146 193 216 244 602
145 669
31 78 555
15 338 408 680 770
17 20
2 468
97 574
69 74 108 613 880
7 16 137
23 296 363 405 443 462
113 150 724
28 49 158 270 503 777
44 120 545
91 192 879
169 328 657
104 149
39 225 261
207 354 987
161 460
13 31 70 179 355 620
66 231 446
2 252 457
13 70 431
107 327
55 111
179 657
61 359
42 69 578
40 115
191 196 342 385 467 587
18 27 143 294
37 81 187 207
22 51 81 127 193 678 974
57 882
16 63 142
538 989
123 441
48 154 684
23 399 507 646
87 215 527 566 631
79 121 415 785 819
16 71 151 288 493
80 248 401
3 5
223 498
23 261 474
36 47 500 626
1 459
2 789
120 380
52 266 751
38 555
217 630
7 19 144 484
653 945
111 836
10 32 638
22 134 241 582 780
105 593
36 46 87 133 187 212 235
4 612
12 262 523 572 713
79 320
121 391 394
774 824
23 177 199
317 699
11 138
9 160 470 700 813
295 428
4 48 125 241
183 216
93 110
472 930
64 673
46 96 574
19 643
62 322 766
90 603
39 85 306 636 831
24 30 123 248 312 356 519
241 776 863
53 102 127 698
40 578
3 14 57 85 844
58 183 247
27 138 304 996
74 224 419 572 622 666
123 209 312
77 340 409 483
4 641 783
1 21 67 839
114 123 384 441
75 775
30 642
38 55
8 29 37 99 188 318 624
114 516
18 27 229
49 485
6 110 481 855 884 911
113 204 787
6 11 72 148 178 648
226 915 928
2 76 360
9 119 129 164 356 570 795
18 93 376 576 768
224 260
149 603 681
55 143 176 254 270 313 353 703
96 313 970
28 77 117 148 462 611
177 259 359
13 485
32 244
49 65 84
36 47 556
167 309 791
12 169 190 383 960
13 105 165 416 667 670
17 194
160 448
24 38 61 115 299 600 633 656 955
160 438
279 953
163 590
119 706
115 384 406 525 800
57 67 979
212 567
24 61 63 103 187
198 772 989
6 453 635
285 753
11 23 163 253 261 375 683 904
5 20 29 35 130 902
213 800 801
21 50 59 79 133 663
22 26 288 878
73 131 182 592 601
135 429
174 888
150 228 303
14 71 188 556 576 958
46 95 102 335 560 583 654
29 98 970
128 276 735
71 207 602
147 984
18 61 815
60 78 293
748 841
2 360
25 37 144 248 297 508 587 690
170 920
582 968
108 527 854
267 325 421
21 57 180 624
48 95 234 244 362
56 107 219 295 358
21 61 599 990
50 72
36 261
33 97 129 276 920
75 106 156 434
752 979
17 37 171
47 949
166 699
155 336 790
252 516
298 675
267 316 441 534 745
324 950 982
292 308 340 382 452 510
883 974
49 466 875
621 904
69 122 232 721
119 513
48 125
73 141 195 825
27 97
69 146
557 575
39 45 77 194 305 751
127 490 753
17 194 343
98 136 371
57 994
2 49 152 402 712
191 264
195 430 533
3 45 144 309 440 692
32 155
37 471
154 393
115 198 216 414 727 806
4 428 468 674 692 886
174 282 492 589 841 992
28 158 257
27 348 502
1 3 859
60 240 563 594
443 650
504 562
99 246 327 555 933
136 230 487
36 75 97 293 727
33 899
510 665
13 31 50 231 300 355 431 525
84 910
280 940
173 188 314
895 929
2 495
50 67 459
127 206 427
65 277 347 444 912
64 147 298
8 64 127 137 208 583
2 948
483 686
80 100 135 828
404 664
271 589 651 924
100 274 826
18 35 38 50 54 66 330 610 934
33 80
15 143 146 739 846 890
4 17
72 126 586
6 93
42 424
75 184 213
38 209 390
14 32 46 142
52 818
16 611
12 66 173 866
215 503
216 253 944
254 369
80 100 128
345 438 770
95 289
172 540 904
16 420 429 440 537
24 46 51 71 295 403 529 580 734
18 31 97 629 643
82 571
31 66 209 227 577 810
32 997
7 25 127 155 200 587 942
76 226
4 194 364 853
248 508
73 326
74 637
367 399
201 642
21 512
47 201 212 224
97 203
137 667
28 34
50 647 725
10 362 368 618 799
774 885
343 616
375 542 668 938
12 129 340 384 573
45 56 134 193 205 311 865
116 211 349 706 740 854 898
30 52 82 130 814 982
30 212 366 530 666
10 559
40 142 611 893
1 24 119 121 154 320
157 263
7 181
6 37 275
6 284
34 152 331 393 414 970
4 17 40 240 296 563
361 999
793 839
61 619
83 126 766
286 710
101 119 184 223 287 377 863
30 47 278
218 545 585 844
137 316
550 573
76 253
78 146 147
22 78 101 141 195 486 993
15 43 400
27 56 226 294 564 897 915
8 124 330 386 935
73 154 293 674
303 911
46 873 933 954
27 226 294
163 284 425
157 685
148 536
35 43 124
268 458 872
12 369 713
16 79
36 642
109 203 254 697
326 434
66 626 743
19 145 153 162 554 563 767 957
60 141 595
118 383 549
265 765
185 560 707
4 16 269 281 314 492 794
314 321 835
364 380 988
76 80 87 148 300 343 396 729
41 145
153 533
42 64 468 554 726
3 63 187
11 635
22 189
31 51 166 181 227
1 406 617 831 834
222 723
27 143 280 772
211 363 864 987
392 758 964
17 125 129
6 43 48 216 263 505
9 82 349
14 569 676
599 963
257 318 581
14 120 322 443 593 708 833
7 19 267 471 885
292 639
19 522
53 396
379 739 857
347 851
188 321 392 659 769 819
139 477 941
126 202
9 829 872
54 145 314 338
12 89 621 728
30 654
9 18 27 249
53 87 106 143 176 342
477 741 887
130 304
28 64 662 792 920
25 50 82 187 292 346 709 932
12 53 134 756
68 201 260 365 877
16 40
2 91 653
14 121 172 235
139 357
172 302 907
71 94 502 536 672
38 344 932
320 421
20 35
10 281 290
62 90
49 54
107 675
34 189 902 910
166 929
164 406 857
58 121 221 237
