8 180 193
58 744
57 108 180 184 282 386 820 914
94 118 814
236 370 715
56 170
387 637
49 54 91 159 176 191 219 270
464 791
68 133 164 212 224 260 300 346
14 585 733
36 229 431 818
35 579
309 440
41 525 875
87 606
178 189 502 864
24 63 127 188 359 382 392 603 777
15 466
2 24 52 96 132 145
42 76 310
13 903
74 212
9 303 663 940
1 58
680 977
52 872 905
42 61 76 142 235 269 759
201 212 224 351
9 43 115
169 211 232 379 679 717 934
6 69 653 707
4 194
32 40 46 131 335 638
20 208
106 143 435 960
161 255 257 410 515 539
29 157 429 803 828
434 545
86 95 155 202 792
53 73 86 113 122 193 288 313 648
2 55 98 369
67 224 366 376
77 272
475 695
68 74 177 278 345 501 831
141 199 271 335
79 144
27 122 157 203 226 291
17 336 343 794
22 31 38 431 593
166 329
58 162 223 240 412 774
9 40 138 442 480
31 577
278 286 622 699
14 900
135 160 164
71 142 759 993
18 27 461
27 97 331 811
31 173 188 446 529
60 73 80 170 227 341 806 918 976
28 84 148 233 403 490 524 591
19 140 503 569 694
139 631
44 67 545
55 98 245 385
79 295 819
162 275 563
131 210 482 487 826
41 83 93 695
451 821
160 626
72 437 987
3 45 998
848 851
121 126 356 409 513 570 662
13 50 66 300 535 673
25 181 281 837
13 83 156 499 555 618 651 793 810
88 494 779 839
299 719
73 154 329
66 99 105
284 952
58 62
15 122
11 862
4 17 401
111 119 143 152 209 416 517 669
221 435
158 363
25 690
238 600
72 175
51 817
22 204 288 514 754
54 196
64 88 111 148 190 523 713 873
29 124
17 395 493 723
30 259
47 497 642
5 17 19
137 316 320 399 440 464
182 825
98 154 232 293 333 753
33 51 170 411 922
18 97 277 591
76 169 237 327
12 14 64 102 124 320 954
44 932
1 58 67 661 776 834
90 172 985
9 107 504
14 874
14 57 69 184 434 567
15 289
403 881
157 925
25 52 82 117 153 324 520 986
21 108 166 350
185 470
322 652 748
34 455 937
291 639
57 405 439 540
9 72 168 402 691 986
1 13 16 58 341
19 21 317 394 699
12 102 740 756
69 184
59 888
21 40
134 947
38 416
573 889
15 396
4 336
5 83 87 245 668
39 101 323 381
12 24 61 132
1 58 67
12 197 517 804
48 136 331 409 491
4 124 302 612
8 486
62 87 139 380 438 708 941
100 318
50 66 267 485 552 557 565 592 670
1 599 776 898
16 18 40 183 361 939
133 637
48 947
422 453
3 74
7 39 113 151 715
33 170
94 118 937
2 15 348 495 509 954 970
11 731
23 212 371 561
80 128
54 149 533 602
12 334
49 55 91 112 153 219 250
1 6 90 110 376 618 629
84 94 146 150 249 363 403 555 786
77 199
3 29 199 304 337 869 882
12 131 182 400 482 974
20 35 43 515 539
540 880
72 175 942
169 475
337 349
16 649
9 225 321 442
18 294
290 399
118 860 866
173 188 321 964
58 67
83 88
211 347
60 131 154
2 118 219 957
48 76 199 294 773 796 808 947
61 63
48 129 391 967
275 474
230 401 854 892
123 870 991
137 144 267
102 106 820
3 15
70 75 246 897
9 818
4 17 289 853
152 571
128 296
8 57 116 880
86 879
18 768
49 55 112 153 298 722 781
10 65 81 250 490 902
16 40 483
55 176 238
121 137 391 904
1 67 166 231 305
179 306 425 606
17 89 194
4 17 221
23 123 862
135 217 349 447 498 503 966
39 133 264 367 822
297 426 761
2 98 238 765
129 340 384
1 519
250 313
55 159
20 31 543 743 887
173 659
385 765 936
39 111 247 669
27 140 481
53 64
54 75
22 67 270 725 752
51 60 467 735
238 677
326 413
297 315
16 58
31 223 227 563
142 893
117 402
415 851
379 548 668
20 43
916 968
8 980
833 905
104 147
9 15 47 52 198 289 614
33 128 927
5 10 25 234
115 134 578 611
5 7 19 35 121
454 469
10 62 83 90 172 541 1000
33 100 429
434 438
34 233 500
6 18 81 178 357 456
1 776
7 43 325
15 109 495 737
37 907
191 305 323
72 92
7 151
45 575
25 266 738
10 46 654
37 371
634 641
96 148 347
26 526
659 825 906
69 72 308
158 178 910
631 941
42 341
29 40 197 532 552 888
146 201 509
62 778 1000
30 224 351
258 263 534 685
11 21 35 443 635 650
82 551
93 652
40 92 216
3 45 281 742
6 353
10 25 180 279 335 401 559 667
30 36 74 133 365 374 500 728 877
20 56 376
243 368
20 43 739
18 27 317 737
10 196 313 943 956
7 74 121 201 215 415 507
33 135 276
45 398
36 133 877 919
47 151 160 259 617
75 162 446 978
133 212
258 292 685 913
38 66 99 736 788
234 266
90 198
8 330 332
693 763
230 397 531 610
78 195 285
280 381
70 156 747
72 178 189 746
60 195 232 293 546 582 780
5 35 846
290 391 586
35 696
227 228 420 431 504 736 829
181 244
32 511
24 96
115 145 319 340 592 981
374 530
96 210
26 283 800
76 785 796
40 151 651
60 293 329 400 815
24 103 132 263 966
557 567
85 133 177 406 857
36 133 387 406
31 39 51 100 217 370 899
49 212 831
22 26 27 86 113 204 576 587
282 518 723
13 173 248 371 395 459 499
261 720
108 688
143 402 982
8 19 116 295
157 665
104 145 307 360 760 846
126 155 243 335
33 379 643
21 119 384 775
15 146
14 199 589
16 75
2 112 147 583 970
27 33 97 214 353 856
27 63
65 142 216 424 536
101 465 969
5 124 480 679
85 89 201 346 387 561 642
50 456
73 285 858
30 117 387 479 770 834
100 973
28 338
114 123
30 164
54 450 571
242 397
525 823 948
3 64 205
63 103 157 896
159 449
542 869
37 358
15 41 267 302
3 128
93 172
217 296 498 669
20 94
5 24 63 132 309 506
119 573 704
227 244 388 461 901
10 25 202 594 755
236 526 754
7 41
8 85 346 374 762
60 336 684 794
450 462
114 327
31 165
107 629
25 95 248
82 280 950
45 337 349 763
23 37 138 961
175 484 489 611
119 129 564
223 412
56 125
10 25 57 95 126 273
194 988
83 1000
484 975
38 121 373 904
279 522 942
81 979
47 286
349 616
140 433
34 148 283
47 626
46 126
137 144 440 534 819
123 404 991 996
139 271 400 976
46 57 181 538
8 529
26 236 370 606
108 350
312 436 617
24 296 351 366 419
61 210 464
20 24 210 491
151 167 215 233 524 586
3 28 252 277 372
197 251 532
15 48 125 136 311 547
2 32 200 279 426 511 558
107 531 640
1 162 660
20 64 425
36 47 74 896
421 569
117 986
24 61 114 441
242 553
292 863 877
365 479 728
466 495 693
19 421 835
22 567
48 65 119 241
76 83 107 504
218 799
144 506
314 392
34 233
96 103
72 484 716
1 58 269
106 190 802
4 18 61 94 457 915
68 89
13 50
101 264 305 671
104 416 788
41 78 109 164 177 883
321 337 758
1 76 180
6 23 37
114 725
91 167 298 338 868
32 200 230
163 275 443 655
42 310
19 79 399 501
32 139
7 167 290
82 225 324 432
107 933
78 122
44 781
15 23 301 750
14 628
113 822
2 106 112 520 842 943
42 169
30 36 85 770
352 389
30 274 310 549
86 193
183 235 578 802 893
182 249 271
15 496
36 164 600 762 832
25 623
250 262 838 871
200 397
11 445 683 750
10 32 155
32 837
75 408 838 921
89 201
107 169 285 444 674 910
19 121 471 791
13 306
24 43 132 168
8 49 533
512 898
34 154 363 383 746
109 378
28 178 198 444
115 424
70 127 486 580
382 407 445
142 216 866
31 70 928
59 69 283 800 899 921 967
78 313 582 968 976
12 53 143 332 334 807 945
80 305
23 25 837
404 756
27 553 913
3 616
15 55 134 496 847
152 602 847
549 902
1 67 113 117 209 588 711
423 625 748
4 22 26 86 193 588
105 299 306
26 78 131 956
36 163 204 301 375
285 535 895 898
40 216 253 424
29 31 205
73 128 131 179 214 555 710
254 468
41 55 936
41 49 827
200 279 638
226 768
38 209 486 552 580 755 979
47 68 74 114 260 286 870 919
34 53 62 189 221 607
26 926
99 359
21 564
29 245 783
15 46 99 146 237 522 594
6 155
27 82 207
156 527
12 28 81 106 140
49 91 149 360 605
53 140 404 740
44 326 932
3 33 76 130 135
3 121 151
4 190 364 624 661
39 272 321 323 693 964 989
38 50 66 231 333 633 734
33 100
106 143 481
17 25 43 571 923
2 571 789
56 462
163 595
10 32 368 397 558 829
26 257 764
93 100 110
129 287 340 384 570 795
44 69 390 596 863
1 41
113 878
271 568
1 35 58 67 225 485 725 958
130 195 691 972
30 54 104 339 360 385 600 737
149 353 448 592
41 219 228 238 385 676
152 207 560 765
60 182
22 26
40 108 115 145 149 253 286
356 570 706 889
1 752
6 23
5 59 192 213
101 131 272 712 974
14 44 438
16 71 840
647 991 996
3 568 616
32 522 587 654
64 505 687
258 292 913
85 419 617 642 724
75 268
9 46 280
21 23 275 707
110 376
32 907
70 176
193 256
17 291
47 380
77 78 101 674
15 146 289 977
38 66 580
66 743
192 240
270 909
2 149 455
157 292 382 548 665
34 64 106 127 206 239 505 523 554
476 917
37 61 749
11 451
34 114 123 151 325 379 843
33 96 172 233 462 463 718
126 266
138 155 222 241 316 821 961
10 744 839 988
33 45
62 251
203 294
30 47 81 133 345 365
43 472 609
2 152 603 847 969
21 55 145 339 529 917 984
9 41 120 541 551
10 95 400 587
16 269
7 19 44 137
8 433
18 97 768
32 95 218 638 971
161 247 689 975
38 580
5 477 542 702 830 992
165 215 811
7 354 676
9 52 303
5 29
10 18 27 97 401 461
138 565
87 139 769
118 178 614 937
48 125 284
6 249 995
4 173 343 423 767
167 745
422 907
108 330
7 38 70 734
26 288 878
11 70 86 185 288 375 528 683
343 584
449 458 757
22 26 86 100 236
148 562
251 265 278
3 91 176 534 729 956
24 63
71 228 262 353 354
197 251
71 98 128 449 533 833 951 955 977
145 547
25 32
41 54 378
38 99 246 557 716 787
2 369
237 680
102 188 206 208 960
54 91 207 681
20 142 183 609
4 46 55 362 377 559 587 738
84 171 457
17 77
33 100 257 411 900
480 944
39 264 763
138 604
12 70 105 114 140 303 577 754
362 654
268 823
11 64 334 517 703 997
99 171 189 457 463
34 84
21 71 512
59 103
81 265 698
3 308 831
8 180
81 241
41 147 488 544 757
62 88 89
122 482
69 405
59 75 192
62 67 77 101 110 372
28 34 84 537
38 190 246
1 39 52 130 459 752 818
165 359
63 749 777
92 205
1 3 205
10 249
189 233
57 540 723
24 428 686
39 255 454 489 987
55 701 726
68 634 643 700
39 352
102 297 498 544
136 276 318 447
13 105 209 525 681
82 280
15 466 680
12 53 127 517
32 46
44 603
38 156 543 564
49 85 109 152
8 32 69 116
90 93 494 985
150 158
93 98 118 159 350 354 816 995
249 924
89 387 419
19 74 201 470 556 749
89 156 164 224 266 374 596 622 626
87 249 589 645 861
197 532
687 713
111 127
6 37 42 328 358
51 52 100 125 134 615 972 973
239 342
173 392
229 265 469 994
45 190 205 239
83 550 683
26 36 204 526
53 497
18 26 65 94 158 178 562
88 372 636
14 733
122 876 934
162 563
91 104 109 147 219 842
152 681 948
30 47 71
17 25 30 47 89 684 728
113 370 621
304 548 761
27 136 186 311 388
6 23 111 163 301 903 952
259 260
206 208 352 505 583 756
261 635
57 390 405
36 398 586
57 65 101 272 392 395 896 959
663 950
9 36 74 295
5 73 562 692
94 383
183 414
24 27 153 254 354 704
2 153 468 709 875
179 499 543
7 137 267 320 428 507 651
34 347 357 492 549 860
27 698
108 574
29 50 102 255 696
126 243 266 656
35 283 515
5 29 35 168 367 425
4 439
595 601
51 100 983
66 102 427 505 804
3 924
20 43 887
80 135 214 610
139 208 271 941
85 133 448
13 31 50 460 732 918
57 69 236 350 596 803 863
8 57 116
52 130 940
287 573 889
43 268
24 103
28 65
110 488 636
31 144 306 572 743
416 823 897
44 350 390 478 880 914 935
17 18 97 258 291 382 597
16 51 235 404 411 916
6 37 48 311
28 33 40 65 135 414 524 611
46 168 273
35 94 124 158
2 49
148 348
10 186 719
109 150 171 357
80 426
55 104 147 250 709
15 614
80 214
4 554
36 81 118 254 363 444 873
60 122 232
324 551 598
38 179 223 824
92 367 671 730
128 170 498 581
95 226 397
436 649
17 198
3 45 213 978
122 767 945
7 79 137 394 467 621
500 705
297 610
44 344 628
430 623
51 170 276 296 454 631 645 735 884
51 112 318 429 920 922
2 71 104 298
11 140 474
37 54 69 105 493
30 47 74 85 345
170 209
8 624
21 192
28 94 150 238 252
60 78
11 149 305
72 247 716 719 987
103 908
25 86 279 399 729 795 822
413 545
4 989
1 56 131 660 826 979
104 309 507 538 646 764 885 927
78 93 122 141 154 195 333 876
2 16 115 235 256 269 512 521 584
431 476 620
62 441 516 647 996
16 42 59 115 584 999
3 59 174
219 784
2 41 256 430
342 544
295 805 904
12 53 342 396
87 199
240 247 623
64 145 389
73 393
142 467
162 519
48 241
113 522 738
12 143 714 965
43 64 106 572 583
69 174 319 390 446 527 775
590 604
5 410 702
45 47 264 381 930
29 668
7 8 410 464 476 569 640
14 44
2 98 147 951
29 992
170 257 426
108 116 166 184 282 377 439 540 688
71 91 95 207 254 298 313
77 101 264 272 465 472
83 537 652
309 394 478
127 627 673 954
486 734
282 935
14 120 585 901
61 63 589 590 658 792 962
156 810
11 185
14 785
36 47 85 96 201 351 369
179 231 408
244 281
8 613 739
16 999
23 301 565
95 230 234 281 508
22 128
51 297 315 630
3 45 92
59 75 102 174 268
24 61
80 217 615 761 899
25 32 155 181 244 594
19 538
9 117
240 347 412 774 891
88 906
56 125 134
203 508 942
797 930
28 158
118 147
96 187 406 422
29 43
50 179 300 586
173 188
19 121 267 483 679
109 147 262 307
175 460 856
2 22 71 176 731 860 975
5 26
65 338 502 639 698
50 77 166 208 529 656 929
206 334 427 627 931
330 377
46 248
100 315
195 393 546 872
179 189 211
29 116 539 643
714 836 965
42 91 327 328
42 59 482 629 695
223 240 412
96 114 123 458 777 870
14 326 971
386 405
358 608
73 91 195 601
82 117 432 619 801 833
126 809
368 852
140 687
39 72
30 561
123 150 516 647
203 331
19 646
27 294 597
141 883
168 174 242 245 268 741
185 186
8 28 184 185 357 436 478 484
114 441 458
125 311 445
121 300
1 186 958
420 456
167 676
339 784
577 903
141 329 453 721 826 974
63 132
45 337
62 83 88 867
21 704 981
63 94 746
56 96 138 261 284 375 474 520 707
50 77 99 111 381 931
406 530
46 56
7 640
775 838
3 13 19 415
447 735
59 192 283
66 355
108 613 854 935
119 156 179 308 356 384 644 662
78 815 858
61 94 908
14 120
76 773
258 639
6 595 655 674
141 546
615 966
65 150 220
49 104 109 298 784
398 894
30 120 149 159 176 196 327 339 697
106 418
117 304
15 20 146 237 470
76 79
2 34 84 718 741 771
31 56 541 751 766
501 844
34 118 220 457
5 9 15 289 667
298 369
6 23 37 223 358
16 63 213 348
11 79 163 550 962
27 226
30 366
36 85 160 724
115 361 480
31 43 242 739
76 528
8 478 613
191 797
74 259 346
18 37
62 657
60 66 131 182 355 858
246 525
98 352 722
74 286 366 798 857
24 61 82 103 703 990
42 114 265 742
9 82 338
148 168 315
319 386 854 914
1 24 58
147 592
11 71 137 284 745
13 77 790 930
5 20 43 54 124 174 302 491 938
146 406 496
312 479 598
41 131 293 546
16 216 467
14 150
118 984
435 804
35 40 115 255 302
53 106 433 740
396 471 836
34 45
33 80 135 214
6 23 222 332 375 443 545 550
144 646 785 835
180 330 844
44 116 380 733
99 105 300 485
26 86
176 187
4 17 161 460 559
17 364
28 241
199 264 894
7 79 167
55 90 152 181 217 547 782 827
34 334 845
126 273 560 793
88 322
51 100
12 440
6 23 78
292 705
214 242 243 859 973
26 715
207 227 755
57 527
49 228
20 49 102 111 221 418
68 242 255 260
81 536 632
28 357
59 801
22 514
297 710
11 650
134 136
30 260 278 530
112 722
582 653
42 76 226
21 59 157 273 548
52 950
14 44 271 900
25 829
35 379 609 934
37 138 163 301 332 608 961
28 158 348 537
327 516
109 196
259 260 832
98 153 262
79 365 373 686
48 136
119 129 554 564 706
3 22 204 767
452 925
25 824
512 963
42 76 107 169 254 328 339
6 712
129 287
187 197
18 127 225 663 911
155 181 202 244 273 362 744
18 383 490
22 26 43 124 236 288
182 285
75 213 312 408 690 801
70 149 165 473 543 552 633 862
648 841
143 272 367 481 497
365 448 563
315 920
7 55 228
6 11 23 37 462
132 187 210 359
9 18 79 109 112 152 781
28 318
88 90 372 779 790 805
282 386
22 34 65 158 718
130 619
136 192 809
65 318
2 28 84 98 139 142 150 524
35 43 186
95 253 660
10 46 510
16 24 269 361 376 849 999
136 475 808 809
10 32
188 841
143 190 221 433 523
38 67 186
28 51 96 338 348
83 607 778 867
44 120 239 501 817 945
22 134 136 204 241 311 407
218 248
2 54 104 153 579 604 760 920
21 314
51 296
19 962
194 853
10 202 218 511
7 19 428
1 307 520 542 547 909
66 73 78 141 329 753 916
9 105 304
161 175
84 220
29 35 195 825 830 957
165 593
54 68 91 98 677 868
7 144 503 851 885
13 31 83 90 670 782 814 917
169 675
200 248
37 138 185 222
196 228 256 697 952
5 63 132 197 678 969
13 31 918
35 579 992
32 126 234 368
93 110 541 607 772 983
63 84 792
78 515 702 890
17 23 343
465 730 819
335 690
9 982
1 344
4 988
16 994
80 135 160 177 213 286 813
48 134
172 203
40 269
3 59 75 130 268
25 874 886
155 200 218 290 323 362 772 782
717 938
143 208 396 572 605 714 931
4 26 370
141 232 780
87 231 400 582 815
52 471
279 523 802
215 295 758
514 567 892
21 308 411 470 573 895 929
168 245
558 953
44 380 585 708 836
132 215 344 399 417 835
2 145 378
101 472 797
6 274 510
84 912
871 984
13 79 577
33 68 92 214 436 487 922 933
290 386 591 946
64 102 111 127 206 420 664 960
46 273
395 659
162 774
5 255
96 103 187
10 24 234 359
80 276 581 630
535 721
102 294 447
88 772
60 63 73 137 182 490 780
9 130
49 256
125 129 235 356 967
79 394
82 402 619 940
118 164 171
119 570
11 632
85 229
19 21 121 309 320 325 574
936 997
8 53 206 389 519
198 625 985
16 766
22 202 230 354 511 923
317 963
94 902
60 393 653
7 40
32 46 95 230 243 362
19 108 121 215 288 418 686 694 798
42 169 812 850 866
396 713
11 159 222 275 284 332
13 70 99 476
16 469
583 807
42 58
19 885
156 420
1 5 360 519
3 205 349 575 998
37 590
4 7 167 499 534 798
177 191 632
163 371 590
25 46 161 314 321 964
5 641
173 395 423 748
224 380
87 568
36 85 177 222 278 312 513 865
191 398
92 175 312 437 521 894
73 120 461 566 888
32 886
81 958
24 132 908
65 233 383 864
204 879
4 20 81 124 274 925
82 110
9 560
174 800
25 33 120
62 72 74 78 110 187 216 307 682
52 691
33 128
11 56
16 424 578 727
22 87
29 667
12 161 291 437 891
211 314 392 841 959
49 130 228
55 103 909
198 453
12 53 726
41 153
181 281 886
56 244 852
5 29 81 211 383 492 502 912
8 57 390
116 175 184 312 891
13 18 38 105 656
39 730
80 581 817
48 128 257 276 581 859
71 948
39 77
6 37 375 451 474 608
3 11 45
97 705
213 283
27 52 82 90 230
36 107 122 351 601 655 721 876
3 45 87 742
251 454 678 884 994
117 477
317 951
3 31 45 237 495 509
35 52 225 304 432 972 982
13 732 787
4 17 343 364 612 671
120 708
139 701
53 206
12 28 64 79 234 342 664 703 949
11 66
16 48 81 84 125 136 378 662
39 44 77 323 413 438 585
163 222
98 458
9 437
3 45
62 83 93 372 839
14 44 120 344 628
378 427 789
32 95 155 161 247 368 953
129 287 989
4 612
23 57 116 882
14 344 434
49 90 109 112 360 636 682 816
59 174
532 584 727
12 352
533 827
61 187
20 29 129 306 324 425 575 696 938
49 77
7 14 38 50 65 290 309 745
42 263 310 328 452 475
93 110
287 356
172 322
13 31 34 70 99 156
394 790
34 60 252 285 293 672
13 38 70 299
27 37 939
9 303
20 783
569 578 806
263 292 536
41 602
274 452
162 223 259 430
99 209 633 747
40 806
217 859
5 68 144 160 316 507 641 694 770
15 146 237
120 183 508 855 932
9 52 221 225 468 915
145 159 677
36 419
231 299
58 459
27 219 566 568 861
17 194
23 650 762
393 993
42 107 310 675
126 316 421 471 483
56 929
45 92
5 20 35 245 410 542 926
72 521
107 796 808
211 648 814
53 807
52 432
303 324
123 473 516
53 726
146 496
48 56 134 200
31 149 165 473 928
254 263 274 382 816 840
1 528
42 107
277 280 303 442 727
191 472
229 374 530 556 700
54 55 112
12 239
141 232 333 933
453 488 493 618
42 812
868 910
373 692 729
218 261 281 558 559
333 682 684
251 265 657
13 66 355 706 897
67 88 377 944 983
384 644
203 915
220 252 347 363 403 562 786
18 27 88 101 198 465 494 576
33 180 276
544 720
30 278
26 46 892
123 140
5 29 35 160 229 302 649 741
308 409 513
22 113
4 10 71 113 243 248 531 799 953
110 450
459 834
166 699
47 949
75 92 257 293 451 803
7 137 215 391 946
2 15 71 104 270
8 184 882
48 125
72 314 923
53 427 849
6 322 565
27 97
115 869
65 111 664
66 105 508 788 965
7 373 398 848 906
9 117 864 955
157 510
51 252 355 630
9 10 52
8 69 82 101 518 576 688 872
105 231 670 810 968
591 786
19 37 138
282 330
328 504 773 812 850
506 848
430 824
18 63 103 258
21 421
28 211 881 946
18 90 172 443 793 867
119 202 455
154 393
39 80
15 135 313 466
4 90 672
21 317 407 978
53 64 106 220 389 572 701
68 326
8 87 319 574 594 820
9 144 304 911
23 261 720
28 84 148 277
14 385 844 855
417 621
10 32 56 407
30 97 203 226 325
79 666
86 111 181 193 234 266 366 759 799
710 828
21 875
61 68 70 85 187 526 884 928
1 6 7 21 80 92 487
13 50 99 165 209 227 485 620
189 277 672
287 455
33 217
13 25 31 67 852
103 129 795 981
21 50 599 689 895 963
10 302
21 172 308 842 943
39 367
207 452
27 60 388
115 235
122 154
12 102 190 481 627 673
17 336
10 18 43 57 84 97 294
6 11 23 404 550 849
167 415
20 310 850
166 535
105 355 473 747
185 301
30 36 47 556 813 949
48 125 134 153 218 311
54 250
51 764
417 428
130 551
2 91 112 262 353 760
68 622 857
253 341
101 280
73 605
4 17
263 291 510 665
7 19 135 139 566 769 861
22 193
68 177
227 787
8 116 184 588 980
54 270 369 731 995
17 116 364
21 67 166
4 22 194 212 336 661 711 878
320 325 483 538
210 990
12 417
11 58 274 528
2 112 176 307
111 389 689
114 441
597 685
46 95
69 108
16 40 183
637 666
7 503
26 588
556 561 598
19 373 791 927
12 845
13 186
119 409
72 521 856 998
141 142 182 216 753
183 341 414 944
28 34
12 208
296 446
717 846
12 127
31 66
177 345 813
119 513 644 732
29 477
751 939
13 77 381
49 59 75 174 921
36 346 700
34 171 277
92 117 130 175 188 225 442 675 911
1 186
2 5 207
161 247 489
38 171 299
97 497 554
220 492
3 205 575
6 31 60 75 192 213 275 736
30 89
14 64 73 78 87 414
20 76 315
331 751
62 93 123 488 778
69 299 319 439 574
11 37
265 469 657 678
183 295 361
5 531 553 890
67 89 240 463 494
11 30 371 789
77 191 460 489 865
61 843
120 229 413
68 500
435 599
14 326 855
6 11 23 493
58 314 959
14 23 224 635 712 901
50 165 342 811
148 536
35 70 246 306 553 555
12 18 64 331 388 418
13 340
150 463
56 429
560 874
56 220
65 178
231 593
423 758
196 450 840
50 340 456 620
15 289 509
22 86 113
8 11 39 261 377 879
6 23 284
487 865
43 408
171 252 403 444 492 502 537 549 873
47 74 229 448 479 666
57 405
5 20 29 539 579
26 61 127
589 645
41 970
18 97 388
33 39 305
6 185 358 711 821
19 151 267 316 506 692 805 971
29 557
21 51 518
253 445
10 28 210 401
8 180 402 905
154 232 828
62 92 766 993
20 24 103 151 168 391 658 783
16 59 75 222 518 980
16 40
71 159 253 871 893
41 54 104 196 307 345 709 887 997
17 194 853
48 221 239 262 845
270 757
2 24 468 658 990
1 14
226 576
89 724
322 779
12 138 750
124 256 477 491 634 843 926 957
171 771 881 883 912
93 422 625
566 769
50 593
73 154
40 361
87 160 924
89 164
527 624 955
4 17 22 26 86 202 697
20 124 514 794
246 300
771 830 890
4 364 449
110 832 919
