416 664
10 182 395 853
20 417
653 743
126 467 690 710 878 911
37 70 83 285 333 503 698 745
242 448 752
63 223 609
200 245 614 837 999
38 387
98 173 355 433 865
58 315 986
66 183 786
429 609
153 338 538 780
35 324 893
106 169 171
1 136 306 516 630 634 960
214 296 332 353 836 855
63 382
74 412
400 611 663 814
1 122
216 316 893
58 726 732 872
49 160
47 730
5 536
30 220 328
10 26 227 374 549 782 852 881
570 905
126 447 953
39 67
165 923
143 323
24 36
48 119 177 543
47 59
63 189
140 201 223 495 753
32 164 179 271 694
42 50
262 407 687
1 68 311 367 574
16 827 856
10 414
23 553 941
90 216 640 872
29 275 840
7 28
21 32 106 578 616 642 675
282 319 980
46 129 165
117 421 665 777 927 969
325 368 701 957
74 149 154 279 333
35 863
3 295 425
87 179 384 643 655 971
712 832
460 878
7 84
61 153
127 383
133 325 419 444 469 859
6 14 26 27 81 445 607 805
86 530 664 706
140 144 201 939
766 828 857
21 77
3 299
35 155 473 545
539 718
22 130 154 222
80 968
599 694
267 414 434 580 898 938
838 945
82 266 598 626
61 524
68 238 569 738 841
24 159
115 119 296 445 496 540 671
10 250
63 174
93 228
76 100 245 602 784
204 318 365 526 566 676 798 871 929
5 517
512 588 641 941
116 176 219 429 558 830
48 102 161 371 711
70 195
8 577
108 619
59 294 828
29 932
4 73
28 211 314
69 70 96 116 295
287 330 478 949 974
19 51 232 247 603 725 795
10 63 163 571
1 18 257 276 299
101 777
361 653
207 369
20 363
143 216 494 849
428 475
53 426 958
5 170
18 160 671 844
29 280 291 369 654 813
301 638
1 121 442 529 993
97 102
62 248
28 34 77 114
4 862
10 970
25 689
19 20 364 439 487
11 43 194
20 75 363 438
24 71 74
3 160 244 567 606 612 632 680 835
127 267 276 347 854
3 15 46 129 455 737 742
232 359
115 658
3 392
18 509 625 946 988
199 255 568 735
184 395 443
305 884
21 325
21 616
3 108 154 166 315 531 606 918
53 265 298 468 823
49 391 635 792 886
69 168 195 859
9 105
138 403 723 790
54 75 192 449 800
513 933
354 918
14 465 805
44 759
498 819
6 67 178 423
7 575
224 959
23 285 340 729 811
19 124 217 624
40 96 116 298
371 945
149 162 190 306 323
41 74 106 142 156 402 472 624
52 187 400
49 391
27 80 398 807
3 514 924
184 477
87 138
61 254 689
365 562
48 579 618 888
156 339 351
1 167 200 240 257 888
4 51 131
1 64 160 401 446 612 714
1 26 547 801
19 350 394 422 849
12 21 54 77 99 208 293 326 782
5 57 103 200 267 344
158 875
26 81 540 542
39 43 317
14 119 237 282 502 651
18 401
7 480 575
100 233 325 343 564 585
85 133 506 726
38 153 535 820
123 903
53 426
1 49 240
30 158 166 388 599 809
52 158
15 111
256 304 627 992
574 591
3 846
1 18 45 571
435 522
67 260
60 409
1 19 45 334 358 528
6 26 40
267 338 498 655 661
200 272
38 411 461
507 915 991
59 92 155 833
101 387
3 104
21 127 208 555 589
183 207 416 584
7 126 307 519 535 890
103 201 357
50 79 232 240
12 167
3 47 174
65 205 264 270 308 380
61 114 117 144 680 721 984
47 717
26 687
83 443 486 490 809 810
55 266 604 666
6 113
80 523
231 899
33 104 310 408
64 123 131 932
139 770
4 22 185 233 400
435 518 522 693
638 914
20 164 212 959
27 74 470 483
357 542 608
57 500
2 524
9 47 915
157 513 832
109 118 334
15 107 447
53 320 392
8 396 593 740
65 79 799
738 903
15 23 113 202 573 598
10 179
485 764
34 896
157 266 668
6 36 248 455
451 574
15 16 749
3 53 67 101 102 138 199 234 739
91 247
88 175 227 407
138 251 315 477 718
69 91 98
11 110
12 21 54
113 227 538
827 896 898
54 208 275 357 669 675
66 715
125 515 942
281 379 808
80 100 173 265
88 91
322 831
8 268 395
381 758
15 40 105 195 213 919
28 315
154 156 165 683 704 861
873 945
45 127 218 615 755 979
124 246 955
219 520 583
5 39 68 95 102 598 630
92 125 224 280 620
65 497
24 29 891
278 677
26 371 724 732 739 743
37 141 187 576 765 981
241 254 370
34 217
37 164 181 272 306 706 761 796
17 57
77 208
68 75
505 802 824
646 682 710
163 205 356 604 789
302 437 488
12 18 30 49 59 87 986 999
311 555 567
37 103 245 733
17 203 634
58 238 338 471 484
145 182 290 728
4 74 375 644 883
5 675
30 31
157 179 343
4 234
94 207 321 391 676
40 302 815
106 406
254 370 403
100 265
229 302 764
13 394
272 458 476 546 892
15 213 402 737
32 54 89 106 558 834
64 89 365 574
72 908
41 60 261 594 906
88 207 788
64 867
178 495 503
38 120 137 212 220
20 63
22 182
70 116 255
188 369 669
148 563 669 771
4 34 61 234 281 703 784
17 25 130 222 224 391 842
11 30 58 90 260 273
5 82 210 346 614 965
10 25 537
10 408
234 366 723 995
7 825
20 173
38 120 181 288 454 786
245 531
701 976
46 105 491
891 944
39 550
27 866
172 275
3 83 126 330 772
8 34 111 217 577 873
148 892
67 203 550
4 56 193 254 348 435 809
169 432 464
34 52
88 185
338 470 952
226 378
37 103
161 293
78 599
7 733
33 330 916 974
15 714
70 215 859
53 82 568 624 851
60 207
66 130 715 785 905
635 885
1 140 566
236 370 740
90 277 384 537 552
29 259 966
41 704
41 156 333
73 729
111 249 466 611 990
112 190 221 370 933
229 568
179 206 246
33 264 609
83 247
1 395
332 355
382 824
90 649
252 286 479
44 48 50
204 218 304
704 771 998
261 443 716
6 99 110 126 380 479
81 459
9 203 441 634 978
60 185 673
1 45 199 844
261 418 672
8 137
13 394 545
176 364
8 34 98 145 154 346 409 953
102 202
99 165
78 236
161 339
56 225 301 510 577 997
827 847
69 91 252
307 822
18 45 49 167 233
277 533
474 987
187 321 358 432 930
6 122 231 365 405 427 476 607 722
593 898
29 98 112 214 278
2 201 253 274
99 189 339 970
180 307 377 508 580
24 44 120 131 210 312 335 955
29 40 137 731 968
53 983
16 35 329 567
73 309
637 793
50 720
91 189 308 649 678 919
22 30 31 341 749
215 254
21 111 135 313 858
68 226
64 108 131 688 867
31 341
451 489 587 742
6 238 736 922
215 778
40 135 223
70 96
398 708 913 988
29 40 116 155 205 295 600 761
23 44 482 653 901 998
87 434
9 502
610 865
192 266 279 952
61 223
140 410 446
389 450 532
16 906
10 75 127 171 276 367 605 941
227 967
31 166 951
28 588
329 404 490
217 662 834
376 490 544
78 82 148 226 394 751 1000
32 326 424 616
91 562
14 78 237 509 534 768 805
27 116
196 197 402
29 55 235 671
17 37 45 585
71 286 774
154 165 351 861
19 107 109 310
679 826 869
16 193
40 298
22 206 425
125 300
94 389 571 622
6 243
28 244 403 493 990
81 235 243 273 597 1000
3 345 560
134 155 425 470
15 48 104 557 566 966
76 157 292 475 622 776
158 937
44 155 646
79 157 206
62 390 454
30 49 384 461 810
55 82
4 5 39 84 228 895
68 240 262 336 396 489 750
4 71 136 339 452 465 648 752 847
382 485
415 668
174 658
7 53 146 279 319 415 699
24 27 74 92 386 719
1 132 409 416 700
100 620
109 340 515 623 985
142 205 356 600 604 611
96 325
10 51 94 127 569 961
615 776 829
139 843 975
243 536
85 135
38 475
320 341 356 703
5 386 397 550
30 332
15 46 152 197 804 940
170 229
8 413
4 643 806
23 44 128 269 444
67 90 423
105 174
283 297 610
125 300 309 375
69 295
53 62 64 67 123 637
73 218 560 769
16 816
13 430
28 57 131
2 100 994
18 168 886 982
8 208 626 700
11 133
2 34 36 150
2 106 140 145 186
5 39 63 324 757
24 115 541
352 469
241 493
24 524
23 79 221 510
7 43 141 345 571 803
15 697 714
3 74 150 670
83 615 751 810 922
217 534
292 818
137 264
373 791
48 56 65 823
77 559
59 82 481
24 70 89 163
1 7 257
2 118
97 822
87 195
278 870
8 134 169 177 248 258 281 379 712
51 60 416
3 62 116 449
379 770
16 216 377
7 136 703 961
5 53 196 439
35 50 65 85 95 835
75 276 354 438 578 617
15 452 501 837
30 215 951
5 196 462 645 795
8 139 682
197 572
20 78 82 125 213
2 3 47 907
3 25 952
114 337 344 476
100 355 442
45 199 240 920
543 985
34 107
92 430 436 887
145 876
119 582
151 320 328 349 393 487 532 785
456 758
15 20 734
23 44 85 128 150 618 647
15 430
22 299
108 134 221 868
54 557 686
36 58 418 439
98 116
415 695
68 114 164
411 535
134 232 833
24 386
41 259 433 707
662 852
452 459 536 547 775 842
25 286 345 486 544 727 843
67 403 406
70 99 282 300 340 433 733 931
30 78
99 239
1 45
460 991
28 46 105 114 344 887 917 940
28 161 253 991
17 137 197 516 813
24 75 76 142 178 289 697 974
34 107 520 537
2 144 273 357 628 656
3 9 104 374
46 152
27 55 73 101 137
35 150 425
285 404
8 184 477 548
7 43 90 260 289
65 161
73 109 292
25 65 151 170 176 553 863 909
305 772 779
18 54
44 48 56 302
103 319
1 18 49
8 73 92 100 119 519 925
109 727
498 627
36 464
13 783
136 219
191 360 550 595
16 37 253 317 424 492 935
86 301
93 183 214 256 924
190 549
607 986
23 178 212 591
43 583 838
116 551 868
36 80 383 845
63 76 311 316 375 482 942
42 132 206 340 499 731 851
2 8 9 12 127 231 478 639 829
81 329
152 212 331 955
62 373 445 501
132 147 581
14 660 754 919 937
118 877
82 135 162 177 485
143 201 462
36 377 707
23 48 65 175 437 512 851
2 17 211 448
44 96
8 169
41 774 964
719 875 931 951
271 303 546 562
5 176 195 250 279 617 855 948
32 77
110 170 336 468 563 648 846 860
861 902
89 584 645
230 560
2 467 715
51 99 144
16 174 943
274 850 994
385 840
187 334
460 601
214 225 335 858
32 293 324 331
42 252 262 491 673 971
499 854
3 6 192 284 734
93 995
19 73 76 204 526
56 310
62 248 521
336 789
156 190 928
191 342
288 459 592
290 631 696
20 142 143 323 509 907 909
9 58 90 191 233 273 582 857
141 282 492 614
188 392
87 104 130 326 497 672 812
226 436
63 363
219 800
188 296 328 484 739
441 502 652
101 153 331
12 40 43 220
22 175 532 570
220 679
30 220 538 948
2 441 685
141 901
13 263 422
476 657
552 841
155 194
948 963
23 231 269 372
153 164
9 160
26 72 136 138 464 494 617 817
9 25 224
83 376
52 537 559
60 207 214 278 291 369 409
35 57 95
16 50 137 294 397 488 684 860
2 17 104 130 242 374 552
57 736 743 925
23 184
31 33 69 243 361 364 385 779
71 292 373 483 500 956
42 539
59 77 153 289 343 874
36 224 845
31 645 936
89 172 348
111 285 405
147 172
132 141 331
241 254 587 650
58 523 705
236 246 410 691 710
705 769
41 165
28 641
11 423
123 449
163 205 701
25 57 474 759
20 22 45 96 239 251 260 393 791
163 205
29 283 472
241 493 588 641 947
60 490 793 874 922 992
163 336 814
112 639
55 963
39 71 132 213 350 661
215 534 597
123 144 147 303
31 78 388 551
111 337
2 108 131 136 207 318 354 466 481
7 156 198 746
18 49 251 296 311 553
4 10 51 308 366 392 494
175 561
83 113 342 563 751 920
49 160 257
84 358
613 979
36 845
140 201
2 570
9 17 104 151 192 274 453
6 109
130 157 176
259 788
185 665 813
516 980
381 440 748 934
12 172 262 594
4 97 107 112 679
171 220 327
202 633
88 152 401 438 504 663 962
21 76 117 208 406
13 350 371
26 562 687
56 57 161 177 221 371 561
271 667
305 309 916 989
2 9 33 173 383 587 792 895
25 129
24 27 60 335 483 512 556
43 120 313 927 969
101 197 212
94 132
324 413
11 90 260 410 960
131 177 605
66 108 695 728 785 938 969
368 522 610
126 467
141 850
114 379
8 52 508
18 227 241 327 393 466 606
50 75 359
196 413
119 170 237 547 659
99 408 754 794
30 386
43 419 708
109 601 623
5 722 795
13 22 865
15 591 712
5 55 424 992
324 630
77 90 290 590 790 821 847 928
1 199
352 471 596
27 71 92 159
881 904
20 72 538 580 594 866
316 953
132 204
20 132 166 184 542 777 797 911
22 204
137 848
247 741
19 26 66 80 181 190 316 876
152 879
11 27 496
377 469 814 977
16 99 136 168 181
56 114
44 50 177 488 629
196 921
86 548 696
174 259 328 957
38 46 94 162 681
27 115 134 142 255
477 708 864 901
21 59 70 98 533 856
329 1000
273 912
206 632
9 151 159 244 656
1 45 129
34 107 217 268
461 949
14 360
58 315
36 343 856
359 399 441
1 4 420
148 377 628 707 831
11 242
578 830
486 544
43 506
100 297
175 327 417
17 56 65 135 302 629 705 709 910
171 215 406 555
18 178 447 529
73 342 914
947 990
37 42 52 362 427
130 307
157 164 216 313 390 421 454
4 97 128 226 385 554 633
103 228 231 282 748 756 783
88 93 121 183 256 259 565 673 855
117 535
83 585
200 245
314 850 999
92 203
14 76 146
89 106 249 275 450 601
81 109 133 273 640 654 947
108 134 286 470
21 110 111 122 252
4 72 347
55 279
359 372 543 728
43 518 529
36 285 457 765
4 51 246 440
35 157 288 297 346 353 878
205 339 740 808 900 983
23 98 227 314 375 745
238 327 336 455 869 870
32 46 64 69 86 135 209 243
400 773
119 168 198 235
148 286 747
269 372
12 21 32 171 262 406 412
10 85 112 204 408 581
32 89 348 515
20 719 735 944
47 51 234 430
271 698
511 868 944
14 69
14 66 228 334 432
13 162 263 310
25 151 255 309 322 362 598 975
163 400
384 718 995
172 289 755
193 198 664
141 443 529 981
575 742
47 106 330
91 255
6 368 746
42 146 269
148 376 533
209 344 427
57 293
114 194 276 422 613 942
17 244 757
86 120 198 822 883 913
28 678
105 199
6 333
165 197 402
1 18 88
16 38 153 387 390 396
75 276 631 674
55 82 811
499 648
17 211 287 487 583 984
297 355 968
20 146
69 746 976
545 849
40 295 568
366 466 499 996
118 211 636
13 129
17 52 873
7 43
265 821
41 239
10 75 388
39 43 228 599 867
173 185
9 689
6 26
688 768
186 222
46 329 559 802
361 479
40 436 467
18 49 167
332 353
15 105 474 781 808
226 373 864
40 53 55
87 252
268 317
3 104 139 211 258
36 72 221 270 314 683
5 346 397 895
27 155 541 546 586 638
81 500 724
37 181 200 745 750
5 210 439
110 258 405
72 189 349 434 913
117 212
58 144 201 423
209 344
61 358 564
79 428 962
22 117 198 286 353 614 765
12 277
33 265 283 355 713 807 821
84 185 395 994
26 931
24 196 921
6 60 62 402
16 83 473 585 738 771 897
3 22 122 167 252 318
125 245 744 998
95 97 312 684 711
7 16 50 158 521 674
448 564
183 483
9 80 230 250 684 988
94 304
147 149 263 453 578 762 841 877 926
127 281 289 435 603
124 191 360
12 98 287 480
110 152
56 110 285 420
21 94 95 181 462
7 693 801 926
139 209 334
475 806
81 209 492
10 234
327 419 625 685 770
55 380 763
88 121
528 644
6 516
24 260 360 398 509
28 221 348 597 843 972
52 583
33 796
37 980
81 300
62 64 213 248 440
55 82 266 463 637 666
244 958
28 241
150 912
8 261 815 848
214 280
15 129
97 610
27 126 135 253 335 405 459 495
80 100
67 210
29 175
42 428 819
111 112 404
98 283
58 133
7 13 51 127
19 253 593
217 256 465 737 943
437 554 747 910 912
192 309 456 612
125 414 498 592 603
164 786
16 180
455 489
20 429 734
24 30 34 41 89 295 592
107 133 162 504 797
352 862 930
56 510
65 85 139 166 613 781
122 345
134 298 308 484 618
78 540 996
474 584
17 374
314 382 492
11 90
40 70 195 247 690 825
1 6 123 389 431 434 619 650 967
222 544 609 647
71 159 378 386 398 721 857
115 798
15 43 46 879
148 897
147 191 208 269 567 767
9 39 121 232 511 775 780
4 51
59 514 589
28 76 368
351 549 754 794 902
72 385 501
5 39
30 31 112 404 457 534 875
107 452 621 972
8 133 168
82 958
37 576 601
83 149
76 125 206 300 482
51 118 246 964
8 19 184 261 418
31 551
40 91 96 258 318 468 741
41 110 189 446
36 167
6 14 121 124 194 640 674 950 960
277 769
42 48 58 149 154 230 362 926 929
1 45 345 391 635 932
19 422
13 42 101 686 757 939
778 853 889
104 524
237 418 554
12 256 362 720
33 361 581 702 911
5 346
71 458 950
226 408 527
180 816
80 173 523
10 138 194 251 603 791 864
6 14 26 243 397
35 48 135 150 229 596
13 104
13 19 263
54 121 335 342 412
21 31 437 897
33 126
74 92 159 267 322 496 507 946 989
9 86 525 636 773 886 888
41 44 202 293 312
250 552
209 979
6 14 75 328 768
9 22 66 151 203 453 636 700 877
86 935
61 381
25 256 291 565
95 97 579
31 889
185 299 482
2 62 123
18 748 885
77 78 131 311 341 521
13 19 190 721 879 899
23 85 561
4 10
3 9 22 93 298 915
89 229 508
30 166 236
141 349
86 180 497 508 530 780
530 883
4 68 338 426
556 866
39 210
152 871
105 451
26 31 128 160 271 576
25 47 320 984
57 182
149 193 222 351 928
473 486
72 87 471
6 18 26 81 170
31 87 156 592 800
170 225 442 938
363 375
9 224 393
281 806
12 21 119 326
52 268
94 109 132 316 517 677 818 893
5 144 874
182 881
11 67 124 191 242 595 763
1 401
57 119
7 15 590
481 692
237 458 464
44 102 312 820
14 235 540 775
12 13 44 54
87 225 440 594 900
36 59
92 235 816
128 202
9 42 88 891 987
5 107 306 411
97 225 343 551 570 690 776 799 880
188 836
84 187 321
26 618
12 89 755 782 853
569 916
48 73 102 274 767
32 193
10 68 442 918
600 651 760 787
173 533
2 17 118 909
15 115 124 225 565 825
58 156
101 331
24 155 303 511 556
80 231 283 297 352 620
463 803 963
19 162
77 89
284 453
112 337
96 666
2 21 91 98 169 195 376 426 506
7 716
59 342 563
280 367
6 32 239 258 787
54 214 372 582 628
93 954
146 227 484 826 967
282 319
365 890
5 238 993
411 496
35 72 383
55 626
171 917 981
46 507 804
586 667
38 60
28 812
602 993
71 92 108 115 159 238 292 871
145 644 904
75 219 472 982
50 199
77 834
627 936 937
21 69 478 558
3 22 55 66 118 349 692
2 68
53 103
90 274 433
50 79 96 232 711 828
110 337 691 787
91 649
53 279
396 525
14 76 109 204 249 517 717 744
13 350
172 478
531 660
2 25 364 900
140 503
1 318 756 761 819
29 87 654 924
37 266
586 658
368 397 559 762
472 573
9 47 66 364
493 910
607 925
8 52 290
246 573 643
16 180 668
20 47 63 145 399 977
505 545
296 876
23 812 833
19 69 350 561 807
12 48 294 370
287 908
120 182 332 353
186 198 301
495 656
38 117 934
22 49 401 602 686 709 811 920
5 39 210
277 914
615 829
608 837
8 264 270
1 45 660
247 255
218 517 526 667 818
81 731
33 85 118 159 880
88 303
46 572
652 905
105 491
522 801
34 186 388
16 86 168
143 242 450
19 179
33 692
163 663
34 504
68 179 209 379 554 670
677 685
117 978
33 581 844
71 625 747
17 151
10 68 651
39 210 321 525 766 965
14 269 502
108 142
303 735
14 62 84
16 539
62 605
2 47 66 102 174
363 930
2 3 57 147
129 197 213 697
287 702
139 975 987
191 194
7 43 219 261 347 378 447 633 650
74 383
367 966
28 45 64 372 451 489 587
292 456 600 672
6 152 242 702
35 113 128 221 229 485 732 823 860
23 138 301 351 428
51 354 661
178 582
11 46 64 84 115 294 518
27 590
32 167 176 257 543 726
31 236
463 541 546 772
60 84 93
122 326
59 277
86 294
23 725 759
137 526
4 10 307 424 494 580 617 619 896
403 593
158 360
20 35 223 977
32 150 458 835 917
24 108
32 57 291 591
151 229 275 361
18 479 706
23 158 236 251 694
66 140 921 985
8 31 548 846
250 790
41 341 549
86 713 753
84 321 547 758
34 52 249 407 659 890
145 290 696
38 187 206 555 817 902 929
14 323
264 716 815
29 233
27 44
12 32
7 113 525
44 216 288 973 997
2 49 134 322 419 989
110 111
12 39 169 530
200 488
180 608 665 973
46 53 91 106 188
93 103 304 436 831 946 954
17 71 124 129
42 146 149 427 749 970
22 564
15 213 491 572 940
19 171 415 420 505
4 113
38 114 120 613
10 11 42 67 839
894 983
267 655 659
117 390
136 138 817 840
26 96
16 699 956
16 176 193 906 956
102 622
40 148
33 460
135 736 852
354 804
50 358 387 527
35 359 997
118 186 224
4 99 154 410 767 799 933
93 263 278 291 369 584 858 976
113 973
41 244 454 764 820 950
52 222 842
50 240 631
228 270 557 760 766 899
111 122 380 616 691
64 449
95 128 373 501 741
22 61 143 323 463 760 862
102 105
11 19 75 79 774
510 826
14 235
6 595
13 162
76 125 230 798
27 794 854
198 935
830 982
11 577
37 264 272 414 889
67 233
14 122 138 507 575
444 629
85 169 293 497 579 596 863 962
24 126 215 394 398 448
103 272 288 576 608 750 756 824
10 43
147 218 513 676 744 949
5 832
73 94 139 147
183 259
61 228 270 381
62 166 249 457 639 657 907
2 25 76 113 271 450
357 939
275 340 348 380 698
52 107 317 681
146 362
29 121 280
134 586 964
17 25 481
1 18
121 753
588 793
396 717
74 115 512 590 894
95 212 378 385
251 384
29 121 278
28 253 783
114 139
196 366
42 146
168 170 294 802
42 190 446
720 730
17 904
144 178 699
6 14 250
4 17
521 688 903
504 784
8 11 202 838
188 996
417 870
2 80 85
37 288 382 972
33 330
11 305 682 884
145 647
1 56 120 175 203 272 296 337 565
123 387 589
130 211
7 289
48 50 64 97 128 161 284 444
8 59 313 652
389 473 892
186 399
56 553 596 882
71 511
73 97 113 218 230 274 304
773 789
54 558
51 72 74 366 573 971
680 923
4 445 621
349 417
281 657
7 518 621
78 166
49 356
1 2 3 9 65 66 222 606
120 407
20 239
41 69 79 597
7 70 79 291
34 52 681
230 457
83 693 957
27 58 168 882
38 934
506 572 632 869
11 133 839
72 136 347 392 431 438 527 670
189 803
94 249
112 420
95 390 536
25 393 642 978
313 421 796
19 729
5 124 333 722
12 32 182
63 223 399 429 908
258 405
14 30 407 465
4 124
47 192 374 778
315 532 752 936
33 123 216 413 541 836 884
54 514
60 797
23 35 79 85 177 312 500 959
84 143 432
556 961
2 47 153 175 284 431
70 566 848
72 539
12 225 347 378 471 646 713
78 158 388
11 95 308 527 595
56 150 480 730 882
39 965
54 412
164 927 954
13 65 192
173 528 887
11 16 33 763
290 528 683
41 239 257 462
36 59 519
79 480 725
220 431
188 569
11 320
12 38 48 172 211 299 421
456 604 724
42 189
11 133 762
218 268 283 579 642 709
287 305 792
8 177 317
35 367 723
531 612
12 21 172
13 171 280 284
356 461 611
13 19 162 178 310 503 505
131 202
45 160
88 93 183 788
10 11 376 389 623
112 839
61 143 187 270
31 180 237 513 542 605 779 781 872
17 25 29 186 203 487
352 404 894
468 678
174 176
142 159 165 167 322 515 560 885
38 101 306
61 469
20 63 129 149 943
51 219
13 18 37 128 193 602 923
3 122 161 263 519 520 557
11 194
223 399
9 101 130 284
265 523 727 880
184 548
248 268 520
142 589
12 21 106 169 262 514 662 695
84 381
103 181 319
