16 294 307
24 142
168 180 193 203 508
44 645 724
6 14
47 564 692
7 43 621 930
725 912
210 763
38 306
94 953
245 542
7 522
93 259 369 526 680 700
557 862
112 457
4 197 714
1 728 792 959
11 133 493 990
411 913
63 168 301 317 822
313 353 411 647
73 623 798
6 14 78 122 235 384 397 452 540
130 284
289 693
109 200 351 704 942
4 10 101 499 803
178 357 427 503
54 357 656
122 258 285 380 404
162 350 422 508 602
45 63 223 363 977
241 493 717
62 149 190 248 803
8 558 573 800 819 848 873
314 999
36 519
477 619 624 946
12 21 695 881
23 510 888
29 207 227
51 938 982
40 96
166 534
35 65 799
8 49 137 235 395 848
1 49
11 308 472
37 529 532 542 733 745 980
49 80 93 95 100 711 968
4 9 132 274 300 705 727
92 134 393 625 859
682 884
86 198
178 206
585 738
267 440
180 822
8 424
58 233
53 598 626
21 172
110 112 787
6 14 26 81 119 237 368
33 361 447
349 538
111 178 201 285 495
191 348 755
26 170 346 559 614
19 56 310 350 422 504 725
5 39 196
1 110 112 345 420 457 815
76 147 230 316 851 893
74 658
49 404
459 731
293 372 596 912
175 197 227 869
3 22 47 104 130 299 356 400
207 367
19 394
7 289 866
13 50 128
26 63 223 397
217 271 601 712 818 926
48 79 359 618
104 612
46 385 402 804 871
650 787 947
69 195
10 190 281 378
148 424 495 530 664 906
139 808
1 28 91 98 247 468
10 86 428
25 151 320 874
108 115 155
27 159 165 386 590
9 24 142 159 168 299 747
1 18 160 792
231 358
10 258 476
20 363
532 826
2 47 176 251 524 677
73 125 206 316 450
338 347 466 661 739 753
10 127 276
105 879
125 601
80 355
14 26 50 736
6 40 69 208 311 468 782
58 441 453 915
377 979
32 77 89 106 326
20 60 88 561 924
73 109 526
141 531 660 943
252 420 457 691
109 274 292 832
314 377 901
28 253 396 403
66 192 448 570
171 209 379 507 781
354 366
27 45 49 345 425
384 434 655
33 125 340
5 288
482 564
16 32 34 139 217 268 317 706 810
219 438 827
20 29 813 976
194 360 693
26 235
294 307 906
168 294 301 307 906
149 190 209 315 379 613 926
44 759
509 804 831 868 944
69 333 970
39 91 210 247 402 602 795 961
51 72 75 117 670 713 790 817
61 334
23 56 480
57 85 161
23 49 401 571
19 30 31 32 262 406 782
136 791
349 484 615
1 278
50 229 618
1 15 46 105 129 213 430
40 70 116
127 225
2 9 924
35 85 161 821 852
30 68
95 664 823
187 262 323 432 531
8 137 261 264 314 319 443 477
58 67
82 952
38 820 903 927
19 184 225 643
38 153 934
41 189 190
195 295 483
37 323
41 190 446 902
116 467
62 113 128 229 413
85 293 347 633 711 745
1 391
585 771
887 943
6 14 81 407 651 762
38 117 164 245 390 421 665
2 22 211 978
75 179 819
137 261 925
62 69 70 209 255 343
76 560
379 987
553 662
2 173 201 265 283 984
37 60 93 121 255 256 992
21 412
15 46 213 879
23 79 102 399 937 959
125 632
20 63 242 375 719
52 537
270 758
297 433
7 525 575
218 292 309 389
27 70 74 115 303 556
60 88
162 545
114 474
200 492 980
102 712 949
157 271 515
293 662
123 131
3 20 43 120 186 223 974
620 880
21 54 128 597
63 68
83 473 490 751 892 897 963
192 284
46 957
161 372
29 259
114 139 175 369 379 395 770
8 68 577 848 873
53 110 325 356 691
121 183 214 954
120 913
136 648
460 467 710
16 193 520 681 828
2 22 83
63 338 977
94 450 486 672
12 668 690
58 568 888
12 326
28 86 294 508
3 6 28 118 368 397 445 805
56 269
71 74 294 372 419 425 983
204 389 942
17 37 688 756 837
112 175 417 484
16 49
298 741
413 449
155 735
83 148 896
109 933
112 318
9 26 130 237 244 547 606
29 858
10 340
71 74 100 173 297 507 831 880
3 130 242 320
11 67 234
128 254 370 489 500 740
43 575
193 317 508 684
83 227 776
374 909
29 584
114 209 474 808 987
87 226
30 31 158 166
318 380
42 154 650
13 111 112
337 479 900
98 553
437 985
68 250 373 854
109 164 344 513 622 818
80 355 523 917
3 58 66 191 886
30 341
72 110 569
49 886
42 152 600 718
115 173 311 322 586 865
4 30
15 61 92 105 129 260 591 887 940
43 195 581
2 9 14 67 81 329
288 614
113 724 764
13 394
101 164 285
42 156 239
212 405 934
14 253 403 438
1 160 891
57 113 293
23 135
71 138 225 251 789 941
16 431
10 408
216 240 316
79 210 343 535
5 514 602
112 404
6 26 90
108 586
13 19 350 816 883
105 167 871 957
283 297
8 302 395 477
87 250 499 840 847
19 407 422 849
308 499
65 177 313 732 835
22 102 130 332 372
21 597
466 617
35 56 113 444
550 595
32 275
7 10 42 43 72 373 617
13 721
27 989
8 945
57 65 79 128 221 437
34 52
232 375 399
126 151
37 77
6 72 138 347 718
7 518 636 685 770 900
173 463 963
140 144
37 103
178 503
186 286 905
7 43 364 621
50 85
4 10 226 366
145 182 332 544 881 897
238 328
145 188
12 40
97 139 969
16 180 503 684
10 87
86 168 198 883
76 249 284 389
34 52 107 226 390 784 897
13 64 849
377 458 613
32 196 514
4 87 127 472 494
35 90 315 905
206 727
24 198 307 383 691
16 29 86 193 638 789 956
47 88 93 275 565 700
88 183 185
33 620
176 642
266 297 426
54 89
3 25 176
51 189 351 452 923
29 335 409
15 871
182 647
73 450
1 18 199 391
2 481 642 677
158 703 951
318 409
97 359
57 85
41 576 748 750 901
115 541
406 589
60 291 382
227 417
96 298
118 211
211 392 840 841
17 119 306 329 445 638 762
136 179 199 281 378 552 799 982
8 184
8 137
10 373
260 839
160 635
219 246 830
104 151
8 418 925
1 18 49 257 631
378 475 552 971
336 382 529 600
277 533
29 183 185 204 855
1 10 45 49 199 592 670
12 21 89 160 172 242 256 834
344 379 979
2 802 877
202 910
236 341 551
46 105 106 129 174 197 430 737
30 498
17 88 151 176 203 752
168 843 956
220 238 349 532 679
7 435
3 224
7 49 62 366 413 573 918
69 96 357
41 42 159 436 704 803
61 899
9 176 222 224 374 564 785 909
184 548 577
35 150 330
518 776
281 896
163 611
12 169 676
26 547
289 518 522
180 883
31 158 341 599 692 694
15 183 291
133 196
114 286
17 104
12 169 171 212 834
355 433
101 175 220 306
254 489 742
83 148
212 331
1 18 199 240
232 863
36 210 245 319 324
25 74 641 714
53 666
47 66
21 215
109 125 230 365
344 364 396 487
107 268
536 805
159 267
11 320 607 640 960
64 605
84 766
21 37 165 281 440 702 767 918 948
50 202
195 386 511
132 157 279 622
2 22 151 301 642
308 354 817
182 290 353
5 36 39 377 439
87 332 528
125 132 206 292 482 513 560 949
551 875
74 398 496 619
48 510
448 652
515 517 632 729
71 74 92 94 134 541 586
421 761 786
76 109 137 157 166 230 456 534 744
56 232 433 568
22 32 135 203 730 842
114 857
37 152 402 660 981
408 916
344 843 979
237 931
16 99 149
132 316 436 581
30 104 203 645
19 234
92 286 556 944
38 291 461 535 955
114 139 533
47 104 162
330 710
45 549 885
185 585
31 945 951
35 79 588 669 863
67 360
2 35 151 192 364 374 441 846
27 40
254 343
144 624
1 173 265 620
20 126 399
4 127 414 459 501
209 781
124 595
829 870
220 327 328 532 829 869 870
516 873
36 186 248 475 574
16 109 327 538 615 870 967 975
18 66 401 452
84 134 187 286 334 352
40 116
188 332
19 34 129 737
5 59 580
80 204 389 566 890 998
175 519 605 773
71 105 108 174 483 658
80 610 968
105 197 917
319 807 821
52 107
26 123 208 768
1 45 334 345
92 303 512
11 58 360 872
163 325
304 515
127 385
157 216
33 126 772
4 70 213 408 674 896
451 493
14 81
1 13 18 45 274 289 634 877 885
141 542
145 351
366 384
27 431 511 891 964 989
107 504
7 43 539 575 693
75 153 296 876 904
215 270 686 758
319 850
2 162
6 651
594 864
27 857 918
30 37 56 97 103 272 288 400 418
94 566 667
8 264 403 716 925
130 244
143 181
103 875 901 999
53 266
111 784
342 563 627
3 17 66
18 27 425
11 118 978
28 254 423 489 593
336 600 663
20 223
10 72 219
216 304
43 590
112 223 337 765
19 545 612
126 287
124 423 595
121 214 280 858 966
91 342 669
1 167 188 296 305
2 10 51 68 140 539
2 31 236 388 936
89 227 415 538 555
608 750
22 299
2 9 192
12 38 44 117 164 313 387 557
37 70 96 531 999
40 255 298 678
349 431 967
23 95 140 312 495 939
90 315 550 595
632 769
61 321
3 186
13 19 43 435
9 487
5 44
1 107 345
6 237
45 59 240 391 667
12 589
30 78
205 285 356 404 445
99 239
123 155 868
171 412
137 418
99 440 723 941
38 101 153
185 278 280 335 811 845
7 192 937
204 292 517
381 560
114 154 549 555 613 808
218 292 371
72 343 375 609
81 225 242 244 368 441 465 524 812
18 127 916
32 54 80 141 169
11 90 506 709 726 839
122 657 776
50 480 497 619
1 15 561 920
17 130 186 222 229 605 634
270 783
26 51 75 414 498 592 609 643 744
198 294 301 530 706
8 838 945
9 25 52 222 244 448 481
290 836
4 582
2 606 846
80 920
44 229
398 735 986
38 153
38 117 120 212 331 777
87 136 438 440
61 181
88 207 416 813
14 746
18 199 240 257 391 709
17 211
85 150 437 888
10 99 154 339 351 427 528 902
164 796
213 491 591 697
8 12 443
2 17 689
188 216 340 513 538 676 747
205 789
20 63 473 546 810
127 138
6 329 407
1 811
138 246 592
160 419 709
39 921
86 362
220 327 431
193 664 816
93 183 207 214 584 813 966 992
40 98 343
16 93 121 183 198 684 816 828
12 215
23 95 177
33 405 476
148 810 922 948
26 541
48 444
290 781 987
6 39 133 277 914 931
6 119 235
324 346 439
36 231 321 519 587 783 899
1 112 122 131 143 502 932
44 102 293 497
280 629 761 954 992
42 239 596 835 929
72 125 136
36 914
434 881 996
64 285
19 35 111 639
86 858
1 7 391 571 635
5 150 210 707
20 592
194 960
175 220 484 826
3 4 7 25 447 603 995
97 553
459 559
147 300 472 594 827
135 177 229 491 962
8 157 261
161 743
106 675
8 264 492 516 577 815
59 608 660 733 914 972
99 861
18 113 161 561 579 759 833
30 31 52 166 236 951 965
20 158 166 429
473 490
16 86
83 148 563 751
10 23 137 179 408 428 552
536 540 659 671
671 1000
143 187 228
24 699
346 722
120 276 414 421 723 800
269 812
415 558 616
8 22 131 176 606
83 376
43 260 988
56 96
102 229 370
486 738
342 376 473 669
8 54 75 177 477 854
2 30 78 692
671 731
181 246 272
17 118
14 659
175 238 829
31 78
52 132 583
34 111 583
57 504 537
80 523 833 968
138 234 250 649 791 898
1 45 305 386 682 991
113 554
514 555
520 537 681
28 129 230 593 742
117 355
12 28 616
20 172 478
66 76 124 206 216 365 482 705
272 837
70 91
55 963
71 556 964 972
69 91
6 478 940
8 24 134 247 511 625
31 338 599 749 806 908
268 537
16 137
200 529 542 612 850 972
55 179 220 410 438 580 847
5 361
196 462 993
140 201
69 91 96 121 241 254 565 587
190 549 957
70 91 295 681
2 3 9 22 25 211 612
83 93 793 892 922
92 507 735
70 255
20 429
22 47 186 224 284 502 842
4 48 51 790 806
68 84 557
13 19 172 201 263 310 394 582
46 88 367 369
20 734
167 844 886
58 296 361 518 696 876 885 892
65 371 554
186 636
4 219 234 791
151 203 502 737
13 346 921 993
12 169 171 172 558 889
21 34 54 77 106
722 757
130 785
120 454
64 123
41 446 970
115 142
67 196 210 324 722 757
5 119 895
434 580 739 908
83 182 588 836
57 102 161 359 485 618 720
19 133 543 545
44 189 596 860 983
98 649
181 576 837 850 981
35 812
56 764
338 718
6 170 233 678
82 426
205 243 304 400 814
129 174
13 310
152 303 388 556 599 708 962 964 988
324 630
119 124 194 243 607
101 153
51 251 498 527 573 661 736 961
26 53 80 100 465
73 208 406 1000
2 17 47
53 82
60 121 214 259 369 416 673 761
375 429
233 763 765
47 244 611
14 38 139 164 359
152 879
76 94 271 515 667
88 207 291 367 416 797
5 39 321 323 965
96 325 604 701 773 814
4 51 144
55 82 209 882
9 680 900
797 855
544 793
9 22
44 48 56 95 327 480
4 225
143 228 862
6 14 119 208 540 775
50 728
267 387 927 969 998
14 258 318 337 380 405 420 457
449 521
7 43 525 801
39 40 96 98 195 196 468 678 969
32 406
42 146 410
5 13 19 39 602 795 849
220 335 417 484 869 967
6 185 329
170 235
486 544
94 365
111 405
55 637
27 541
79 95 639
87 105 180 539 694 830
20 28 363 399 734 790
48 202 686 959
5 108 196
21 77 90 133 406 567 825 986
249 890
46 73 109 157 271 274 300 482 851
34 107 504
158 434 753
145 644
76 94
278 369 554
81 243 397
61 174 334 352 358 760 827 930
740 990
28 587
176 393
70 116
41 135 149 333 629 794 929
9 17 320
154 923
279 403
2 22
27 509
154 165 362 415 928
7 522 575 621
567 597
23 48 65 177 263 910 912
17 21 203 224 348 636
12 32 54 328 679 825
28 494
9 28
93 214
33 134 447 702
23 57 168 273 553 582 706 730
277 458
126 878
21 77 114
72 75 136 221 527 661 938
2 211 752
34 124 217
99 156 767 861
126 287 305 370 451 581 702 772
29 259 278 280
24 42 512
15 84 187 225
265 610
232 267 414 860
36 69 195 255 859 919
375 609
51 219 246 347 392 573 715 971
90 184 264
26 407 774
18 249 733
64 131 224 524 680 715
49 571
163 400
26 170 194 644
10 674
395 577
283 610
250 308
61 187 760
77 215 853
141 200 748 824
29 121 256
73 109 230
353 717
99 156
81 447 628 779 878 884
13 799
189 928
46 594
367 496 855 954
557 899
3 9 16 424
48 135 618
34 56 278 647
145 182 275 332 876
11 53 472 598
354 840 864
44 45 95 97 161 653
40 98 150
533 628 845
48 95 130
4 75 87 471 499
60 153
446 464 926 948
2 156 190
41 239 777 794
110 112 122 311 907 981
77 122
169 555
59 101 256 277 280 281 565 687 831
123 266 903
239 902
7 43
226 385
126 265 283 523 807 865
505 616 755
34 52 174 217
59 455
33 436 467 911
396 451
74 134 236 950
162 263 394
270 760 783
110 252 365 479
297 355 865
24 49 180
66 522 689 844 915
21 169 215 275
78 388
24 27 159 383
188 290 904 996
266 463 626 952
45 167 401
309 698 727
129 152 530 572 809
97 177
89 165 239 339 794
3 432 846
115 341 708
26 615 679
126 729 949
11 13 350
24 222 244 425
2 299 342 486
50 57 65 269 500 720
76 157 469 953
825 853
184 516
78 237
254 370
125 147 206 552 769 798 942
11 726
8 395 516 548
11 43 124 506 550 640
103 181
62 131 574 728
241 533 628 845
31 158 551 936
44 371
73 933
29 291
40 378 617 971
11 133 179 191 194 298 594
16 780
219 501 635 817 961
147 705
58 133 191
53 139
19 394 545
52 583
82 279 463 509 958
51 569 631
13 19 952
328 349
37 980
88 258 318 335 584
91 116
118 853 978
131 867
34 52 107 268 721
9 66 481 685 689 909
73 94 230
197 551 572
214 280
11 80
48 107 163 205 325 356 611
33 305 646 779 911
223 310 609
1 100 994
50 102 128 451 947
143 187 218 228
20 262 363
7 45 146 257 410
15 129 213 491
578 994
77 215
261 838
55 832
216 292 623
12 160 237 240 257
15 138 548
37 319 513
159 719
3 915
3 9
164 786
10 51 226 467
120 331 387 442 494
7 63
148 627
134 512 774
398 708 866 894
296 696
205 604
11 90
3 17 25
16 163
47 453
17 131 606 867
68 603
62 248 282 521
8 192 418 443
163 400 604 701
144 145 178 273 357 644 699
87 136 283 578
44 48 76 97 135 302 372 662 997
9 17 104 203 570
37 314 382
290 353 904
9 25 28 73 222 241 336 393 838
73 76 97 132 309 454 526 832
5 895
16 822
93 259
7 40 43 44
5 39
53 227 279
5 31 78 166 382 570 824 889
35 50
5 439
274 275
540 683 802
12 215 610
137 184 548 716
285 476 907
18 50 267 304 578
144 357
24 27 322 398 590 894 944
60 291
1 45 559
22 284
19 263
5 39 324 607 677
19 422
276 392
148 155 376 487 490 497 563 627
34 520
5 32 39 75 630
41 767
449 688
23 35 221 232 579 596 852
51 234 860
28 253 493
125 218 309 656 763
471 703
33 772 779
148 158 342 376 793 922
25 57 150 985
40 649 877
242 374 487 576 623 674 752 785
31 92 937
568 611 663
60 713
110 122 191 315 360 550
122 252 521
140 874
62 64 228 248 312 633 697 764
31 86 193
16 82
226 703
333 339
92 155 989
373 466 471 819
68 354
74 511
98 247 255 295
70 91 919
79 973
36 377 707 856
46 714
51 121 655 723 864 982 995
475 648
23 90 173
33 83 269 330 374
199 426
65 74 113 264 466 668 730
7 525
4 8 264 443 563
160 401
71 108 142 383 774
1 4 10 68 72 742
71 590
306 820
21 164 313 390
654 788
95 177
4 138 251 392 617 643 806
974 991
3 192
85 179 246 384 908
54 105
15 250 526 712
37 200 427 614 745 748 970
456 933
36 263
363 740
3 47
121 185 409
64 131 931
66 104 984
67 133 194 986
16 25 284 659
8 38 79 212 454 465 820
455 593
270 386
3 178
81 407
11 58
14 134 159 383
69 116 295 358 470 567 741
172 415
99 154
114 474 975
15 818
25 224 525
241 403 450
129 213
10 42 378 402 549 704
56 102 103 245 500 756
36 59
346 462 895
80 89 100 173 312
28 241 253 455
243 464
36 59 170 707
238 327 328 417
23 24 42 50 146 302 568
212 387 461 786 927
69 591
76 601
2 17 22 65 66
15 46 144 146 247
38 101 110 120 212 252 340 390 913
30 341 347 501 749 938
20 25 242 984
30 31 33 316 562 729 751
63 71 223 433
18 45
15 69 91 295 468
16 780 935
34 268
56 488 841
654 673
117 153 313 411
27 62 245 266 269 282 492 614
29 256 976
337 657
106 136 695
34 52 107 217 520 583
77 171 202 311
4 385
59 253
4 47 72 147 373 385 494 527 795
301 780
27 65 134 625
8 172 208 262 698 778
158 388
81 465 534
26 296 528
11 15 67 97 124 191 483 839 872
21 68 71 92 108 142 462 478 675
108 115
96 195
181 246 442 531 580
56 57 154 387 732
2 17 39 40 412
11 84 352 672
535 777
38 60 75 87 226 276 569 923
258 941 995
2 715
117 665
14 622
144 201 497 633 823 939
335 654
123 867
46 174
13 53 229 277 371 874
31 317 805
12 89 106
159 419
3 222
84 758
303 419
64 110 111 156 165 219 420
116 257 939
118 393
67 82 136
25 587
13 350
7 235 536 547 651
191 260
30 33 78 287 436 460 646
5 100 167 523
115 155 470 624 866
365 893
326 656
168 198
41 99 154 165
103 721
469 766
2 3 17 25 55 176 204 299 771
175 238
182 435 801
42 165 754
59 189
6 14 768
163 336
113 202 543
62 64 123 228 252
78 682 875 889
6 14 170 746 990
663 814
6 57 139 613
330 361
48 579 653 743
41 156
152 572
53 55 198 279 463 809 843
94 517
141 576 898
43 167 240 571 878
11 124 169
17 103 288 608
15 213 697
128 135
452 687 775 1000
9 320 502 652
652 905
17 634
222 360 441 570 856
18 345 401
86 424 935
44 85
119 170
61 352
9 25
6 63 243 977
13 263
22 322 386
20 393
36 41 59 104
15 113 178 273 359 488 962
177 312
314 382
605 688 932
4 50 68 475 544 847
20 399 429
77 478 496 567 720 988
4 75
75 354 713 753
90 506
524 685
339 683
63 321
10 384 392
140 201 273
1 18 167 185 920 950
639 907
7 289 428
31 534
23 79 102 221 488 724 732 743 997
344 474
117 331 796
356 604
67 90
24 423 726
29 41 333 339 446 591 754
36 277 458
127 276 578 898
4 41 42 156 362 427
60 367
35 74 85
21 106 262 558 668 675 773
58 546
442 655
89 169 589
12 32 171 412 589
15 887
33 460 471 884
18 257
796 955
132 147 216 637
141 492
145 528 696 836
110 479
145 296
12 32
14 768
33 390 934
29 683 861
61 120 231 323 432 469
261 815
46 430
439 993
1 18 792
217 784
398 950
12 89 615 616 824 826
68 103 603
11 307 666
65 302 759 955
24 108 143 231 381
85 161 510 973
83 738
269 882
88 409 565 976
6 14 55 536 762 775
58 90 423
32 106
9 36 46 141 166
33 278 581
27 140 495
6 26 338 445 547
144 151 178 201
470 509
10 60 93 700
48 65 79
432 469
143 249 560
32 259
61 119 312
317 828
5 15 152 940
272 288
70 690
55 82 139
167 265
507 946 983
598 626
15 59
539 841
20 21 111 142 514 778 834
35 44 85 97 128 135 147 150
48 66 153
58 67 71 872 960
823 985
9 38 118 364 574
183 582 956
20 88 376 734 771
8 16 86 640 716 966
287 710
149 273 699 719
39 46 174
207 631 788
13 162
123 546
34 52 107 204
182 996
82 133 315 958
79 102 527
18 199
231 321 358 766
101 665
10 40 54
603 670
84 105 152 430 572 804 930
3 638 935
308 408
28 210 218 274 304 396 947
12 54 695 778
74 546
5 47 78 156 221 271 293 543 811
1 18
23 35 65
39 991
55 266 426 835
29 797
53 340
309 601 744
490 588
173 265
37 113 245 282 444 750
98 247 859
42 146
81 100 459 802
28 171 717 782
24 267 273 496 503
251 442
21 208 311
383 483
100 179 821
3 5 462 921
123 637
725 736
142 658
687 746
33 330
13 59 453 505 519 593 856
111 479
29 207 256 416 924
61 84 862
22 25 47
370 641
63 283
6 368
2 41 103 146 271 272 351 362 676
202 221 371 711
7 289
238 456 698
114 770 809 975
11 124
50 101 117 444 461 510
188 353
16 28 31 253 396 641 852 854
455 650
23 103
62 64 521
126 236
19 59 162 197 310 505
51 187 381 411
36 53 82 180 458
485 488 844 882
3 25 82 481
143 228 334
55 249
15 174 402 491 566 917
120 306
23 485
30 599 694 749 936
91 96 104 116 140 919
22 211 453 842
6 14 81 118 170 194 243 329
282 608
12 32 57 171 208 326 653 973
62 64 131 449
24 115
5 78 138 630 645 757
11 260
14 218 566 798 953
41 149 333
300 562
4 234 800
150 202 268 646 833
288 421 535 657 830
100 397 464 807
200 600 701
32 106 236 326 893
225 281
250 648
42 410
258 405
11 58 166 233 260 361 388
141 282 756
18 122 404
60 585 588
77 348 755
11 38 101
54 89 200 880
67 233 506
119 368 559
193 530
39 965
72 366 569
224 435
209 364
23 437 997
184 261
53 55 598
287 974
67 607
149 362
19 564
54 172 348
305 460
42 189
146 165
24 303 512 857 891
52 586
108 155 894
206 562
127 189 739
7 801
132 249
517 890
54 262 275 348
325 851
5 205
70 98 295
30 543 554 561
15 929
204 300
44 232 298 480 863
24 27 61 71 84 228 286 946
57 302
3 13 162 505
75 100 498
55 279 489 666 958
287 911
45 49
231 323 358 381
111 252 337 380 765 787
62 64 248 690 903
485 629
227 584
197 217
322 470 788
99 146 149 754 928
413 932
21 22 66 89 106 118 276 448 597
4 87 916
4 135 501
34 35 52 95 214 221 331 994
24 108 943
3 27 142 155 270 322
282 500 529
73 76 389 456 673
464 731
128 150 579 910
72 138 181 233 251 272 428
380 476
94 132 147 562 769 998
69 98 116 218 741
92 286 747 868
84 381
248 574
188 290
5 84 352 686
1 160 454 461
157 672
163 205 336
