329 524 679
52 93 161 239
188 246 966
178 183
80 119 398
6 8 17 57 665 863
499 535
102 350
303 380
190 320 604 841
231 442
25 60 172 237 378
67 400
30 60 378 457
123 540
44 72 167 191 769
57 212 739
4 697
103 110
45 71 96
51 64 462
75 84 218 277 282 358
148 170
337 420
3 71
63 382
15 563 942
343 456
31 628
62 128 229 836 991
60 149 294 343
128 155
26 28 105 122 123 134 503 567
550 949
15 108 157 222 598 625
22 215 261 328 508 565
5 151 222 262 299 301 571 605
248 385
15 988
368 815
19 76 169 275 366 389 403 532 591
112 127 134 137 343 528 743
4 72 93 226 227 508 513 924 967
146 156 215 261 341 441
189 579
9 967
198 212 324 825 977
58 194 876
63 66 177 190 918
9 23 93 112 195 346 683 716
206 474 886
4 166 721
15 884
36 816 890 952 974
92 125 250 285 475 507 946 985
35 69 274 551
13 48 98 784
20 66 74 80 135 675 776
20 132 916 931
153 248
36 237 306 750 764
11 96 150 527 581 831
175 189 214 220 272 298
519 651
9 60 91 294 384 525 539 821
102 694
51 554
322 405
70 715
664 826
53 186 322 537 824 830
75 159 173
25 238 329
249 451
42 108 243 281 341 548 555 916
266 294 389 974
83 488
88 582
122 505
31 886
2 6 114 263 272 540 545
219 351 715 864
226 227
494 505 834
49 404
52 239 522 854
31 160 246 637
137 342 378
5 9 44 86 789 885 969
5 48 461 607 686
242 328
76 306
76 266 394 845
83 128 380 664
152 332
47 672
155 162
4 19 34 36 273 529 697 811
22 443 478 606
145 153 800
33 320 372 475 749 957
276 902
29 34 121 261 269 533 536
7 16 44 296 374 418 548
79 780
101 174
89 199
51 62 460 794
22 82 156 399 544 999
6 446
213 680
100 483
91 93 107 109 140 264 377 887
326 418
4 73 498 519 534 731 780 893
40 77 100 817
120 648
94 663
16 49 99 186 574 775
78 823
241 284
66 635
25 82 85 175 618 888
3 41 259
299 869 874
29 118 375 494 495 979
1 37 401
671 728 912
17 32 106 290 307 334 577
493 693 768
79 169
54 847
621 711
130 197
84 426 938
67 349 574 632 757
40 77 702
8 88 95 106 430 953
146 433
10 83 124 488 682 826
214 347
26 208 355 567 737
8 290
89 129 426 451
124 340 488 677
101 243
66 788
51 182 710 717
43 64 72 163 351 710 713 745
109 164
538 544
3 65 570 810 876 878
21 494
256 518
37 209
231 762
47 105 223 253 454
105 107 123 163 260 264 768
30 755
21 363 663 725
38 341
68 386 653
50 151 571
120 227
107 666
61 304 735 892
91 93 105 164 861
91 112
3 19 504
13 133 209 362 365 387 668 910
458 828
51 687
12 42 117 295 310
54 215
9 11 33 177
159 502 507
21 24 94 849
55 233 300
88 225 957
79 167 364 381 416 688
10 82 363 520 587
53 180 569 908
78 136 891
244 552 830
8 496
3 13
124 664 868
50 206 246 301 930
4 10 20 150 450 631 920
67 255 358 857
199 294 860
21 62 67 149 255 293 690
20 640
2 401 624 795
96 771 813
14 961
19 177 256 439
7 87 177
9 152 264 332 423 583
15 135
61 81 250 297 311 338 933
251 415 491 520 732
340 703 760
48 79 124
90 115 152 564 609 748 888
373 388 678
4 79 390 860
63 78 387
185 592 824 982
42 141 258
26 538 544
97 150 792 864
112 226 319 583 884 996
14 33 118 354 576 772 899
43 51 97 436
165 335
105 141 376
59 327 694
154 751
8 13 144 224
147 260 432 683
18 235
13 347 568 770
5 104 151 515 545 887
182 351 710
28 94 211 377 420
35 700
16 49
12 19 27 943
60 172 230 398 438 649 727
154 370
64 70 323 687 713 717
112 332 379 530 692 913
13 390
10 20 251
31 206 269 368
2 187 637
7 31 33 95 129 154 481 852
1 2 81 167 339 345 506 641 643
28 74 446
21 515
82 242
2 12 55 547 602
6 353
17 88 103 560 959
67 153 358
59 81 113 240 265
963 1000
1 101 305 401 581
12 15 26 171 446 468 834
66 230
10 199 269 383 813 859
73 591
29 30 179
35 285 665
336 541
262 316 474
423 432 612 835
219 749
306 309 320 495 799
72 158 332
19 983
4 114 175 277 285 347 949
38 207 598 804
63 412 422 707 735
38 758 804
476 498 871
9 23 102 613
3 37 126 556 973
3 41 98 181 185 279 644
3 41 148
411 815
17 39 87 103 304 586
23 41 73 523 658 917
517 772
59 178 203 322
110 159
80 821
52 760
45 777
167 300 348 627
51 70 182 197 202 221 223
210 449
9 86 143 147 163 435 593 835 881
22 136 865
188 196 362 562
162 951
69 95 144
272 402
26 134 137 231 449 561 620
92 225
392 479
11 938
9 200 417 881 996
304 530 576
375 386
131 138 379
70 83 97 182 682
20 53 87 313 363 472 499
54 549 990
109 321 396 434 583
25 313 524 934
109 163
53 64 180
32 247 334 411
21 592
102 357
24 37 271 316 330 395 741
10 242 569
11 84 369 371
8 69 106 914
17 61 106 110 243 728 934
99 336
72 317 425 455 602
81 140
17 469
611 803
70 792
84 348
43 496
767 993
385 409 447 684
2 880
166 708
7 13 37 49 79 327 773
46 68 113 353 704
40 158 186 239 511 522 724 842
15 48
15 181 211 413 568
286 312 917 944
29 58 63 531 742 751 895 984
724 819
24 468 905
58 118 154 440 518 590 676 899
15 134
18 27 159 235 361 367
27 696
17 108 326 374
1 385 409
18 47 130 180 367 633 765
6 382
51 198
6 27
12 27 117 803 911 943
28 122 941
177 192 502
52 233
109 861
78 399 533
25 263 499
50 151 646
18 839
54 138 766 787
40 149 483
29 162 840
26 49 111 142 170 241 284 487
30 47 418
93 152
4 34 183 589
82 184 201 269 270 415 614 875
138 328
28 192 196 253 283 471
2 221
61 92
170 278 883
80 137 301 343 366 378 384 998
15 26 74 85 135 216 284 549 561
19 898
246 438 706
95 247
180 201 228 289 450 875
3 185
1 174
23 118 147
30 453
7 59 142
7 9 16 68 744 790 806
42 327 338 681
7 806
40 883
66 230 315 441
63 77 278
287 674
408 493
76 701 762
434 533
72 205 584 689 917
241 636 997
203 604
4 9 23 195 519 731 734
4 199
22 32 156 232 368 434 469 823 992
27 319
290 551
403 708
6 496
118 238 302
87 132 180 184 407 573 771 797 853
56 171 253 755
61 103 673 903
130 578 633
17 405
27 365
104 301
274 290
2 365
356 419 421
78 136 396 410 673
46 119 149 230 344 456
480 580
9 74 93 99
2 292 466
50 606
6 38 57 114 179 234 800 812
68 244 487 501
73 83 89 756
9 152
61 92 106 551 763 843
123 493
26 185 458 778
245 944
267 411
86 143 639
2 476 688
311 467 744
8 114 189 896
85 256 271 370 383 939
212 832
191 240 344 585 694 873
23 447 881
328 740
524 600
2 64 70 840
71 155 491 746
48 83
214 238 240 247 288
33 118 249 252 271
238 288 535
177 668
132 208 463 662
18 39 116 127 174 802 901
75 331 798
15 28 181 500 849 959
37 599 654
114 329 568
53 388
7 148
43 347 554
11 348
206 350
440 607
74 134
156 833
11 369 372
147 281 408 735
218 277 655 855
22 156 219 399
34 236 783 922 943
37 55 515 564
3 12 726 851 911
278 480
8 17 47 69 220 622 964 977
97 210 308 630 902
191 243 955
245 319 432 868 945
391 467
24 99 106 151 209
97 661
264 486
47 622 897
3 259 828 993
175 588
37 589 853
674 794
41 122 171 279 513
240 585
616 889
75 111 255 574 619
20 45 201 520 990
1 155
6 43 323 761
72 634 683
30 542
42 81 113 140 327
46 353 788
336 777
32 35 69 247 297 310 490 642 946
35 61 502 586 922
242 522 618
127 305
62 157 460 836 872
501 597 986
19 328
2 44 546
40 77
69 88 290 368 490
49 68
16 61 170 182 244 257 404 536 805
152 417 753
13 37 784 910
21 131 647 669 894
9 58 112 152
276 902 921
33 58 289 628 844
96 587
25 90 220 234
90 612
102 273 312 525 727
227 392
10 82 99 289
169 360 720
47 557
5 262 474
34 808
1 145 162
72 86 107 163 245 425 539 775 913
76 172 201 275 339 398 816
8 13 24 161 233
39 123 401 414 791
457 494
25 45 189 995
7 325 391 407 700 801 892
146 169 712
4 48 591
11 299
207 374 548 750 978
655 870
29 58 281 291 729
34 479
5 12 50 155 162 809
8 566 791
121 261
2 138 292 515 829
31 562
6 31 188 330 509 848
25 214 220 748
6 204 212 761
16 20
12 27 34 504
56 134 292 513 567 697
75 131 168 173 255 282 484 857
3 876
37 105 999
15 241 651
286 584 693
17 110 368 914
54 379
38 193 326 418 576 865
243 280
232 443
46 892 989
314 491
21 87 94 333 472 663 685
4 169 233 511 688
18 197 361 367
59 170 322 464
1 774
667 734
8 124 340 677 722
99 233 900
158 723
31 508 930
104 254
1 155 216
74 91 122 620 625 690
65 289 556
21 94 282 608
36 119
47 335
30 419 452 701
348 775
15 72 152 486 689 956
733 910
33 46 649 704 918
2 223
397 742
33 449
13 38 84 98 196 455
26 567 834 884
3 19 44 167 203 404 594 686
6 23 44 90 195 289 584 761
2 795
12 22 39 155 232 428 833 903
34 552 668 807
3 767 817 987
16 59 311 650
630 751
184 527
13 24 99
39 101
24 64 824
296 741
214 263
80 108 658 940
14 243 449 497 825 923
48 211
20 85 269 729
186 187 480
37 111 538
153 216 448 647
72 143 401 774
31 172 206 364 562 565 691
347 579 781 838
422 907
521 808
71 919
34 117
153 282
48 860
167 221 667 837
1 23 858
10 228 587
23 489 521
43 44 55 79
216 337 669 718
1 39 305 747 903
78 117 433
79 523
46 51 66 306 315 343
14 59 302 954
29 33 141 759
254 360
12 27 961
9 121 146 232 393
8 17 297
919 959
381 416
28 396 413
62 222
69 201 444 767 831
11 15
47 932
35 608
18 38 108 431 459 576 762
18 130 137 266 456 467
5 57 80 84 129 204 312 678
175 214 285
141 956
19 820
189 220 568
20 137 150 242 251 314
120 225 597 608
350 438 594 605 678
43 182
19 34 428 521 670 856
304 372 424
380 714 793
194 271 384 457 648 655 845
165 272
371 796
15 18 562 716
32 120 148 914
4 40 77 936
83 130 340
7 11 16 35 68 84 88 552 627
106 642 856
105 264 493 699
28 218 596 869
101 127
254 629
183 349 619 923
4 166
209 353 506 558 958
417 492
28 122 171 211 241 513 776
32 116
21 168 575
50 57 832
393 433
100 217 385 516 935
98 506 532 905
9 23 64 86 345 687 897
8 110 931
131 647
8 103 293 747
45 270 472
93 736 753
2 50 55 76 88 151 370 877
56 135 442 453 477
126 392 570 878 986
49 59 183
204 237 384 435 590 698
28 355
808 820
28 204
17 31 102
22 992
19 375 427 482
2 14
26 62 222
52 131 216 248 522 653 757 972 997
93 286
517 956
16 214 497 807 925
37 133 430
136 217 303 901
239 342
291 895
31 481 509
176 549
333 544
47 165 190 196 874
31 41 160 185 188 628
50 104 266 606 680 736
70 323
136 261 393 478 514
30 111 122 142 296 349 806 848
30 421
11 30 179 371 451
36 80 237 275 384
78 138 204 645
5 299 526 942
22 69 183 424 582 586 933
11 135 420
179 915
8 36 816
34 428 718 809 927
64 717
5 104 254 360 994
37 133 339 617
160 307
33 138 176
2 37 221 395 599 968
20 53 194 618
242 698 777
22 44 121 219 543
6 46 649
68 847 963
89 440 529 731
32 325
62 287
19 27 809
124 205
265 461
124 682
25 111 257 311 497
115 733
16 100 723 794 936
52 377 592 724
10 13 20 506 842
25 175 313 981
138 399
18 26 28 65 181
7 29 68 552 966
41 186 497
337 377
942 988
9 492
80 119 389 590 754 845
62 165 622
69 700
11 627
53 180
27 317
90 189
5 107 994
12 19 27 38 374 866 940
112 639
11 308 869
190 276
572 971
65 126 479 699
25 113 470
8 95 372 776
6 801 850
58 70 439 661 790
276 375 397 517 752 766
103 885
307 814
43 113 191 338 414 585 671
75 163 164 200 406 789
2 6 10 32 566 863
514 536 992
465 898
232 535
12 19 489 911
22 126 546
21 40 459 580
14 120 173 226 986
190 909
487 788
4 31 89 265
74 355 503
109 147 406 641 768 945
3 60
468 815 957
17 198
16 142
319 448
9 14 90 125 256 268 272 354 979
129 132 249 415 938
7 619
13 24 448
30 65 119 137 237
179 453 542
8 23 32 35 125 879
27 34 117 143 164 361 543 670
50 636
1 246 481
39 229
11 350 369
26 134
48 126 523 805 973
38 326
17 57 198 259 553 677 851
212 380
53 657
25 588
65 528 962 970
10 71 829
46 395 441
10 77 293 580
14 29 56 276 318 439 818 925 984
1 34 174 295 393 410 833
38 459
602 779
59 650
55 221
101 127 153
15 66 241 613
30 356 421 477 542 755 812
335 874
55 546
64 213 254
25 30 329 392 929
20 66
279 553 826
147 786
366 599
9 76 467 540
489 675 927
50 571 646 859
2 44 547 906
18 28
21 94 337 726
200 773
32 35 119 285 395
95 120 376
10 82 132
77 186
61 106 285 507 566 763 879
5 60 151 172 262 346 526 571 615
47 165 557
42 140
157 287
514 749
11 113 140 218 939
100 187
11 61 92 274 490 582 801 896
90 140 679
31 57 59
782 850
48 403
15 477 769 965
47 595 900 932
22 87 121 318 436 644 712 999
10 388
41 54 81 121 381 390 470 555 882
359 422 928
102 465
23 260 264 286
30 45 52 54 69 1000
280 344
80 636
193 459 804
105 109
15 26 56 108 237 714 877
7 16
28 74 134 208 445 471
23 278 626
22 28 121 443
44 200 245 346
121 146 215 433 536
175 276 294 389 575 770
29 302
1 101 305 409
3 550 851
136 535
1 45 129 217 303 447 746 802
26 74 561 827
123 200
230 315
130 213
113 475 516 812 873 955
26 171 181
126 878
102 904
164 887
23 200
465 605 706
12 27
26 122 445 563 827
42 54 280 344 939
11 95 103
58 192 268
2 55
139 239 364 565 819 976
20 87 444
110 557 759
55 93 195
503 778 822
141 907
273 706
12 19 60 560 581 656 684 811
30 356 421 854 915
9 15 86 105 205 500 626
108 193 909
249 426
160 565
7 16 59 203 244 296 741
5 360 414 560 652
22 730
47 623
125 566
159 334
66 137 431
35 127 155 581
318 365 408
68 111 589
64 97 715
250 665
63 635 818
14 16 194 386 921
181 256 471 737
238 263
79 331 534
23 423 425
225 325
7 405
62 229
46 58 118 141 382 752
104 994
35 473
17 32 92 212 835 985
12 70 236 504 820
56 135 208 253 367 413 442 620 947
45 96 251 363 813
39 174 557
7 16 111 203 405 429
146 543
43 73 146 396 864 989
345 435
624 631 746
4 94 349 651 720
129 167 964
37 354 564 853 905
348 356 542
75 92 131 400 610
110 224
27 236 611
66 353 441 950
358 632
6 57 437
1 71 143 147 858 935
42 338 470
10 45 269
23 105 205 583 837
116 162 217
1 22 443 569
224 307 509 814
133 222 532
114 623
13 299
8 32 92 139 404 551 722 800 980
32 35 92 207 843
38 63 193 207 548
120 479 846
312 357 525
8 31 63 190 512 676 989
29 400 648
1 164 937
40 100 197
1 62 71
63 298
258 711 926
24 133 512 541
173 334 469 634
505 822
75 173
25 90 524 930
45 228
46 66
33 194 354 397 825
35 428 482
77 158 187 293 483 872
218 369 785
40 143 179 187 702 817
22 139 158 278 580 972 998
681 975
502 517
6 129
43 182 745 982
402 962
290 473
100 730 891
59 68 244
184 314 373 527 573 719 818 908
29 362 403
35 71 247 274 559 980
32 46 918
260 435 641
122 208
235 839
34 482
43 51 64 70 97 202 358
25 90 168 263 288 588
18 765
228 375 495
563 846
1 71 101 127 951
262 673
4 265 893
6 234 832
83 144 553 666 945
369 785
33 370
128 157 222 229 510 836 858
26 445 925
51 182 713
108 193 207 239
88 125 407 452 985
72 93 163 245 345 417 753 861
56 65 570 716
97 454
24 30 40 356 462 477 617 671 894
9 43 98 107 209 351
192 359
257 744
21 94 333
11 129 870
144 760
7 326 796
141 376 439
486 689
103 310 325 444
331 381
3 916
7 16 19 296 406 464
92 274 297 469 473 933
227 597
41 56 181
46 704
8 49 125
63 118 283 302 412 495 814 841
281 362
8 17 32 95 231 247 586
44 55 309 537 672 725
7 29 33 464
5 104 179 763 844 915
183 484 537 796
120 924
36 952
63 196 252 408 531 907
14 29 283 362 676 787 899
60 76
27 110 125 235 879
109 205
10 87 434
144 287 452 489
118 194
17 61 159 287 1000
34 117 866
77 278
330 686 725
50 360
36 76
45 53 505 569 721 831
28 43 223 391 398 432 554 786 841
12 34 464
11 168 267 277 920
21 39 47 94
121 146 478
219 399
19 638
82 388
20 173 216
33 139 233 511 577
123 969
41 127
503 849
6 35 57 126 372
359 929
4 103 191 240 344 520 882 926
44 637
5 50 213 680
14 259 279
158 789 862 996
76 346 391 890
230 976 998
16 51 316 429 537
30 57 198 504 782
172 391
73 381 403 695
54 176
9 50
23 293 773
488 703
198 437
18 983
18 364 988
42 47 280 335 595 643
131 168 873 894
62 510 621 848
13 16 49 170 948
324 863
128 738
14 57 192 603
40 234 437
37 733
18 130 235
137 291 630 921
13 37 115
382 787
32 106 971
65 570
32 250 547
136 324
24 195 245 317
71 217 774
14 29 154 210 268 308 318 323 844
123 142 178 650
65 373
60 119 406 448
18 130
330 589 653 702
78 248 543 870
288 329
132 533
3 10 53 184 383 614 657
21 351 402 420 561 764
485 577
8 103
57 234
1 24 39 684
2 50
111 148 830 947
89 390
116 133 258 560 802 935
88 473 582 896
134 253
195 204 273 350 465 525 691
217 409 791
139 161
333 772
46 64
144 460 482
35 86
376 909
18 578
246 508
325 424 743
685 906
14 252
5 176 213
88 95 125 274 413
51 462
270 491
14 67 216
13 24 99 133 315 558 635
24 541
65 612
13 968
72 120
36 65 546
11 84 114 169 249 500 855
24 564
115 133
5 27 108
603 954
44 275 554 790 792
23 86 143
51 286 323
39 104 901
41 779
10 96
17 106 310 507
292 373 545
2 91 107 221 492
55 160
67 610
89 871
48 393 852 976
1 21 71 81 207 550 980
60 135 284 355 613
83 797 868
213 474 629
4 54
150 180 614 771 931
89 331 523 871 893
1 71 127 539
281 320 521 954
98 395
39 951
13 24 32 55 98 209 709 958
207 455 978
183 203
26 69 85 150 201 228 359 867
200 252 298 382 400 427 575
78 321 740
3 41
456 743
25 40 46 419
170 601
33 58 63 268
13 24 115 162
52 69 139 714
54 176 880
7 16 68 472
56 500
9 286 736 923
10 15 21 86 171 211 445 719
36 67 321 389
202 462 645
24 28
3 183 948
297 977
10 45 53 573 660
1 590 821
16 170 530
90 114 175 220 238 288 579 929 995
139 652
133 621
2 3 131 429 451 604 967
87 132
58 386
371 596
30 965
21 333
6 220 234 352 657 748 781
531 937
38 940
12 94 117
145 666
169 199 280 486 498 534 855
36 742 895
91 111 112 539 584 693 847 983
161 342 394 481 652
4 708 756
18 31
7 203 330 405
5 50 75 104 301 857 859
194 427 966
3 529
12 40 158 480 872
185 410 891
38 598
8 144 946
126 962
95 885
75 153 997
14 386 512 531
136 644
5 229 262
54 390 530
287 595 991
5 526
91 107 138 176 463
31 206 261 307 886
20 22 270
29 85
15 188
153 171 248 267
8 115 430
255 484 610
39 528
8 490
64 70 97 202 223 645
116 550
18 21 160 659
193 654 758
119 974
65 973
67 331
3 41 185 993
22 215
53 444
44 643
128 222 510 738
128 165 711 932
11 123 129 371 944 969
73 99 416
4 259 416 695 795 941
102 779 904
15 284 334 696
316 799
20 53 387 660
2 4 461 780
14 154 196 268
43 70 202
78 158 478
89 166 345 476 591
7 58 192 270 298 387 412
36 670 718
27 56 662 846
12 927 961
43 51 272
662 793
77 496
114 588
17 244
13 685
275 378
81 258 280 394
52 511
556 970
100 883
374 455
45 450 527 587 640
311 948
640 732
62 229 798
65 126 970
22 78 156 215 232 730
357 727
226 501 699
279 458
6 638
42 49 59 109 178 257
9 91 164 321
336 532 617
107 425
116 572
67 273 295 594 611 632 656 709 922
1 116
13 46
7 316
98 115
9 86 317 593
912 975
219 396 712 823
90 367 578
89 379
40 100 174 585
18 117 197 361 578
140 555
23 308 320
4 73 89 199 377 476 658 941
160 206
7 487
365 759
2 44
28 231 764 827
1 39 145 162 174 414 447 754 949
11 218
335 498 900
60 76 149
38 341 750 758
145 164 205 862
130 633 722
39 71 101
23 91
168 357
33 154 210 340
705 867 995
224 250 577
15 28 171 208 211 442 468 471
33 707 752
61 424 669
45 82 184 573
11 84
55 292
117 236 366
5 217 463
337 402 538
19 34 227 803
17 407
42 205 394 626
572 624
4 265
190 281 457
679 781
35 144
6 46
14 177 252 309 354 370 412 919
84 249 785
267 400
42 113
38 157 460
80 172 398
29 318
52 558 709
38 193
157 510
87 660
10 875
4 79 695 958
854 972
2 300 545 837
9 42 437 897
253 778
56 74 784
3 355 458 822 828 987
42 43 70 422 707
260 913
173 248 263 461 484
12 19 656
17 110 224
36 80 149 178
32 156 219
52 161 166
13 25 99 352 838
6 57 212 625
11 426
75 131
59 178 257 807
58 302 308
53 85
148 601
18 361
91 107
14 291
61 79 125 224 225
7 24 148 866 906
83 402 553 739
26 208
5 98 177 315
10 279 415 842
109 634
52 161 342 819
86 143 163 226 392 960
5 271 453 526 960
16 49 178
615 672
98 115 136 252 336 782
5 6 151 466 563 609 629
25 165 300 352 937
36 73 534 726 734 783
23 319
84 277
3 185 810
2 547 877
112 312 357 438 691 898
265 519 805
38 108
485 747
25 499 838
202 223
161 327
142 179
202 223 661 745 982
141 283
14 111 376 397 928
75 168
176 559
52 139
25 924
82 85 314 721
42 81 258 516 728 912
16 49 73
10 24 430 953
128 254 609
154 309 512
31 364
266 431
48 166 199 720
197 839
12 27 427 811
3 41 770
67 104 173 213 255 757
54 342
96 888
92 224 250 475 843
218 277
64 97
17 69 88 304
150 797 867
29 729
81 681
62 128 674
85 383
13 79 115 142 147 257 366 575 667
85 87 96 132 184 383 436 450 705
6 198
1 31 188 210 298 509 607 856
74 211
6 33 58
22 48 78 166 410 440
394 470
81 191
2 268
68 181 284 313 404 574
187 483 723
195 786
501 960
19 210 291 675
840 975
48 60 76 80 518
41 436
52 161
12 295
225 934
67 258 282
349 799
12 397
339 558
26 34 49 236 485
30 40 45 180 186 187 965
56 295 783
135 690
10 454 492
14 283 359 603 623
192 210
54 55 138 380 616 692 963
36 346 952
56 446
953 968
189 313 466
67 168
309 322 324 518 979 984
74 454
39 145 174 215 303 514 555 631 740
124 235 659 765 793
39 77 140 385 936 971
20 85 160 256 829
236 638
44 990
132 209 339
48 756
5 197
738 889
52 73 169
40 100 184
148 429
35 110 159
63 928
19 22
156 321
49 601
82 363
29 231 387
352 600
5 698
204 273 880 889
20 45 920 950
116 303
18 56 135 696
21 53 228 270 373 600 908
36 431
6 310 411
149 294 754
42 732 955
113 352 579 981
10 16 20 49 251 719 981
1 77 101
14 271 291
8 112 149 251 306
463 737 947
81 191 338 516
7 66
150 950
3 41 259 810 987
157 186 288 293 314 388
68 142 178
240 769 926
17 57 61 324 419 452 642
20 96
5 12 36 145 540 659 739
14 33 196 283
172 266
341 978
167 221 292 300 615 964
165 528 556
116 145 267 282 572
176 549 559 865
260 423 862
124 317 332 593 639
4 73 96 166 201 529 596
188 852
289 705
541 654
102 159 485 904
36 60 119 766 890
62 991
21 94
5 267 466 646 850
275 701
157 616
798 882
379 559 692
1 305
83 703
