41 726
178 433 742 968
148 284 562 654 958
7 31 73 91 156 382
252 559
11 28 191
17 182
324 547
187 511 565 946
60 391
105 419
47 328 436
75 258 281 527 876 968
6 597
78 627
249 457 641
214 249 758 889
15 30 52 347 361 835
131 220
175 615 771
2 86 244 327 472 592 632 926
43 286
98 447
151 176 314 367 416 444
44 46 440 879
218 219 455
53 113 117
14 166 208 294 516
45 76 126 188 226 310 659
284 386
207 490 801
19 36 59 375 471 571
210 382
273 571
21 185
516 939
14 96 340
20 201 241 303 494 596 841
18 151 245
1 317
188 310 672
39 176 713 740
308 387 429 528 616 851
417 793
16 61
14 18 362 916
206 375
559 654
423 486
96 359 799
108 810
46 239
89 239 401 522
101 143 281
49 135 426 982
23 90
87 396
18 90 116 211 246 428 472 723
60 76 146 188 370 494
24 110 960
60 230 818
13 52 202 265 393 399 923
22 104 182 232 515
5 22 53 148 292
16 25 33 157 171 291 808 827
32 548 846
4 88 118
419 696
170 366 372 400 506 852
67 749
70 343
167 170 467
52 694
520 550
4 142 465
186 365 781 801
98 743
72 128 160 816
205 965
59 159 222 640
5 15 120 125 162 217 235 428
51 897
168 856
14 90
153 256 473 977
416 450
158 267 290 341
80 91
49 82 192 338 379 487
46 542
90 185
167 983
88 109 957
35 61 65 264 351 464 631 811 975
265 407 847
31 50 791
259 438
8 431 454
76 256 521
124 337
18 87 891
35 48 559
401 857 925
300 878
81 469
9 56 105 385 407
185 629
321 610 624
86 702
23 41 953
25 626 693 783 989
1 282 432 649
283 525 863
23 53 943
20 45 344 355 535 746 755 810
112 658
29 68 74 82 177 282 300 981
388 503
29 118 777
183 227
4 62 728
125 608
222 396 410 853
122 131
25 64
1 394 843
309 677
873 980
9 105
2 31 33 50 246 365 475
384 733
15 37 107 173 235 237 291 932
73 356
423 980
58 89 447 880 990
23 29 129 701
65 97
63 440
125 352 434 769
32 96 231 271 433 466 639 815
413 584
50 123 944
315 567
29 40 456 548
826 988 992
169 579
40 739 790 920 948
78 118 147 220 353 513 613
37 258 307 729
31 765
150 186 322 929
7 20
69 105 330 588 825
42 1000
4 19 30 43 162 166 489 494 741
61 70 114 216
13 28 29 34 509
267 270
153 990
26 546
7 201 618 679 834
54 57 961
10 42 266 355 583 658 660 690 849
181 575
32 375
126 226
47 92 331 859 992
137 265
203 211 473 690 899 999
80 263
16 132 178 226 257
330 962
6 507
98 475
19 37 42 404
5 125 264 885
170 1000
96 302
152 161 355 374 565 803
364 514 527
53 886
31 33 79 409 418 698
18 31 97
121 350 467
3 128 225 705
24 471
50 558
6 39 281
22 85 126 128 250 329 399 999
58 912
41 117 209
406 508
52 61
17 44 64 67 180 352 817
108 112 248 519 578
156 490 895
47 160 175 358 435 904 932
7 43 45 239 344
18 193 838 905
269 459
357 995
121 142 931
15 812
42 377 776
13 415
30 848 925
71 86 87
28 95 106 554 692 786
16 248
94 634 988
86 100 116 177 206 315 365 877
18 568
249 408 457 475
292 739
197 364
332 445 896
136 359
311 880 888
47 65 67 104 149
1 158 307 440 639 782 823
7 76 174 201 349 403 503
14 88 175 213 254 362 530 607 941
270 282 649 985
11 106 644
6 12 398 487
9 56 76 203 424 599 807 955
12 376 828
7 197 241 252 279 305
24 127 330 381 534 612
14 33 97 221 301 980
43 78 293 554 614 798
67 130 253 480 491 594
109 154 181 764 845 938
73 103 606
2 15 86 193 557 966
564 583
901 961
8 104 802
38 495
146 252 602
50 71 804
7 77 95 448 912
615 770
297 798
189 210
154 421
668 703
50 174 379 548
64 964
2 18 169 413 784 847
1 39 281
541 592 687 911
195 383 735 805 887
15 41 74 107 134 136 417
506 699
42 112 220 273
113 131 178 184 496 674
6 281 828
4 551 831
183 570 665
3 59 726
13 55 156 256 618 958
217 243 278 325 432 626 774 868 940
190 300 555
7 123 452
48 57 68 1000
96 865
1 83 790
9 173 215 942
115 180 688 711 724
30 98 313 361 482
138 279 736
12 211
66 270
28 95 277 692 863 887 994
137 197 442 803 894
9 42 179 342 823
269 502
6 78 141 222
42 116 121 203 204
23 41 53 61 85 136 144 223 515
251 919
33 71 79
59 108 449 558 831
254 450 651
16 157 204 436 455
376 378 593 929
74 374
6 48
39 143 176 309 604 973
56 192
30 43 46 80 91 107 191
127 351
47 62
21 122 369 516 713
8 94 294 350 560
46 243 947
51 304
232 966
14 73 160 421 596 732
99 666
20 76
68 94 129 256 289 361
17 232 339 543 696
43 288 530
2 140 363 370 391 456 597
51 349
104 915
293 626
41 306 715
95 151 242 887
11 130 242 277 301 319
19 830 891
276 552
41 283
81 107 821 947
338 814 979
4 227
121 860
202 721
3 49 71 125 141 719
198 993
1 52 682
3 225
3 128
10 12 84 856
270 916
13 31 114 382 437
37 860
202 306 346 415
3 52 62 306
21 120 395
109 185 275 549
21 615
32 129 146 312 846
15 569
22 199 246 336 646 661 984
16 150 425
21 171 378 595
12 43 84 357 808 856 963 990
20 172 744
369 576 718
4 17 62 133 228 356 496 501 930
2 18 111 230 238 569 586 670 731
107 443 482 783
110 556 574 858
200 338
187 305 535 654
17 44 64 69 149 269 598 984
15 512 561 777
14 58 180 280 545 759 850
16 113
171 880
94 235 357 697
92 526
16 23 41 190 228
7 29 253 414 429 797 884 986
8 316 369 974
19 55 78 131 134 422 642
20 21 45 207 553
9 105 164
80 547
3 420
124 149
17 79 502 650 757 972
332 814
390 582
84 956
171 178 959
18 245
12 24 26 35 86 96 163 928
78 601
9 13 55 180 187 203 311 457
8 43 152 710
169 413 775
22 38 81 98 154 193 788 924
466 898 944
10 263 971
4 24 118 142
70 108 114 117 738 978
333 896
40 605
84 112 564 623
508 673 965
37 145 406
22 26 382
92 392 778
6 39 270
101 648
493 531
51 129 220 302 304 452
6 39 192 238
6 157 168 176 192 706
43 47
89 955
229 298
13 34
155 912
210 312 832 854
22 26 54 64 694 779
139 549
20 103
70 174 342 384
59 61 280 712
101 181 311 332
25 115 291 517 568 913 927
10 48 96 110 127 325 572
34 137 808
34 42 240 265 684 923
4 131 147 218
2 21 75 122 132 523 577
92 207 476
13 16 295 593
82 210 741
12 908
95 277 348 386 483
176 507
267 628 945 981
23 351 380
93 304
18 78 89
56 393
2 33 369 833
1 72 94 215 273 324 512
106 418 589
68 503 956
33 93 100 641
89 768
10 12 842
100 260
13 27 30 184 188 314 454 898
75 117 147
32 124 327 471 590
111 260 290 510 720
146 153
142 465
202 505 634
27 490 659
7 125 188 631
231 364
207 689
233 372
32 40 50 93 373 384 441 753 787
557 827
316 431
54 67 127
341 501
101 938
505 634
53 134 258
140 778 809
496 643
644 851
7 303
12 487
24 255 340 561 590
64 75 79 118 119
353 421
31 69
69 557 696 838
49 430
35 257 889
72 417 727
200 745
375 448
147 219
5 28 144 249 466
36 244 516 620 681 707
77 172 792
31 126 146 161 556 689 716 872 950
121 178 183 218 286 874
266 805 970
92 884 949 971
83 308 404
2 676 905
69 222 264 742 875
33 105 412 544 645 796 911
16 104 110 165 336 518
581 909
167 506
1 48 65
129 271 810
3 37 121 135 164 529 591
142 532
8 54 131 224 251 276 296
319 614 761
706 793
653 735 751
5 16 458 919
2 702 917
42 275 583
255 969
19 445
297 510 648
72 607
109 585
60 234
3 6 49 72 289 426
1 371 649 722 790
12 470 794 951
664 789
146 201
387 513
320 321
100 480 723
691 692 725
112 486 644 873
1 67 74 394
5 124 140 428
14 916
51 58 82 485 498
327 892
17 64 124 336 984
180 436
52 55
58 499
27 114 153 524 618 630 946 977
165 898
16 25 59
50 210 671 818
117 157
58 172 364 893
14 21 50 664 746 974
92 456
139 209 213
492 781
70 183 216 570 605 840
23 29 190 223 787
20 80
500 595
140 313
6 113 115 132 172 228 540 600
5 103 218 224 691
35 36 48 119 381 464 707 799
97 731 824
145 900
13 142
100 472
132 299
331 826
25 111 177 376
245 786
123 753 928
22 74 135 462
302 340 504 612
22 38 303 360 502
38 60 368 553
460 674 700
91 168 474
774 862
167 338 852
41 53 322 509 726 915
6 281 342 569 973
7 16 75 154 207
23 90 148 190 300
13 393
12 84 951
58 339
202 236 371 435
65 163 678
80 173 361
27 799 811
182 337 360 764
366 699
206 506 565 877
6 39 88 196 689 769
26 67
370 536 599 610 708 841
30 46 323 469 657 784
9 69 87 111 419 555 564 796 922
5 60 194 413
2 116 193
27 252 521 801 975
77 236 757
91 99 198
75 211 424 513
8 288 340 637
327 755
134 438
33 408 409 460 517
346 647
54 339
60 447
13 34 52 189 418 682 766 798 923
763 936
28 221 405
224 225 468 945
24 170 206 211
3 5 49 333 484 718 967 982
43 51 54
2 76 241
29 102 491
77 319
94 166
202 415 588 862
335 537 539
187 401
4 142 166
348 637 760
32 183
96 127 169 931
28 188 304 344
7 161 220 279 403 606 716 729 762
242 383 483 672
71 111
104 360
61 407 730 870
40 795
166 997
6 791
45 76 158 342 514 560 829 857
314 431 530
27 63 120 126 250 511 839
9 484 633
561 837
9 139 538
13 864
74 858
23 24 280
377 776
57 120 231
196 388
57 74 89 172 262 773 780
139 152 182 328 594
326 346
54 677
36 119 950
74 189 214 830
192 398
25 48 133 141 471
66 83 392 432 782 942
2 11 95 328 866
175 688
194 547 925
68 137 156
38 81 173 215 234 243 632 797
9 11 105 122 155
14 284 362 727 957
124 240 307 750 921 969
21 88 109 369 576 971
49 135 397
2 4 62 227 457 723
45 872
278 539 788 894
28 883
48 92
41 144 262 338 498 938
14 73
24 131 161 171 343 913
110 170 233
534 572
54 81 82 285 756 800 934
8 14 26 275 395 424 884
16 115
149 235
196 254
136 491
84 951
64 915 986
23 47 123 133 598 659 905
88 563 657 751
7 497 714 987
1 39 101 192 341 432 782 973
5 296 445
38 46 99 173 329 370 469 876
58 171 299 822
44 77 106 191 326 653 735 995
32 40
196 748
163 318 551
49 257 320 337
57 271
218 442
36 97 244 538
9 274 964
141 230 290 632 683
14 46 116 161
94 209
263 358
27 606
50 57 210 787 795
9 902
15 229 518 684 825
44 972
46 83 308 325 809 921
28 221
1 10 237 651
392 752
49 453
70 418 714 815
42 111 389 910
3 49
31 78
33 69 71 134 365 557
40 50 70 663 665
8 15 20 842
68 149 261 907
10 164 301 730 865 866 936
42 354 519 529 589 616
4 512
80 194 770
65 264 449
10 12 849
86 230 907
14 180 388
38 91
287 619
27 93 154 353 539
16 276
132 294
63 105
157 276
87 227
35 168
288 545
8 47 72 152 175 209 748
37 206 272 354 776
203 259 486
28 106 242 301 326 883
102 113 149 266 272 387 519
284 763
94 166 956
9 56
4 33 121 141 177
55 202 766
79 758 761
51 714
63 274
59 61
102 144 260 512 886
41 148
54 79 541
23 148
24 333 589
10 147 175 247 437 439 484 574 629
37 204 467 670 756
214 527 556 946
11 191 367 386
321 445
81 107 243 363 370 807
68 166 294
73 488 904
2 87 159 315 429 584 760
253 738
7 25 164 277 819
72 88 143 748
76 201
7 42 164
63 274 533 813
477 562 583 992
404 624
145 531 662 858
1 317 411
59 61 244 811
5 17 26 64 289 449 815 954 982
144 493 673 754
120 813 832
3 19 26 39 44 54 125 333 420
5 719 952
336 402
257 420
113 132
21 29 165 607 625 717 761
33 87 93 169 922
36 66 83 97 359 571
26 103 162
126 174 210 216 343 349 497 803
2 177 193 212 230
5 163
25 345
17 67 130
367 550
28 111 269 354 578 843
237 268 287 491
83 363
259 293 324
98 567 947
95 106 236
141 441
54 243 246
51 108
14 998
67 251 425
22 138 543
3 8 205 347 754 900
17 36 99 223 318 478 625 728 933
82 89
10 85 118
198 216
228 800
10 133 918
576 668
22 64 199 232 427 855
14 21 668
22 104 546
12 35 55 65 177 181 187 391 542
505 534 617 687
42 204
261 409 640
62 227
30 145 783
11 16 111 292 358 453 860 960 962
11 28 56 470 695
31 100 159 609 850
12 335
10 12 84 168 851
11 550 805
11 450 550 614
1 268 760
26 124
40 146 449 647 675 711 868
1 722
18 79 86 87 261 277 422
44 93 129 134 317 412
36 47 84 179 883 897
4 189 663
111 313 526
18 78 141 538 568 765
51 93 665
21 212 844
222 315
329 478 511
57 164 204 497 528 920
34 98 459
324 603 678 693
10 139 234 504 621
14 17 101 442 604 741 924
313 482 666
60 451
15 53 85 240 474 587 751 914
145 754
191 242 994
15 41 44 67 236 720
11 211 280 788
247 411
75 117 150 219 376 578 724
755 872
247 914
34 953
1 66 398 460
28 970
13 200 473 495
13 197 214 834 867
2 100 116 422 544 819
485 519 564 747
134 385
90 165 190 263 812 835
113 334 575 643 930
62 155 183 465
123 948
38 91 92
32 51 93 216 570
10 168 680 794 882
23 29 90 292 739
262 311 390
154 544 852
18 159 937
17 403
46 60 400 771
324 566
37 206 273
6 740
126 524 630
58 89 181 262
35 48 130 225
40 232 530
27 559 598
85 772
267 823
303 383
83 394 439
112 272
10 954
56 105
127 244
181 582
145 344 406 446 734
84 667
5 158 404
11 28 172 187 841
151 277
184 278 421 495 537 894
27 207 310 401
10 12 163 332 549 580 839
43 152 358 941
276 433 940
34 247 494 613 706 862
62 183 189 500
7 219 388 479 695
3 57 72
85 165
102 165
1 2 517 909
133 715
133 455 458 600
254 573
35 48 110 127 163 359 890
75 968
192 352 813
55 106 285 694
35 871
77 139 250 405 695
120 271 479 533
12 174
165 287 622
82 101 200 582
159 266 377
179 219 334 446 996
24 27 70 100 475
443 553
66 371
63 561
38 92
61 910
84 487
87 123 204 321 845 937
24 127 280 318 380
427 878
80 81 99 194 368 451 657
386 869
220 441
22 199 402 543
4 500
20 577
438 655
16 138 461 468
1 843
17 35 146 360
89 181
27 226
17 22 124 337
57 91 343 897
42 145 225 350
11 151 348 767 828
702 785
2 367 416 869
19 426 580 719 777 825 899
299 523 700
282 612 972
9 448 635 806 873
323 348 428 521
23 36 41 223 229 240 283
37 121
11 20 28 77 139 152 637
19 434 459 532
13 20 34 77 106 156 247 319 371
45 136 228 256 300 686
17 67 182
75 122 147 150 184
27 716 859
713 717
95 383
46 173 234
154 253 275
356 769
4 444
135 224 225 522 885
25 289 715
562 988
229 572 829
119 474
77 570
32 50 861 978
213 356
20 45 74 187 264 279 924
52 119 588
78 909
34 193 685
253 309
104 459 795
262 499
10 30
12 278 537
58 101 150 309 582 619 663 731 768
18 22 27 671
40 108 114 829
27 473
190 191
11 245 554 563
343 861
24 233
54 124 677
101 114 116 546 590 918
23 347
25 334
152 288
259 756
6 39 107 361 507
8 43 430
32 70 114 384 558 978
25 115 178 996
133 142 601 927
45 153
23 203 268 462
56 602
8 66 268 331
4 98 123 142 234 881 996
150 345 919
32 102 233 283 444 463 555 686
33 111 173 461 797
240 878 953
11 284
83 337 555
53 837
30 547 809 848
57 195 272
6 176
118 223 229
32 479
45 103 212 824
193 544
37 195 423
144 329
39 55 156 495 509
6 263 812
66 115 208 238 454 524 545 597 608
68 417
56 63
29 90 329
95 274 499
32 66
98 360 402
7 76
11 316
37 51 57 129 446 623 874
908 954
71 85 157 679
108 312
40 113 378 481 711
468 967
129 476
265 346 357 399 669 721 864
39 216 238
315 517
60 140
122 378
28 53 201
231 379 749
21 36 110 156 411 464 474 890
182 540
1 3 63 120 208 282 363 426 444
52 66 339 602 624
61 112 122 150 687 712 722 753
217 518
9 47 56 250 520 652
62 236 405
57 169 373 492
10 464
115 691
24 975
143 148
27 521 895
1 145 551 586 681 737
492 586
19 224
3 30 81
221 483 554
450 587
18 246 563
33 159 177
3 5 19 257 522 889
48 59 865
66 122 205 252 291 341 351 658 674
28 416 481
20 153 305
514 651
2 13 97 131 389 630 656 967
44 650 961
75 81 115 219 341 345 378
61 381
35 892
72 73 185 772 932 949
13 233 247 366 372
114 312 448 492 804 840 846
70 548
13 156
34 629
34 185 208 213 493
342 379 466 566
7 77 108 129 319 520 672 869
76 172 708 746
355 488 859
9 259
63 231 349
335 353
113 117 133 184 729 993
36 65
9 440
135 181 468 522 705 725
12 56 63 866
17 58 779 987
53 59 112 255 591 747 914
463 970
18 69 592 765 833
38 198 243 983
1 439
167 372 935
48 335
14 43 47 72 73 185 573 628
16 132 455 822 930
1 20 27 45 60 282 820 985
15 102 137 138 685 701 762 836 913
257 289
72 73 254
47 408 608 638 703 789 833 949
3 20 565
31 480 640
213 286
26 104 502 579
91 98 384 392
5 194 752 896 928
76 81 767
778 989
7 153 159
407 820
27 161 269 279 732
2 141 212 261 410
8 88 316 431
636 863 994 995
10 12 662
23 108 226 297 467 773 926
24 541
4 62 83 158 270 842
510 899
3 130 135 179 182 945
115 619
458 959
1 83 158 205 744 917 960
2 31 249 290
19 162 929
5 162 320
83 237 331 534 826
38 46 81 526
21 180
37 529
112 266 312 477 513 806
71 785
65 718
514 794
4 757
43 275 352
94 137 166 294 997
117 131
19 103 162 296 698
140 239 567 774 921
12 34 137 306 415 647
65 857
43 88 180 503 875
86 105 902
52 411
45 110 279
33 55 265 295
194 566
5 19 611
24 709
105 274
2 177 396 412
4 62
4 143 625 791 838
20 207
5 128
8 395 736
140 736
121 465 485 633
23 90 136 258 283 580
6 17 54 552 966
29 53 136 144 223 690
26 135 138 699
75 122 171 218 322 595
42 525 591 685 837
31 212 260 698
79 410
11 95 106 221 284
21 51 238
123 129 551 697 893
314 827 998
227 541
178 186 425
63 533
4 114 196 836
62 63 85 120 155 533 820 882
235 357
17 26 566 669
5 8 88 328 656 727 879 957
655 775
45 420
97 380 892 969
10 12
368 443 918 942
34 393 585 620 664
33 133 584 712 933 955
68 441 907 997
149 170
452 536
113 531 734
76 100 224 587 940
6 173
47 70 397 434 844 904 974
17 54 138 427
15 102 217 317
6 16 238 740
18 422 584
3 4 596 864
15 334
11 92 215 881
456 986
93 476
41 118 292 298
331 562
59 117 307 529
2 485 645 861
10 99 239
403 556 708
16 147 148 150 171 234 322 934
20 188 197 511 635
130 302
1 52 71
2 222
5 80 296
34 271 385
67 710 853
144 749 750
253 375 616
168 908
119 280
8 73 139 151 199 213 358 573 773
536 831 874
377 424 591
60 304
501 523 621 927
45 57 74 187 226 373 775
44 77 104 147 149 157 269 483 646
3 5
102 135 580
93 781
220 349
68 85 99 240 478
55 137 295 669 867
32 50 108 123 271 437 835 893
23 109 248 305 381 425 885
7 161 197 635 981
153 613
71 297
44 179
126 172 188 226 305
17 26 44 540 646 779 786 901
3 18 49 103 260
11 278
91 682
24 48
12 82 745 814
42 56 272 931
26 147 232
62 989
87 261 365 419 490 592 642 847
167 170 983
25 35 248 264 345 489
14 21 209 263 725
10 15 53 190 223 255 667
25 104 433 543 901
85 91 102 118 792
46 62 86 189 567
49 103
21 30 43 208
32 174
43 44 49 160 617 655 816
9 78 730
155 227 251 310 373 400 870
100 169 429 627 683
22 64 130 149
66 106 477
191 301
99 386 767
203 206 211 377
22 182 336
26 593 678
26 199
24 36 359 800
8 21 352 488 594
179 764
25 186
18 69
237 268 985
126 762
33 120 195 217 268 493 886 906
3 19
9 254 611 675 962
53 65 381 622
73 162 295 802
65 335
48 64 340
77 151
1 3 5 296 611 679 737
98 99 198 443
109 573 732 770 793 802
102 515 660 943
28 121 195 528 660
72 101 979
891 950
7 31 45 71 111 134 410 817 976
59 119 127 130 261 327 380 383 910
55 285 867
3 37 568
29 720
158 462
108 840
53 217
37 131 248 354
15 287 288
79 100 297
2 31
25 643
36 185 380 697 991
119 890
3 128 430 958
32 40 458 558 639 733 948
167 170
90 258
4 21 356 587
255 400
231 804
391 447 784
153 535
251 481
106 221 250 326 463
1 79 86
91 92 198 323 389 469 771
96 97
17 22 26 130 179 402 600
6 10 176 398 507 876 882
686 759 836
85 229 366 642
101 670 821
8 14 47 160 196
158 267
148 347 518 750
44 54
8 14
32 70 479 636
5 49 84 128
10 12 83 168 667 680
80 239 290 581 868 881
8 434 435 703
855 964
162 453
122 523
58 89 499 575 979
21 174 208 286 549 941
498 759
7 241
66 373
926 939
11 326 364 520 652 944
35 36 871
125 128
163 302 571 747 806
92 140 435
6 39 451 952
339 546
7 55 116 569 579
482 807
68 94
408 653 684 849
2 169 283 345 472 641 933
152 160 175 688
82 332
75 219 504 577
20 30 60 194 198
11 30 99 205 215 389 542 599 743
38 107 439 693 818
52 55 306 509
8 196
309 390
58 82 138 200 274 348 437 575
29 49 287 622
61 110 163 351 489 917 963
368 821 870
7 20 652 895
66 308
52 137 845
221 763
39 143
40 70 151 154 390 452 525 636
51 208
146 241 273 355
293 323
13 55 116 285 399 430 590 662
18 661
72 209 638 717
20 74 107 215 310 574
50 237 875
145 470
245 463
9 453
2 853
148 190
16 150 157 184 186 481
38 155 609 700 963
93 174 476 560 671 780
16 536 578
228 298
69 249 645 737 903
9 120
248 251 442
33 212
69 134
293 461
25 113 186 368 627
3 5 128 214 320
6 143 922
213 497 560
8 109 362 656
24 36 61
56 63 330 675 752
125 224
406 850
8 160
14 47 139 388 395
36 86 88 350 604
25 276 376
41 525
56 275 330 451 603 638
51 586 879
107 391 743
498 738 768
374 911
47 545
84 501 680 839
218 334 742
22 25 151 666 936
15 30 267 943
11 37 39
29 41 73 118 258 704 772
112 387 906
30 38 215 848
35 285 318 414 620
46 60 87 212 526 993
132 577
4 40 107 183 854
82 89 197 200 311 390 648
161 245 834
15 144 165
34 44 64 67 539
90 217 462 478 515 532 701
152 287
4 74 291 322 438 532 934
38 39 609
126 241
285 588
5 19 397 610
73 288 313
77 79 704
13 16 51 57 160 504 959
22 552
230 379 412
71 78
50 585
6 540
35 96 97 709
303 374
11 286 470 508 576 888
427 650
68 295 991
94 721
29 38 46 102 199 299 396 508 935
78 159 222 676 817 877 903 906
1 259 423
80 766
13 52
6 143
184 186
581 601
31 920
138 179 298 552
233 366 572 617
278 353
18 488 976
40 216 991
74 535
10 19 155 325 792 965 977
528 999
35 96
82 89 252 745
44 138
23 167 888
405 744
30 140 542
9 38 99 325 367 461
505 537
124 199
205 900
9 19 94 225 320 362 681
88 103 109 286 414 585 707 824
109 175 314 328 436 789
5 19 128 189 484 500
19 29 214 256 347 409
6 143 209
49 414 631 704
136 298 323 389 728
460 976
4 189
110 871
48 59 65 97 489 709
42 273
527 574
103 205 673 816 844
531 734
29 136
2 80 87 141 538 937
8 477
13 34 393 446 486
195 266 387
200 385 710
26 95 563
112 164 855
116 785
7 45 344
75 178 184
9 30 63 902
34 346
164 272 350 589
130 496 987
581 903
15 90
15 69 201 204 255 318 354 480
372 935
79 246
4 58 109 262 603 676
5 321
1 299 371
40 780
35 127
176 392 623
628 998
39 41 115 242
36 68 110 235 705 939
19 758
46 81 363 553
15 85
2 260 510 796
4 117 132 186 621 822
244 524
31 69 454
316 952
236 250
48 119
40 93 114 123 382 605 733 832 854
3 103 397 633 830
15 307 724
1 17 155 308 317 385 394
579 683
37 195 374
71 661 819
3 333
36 59 119 125 214
