259 350
154 335 353 818 854
7 163 397 527
59 110
70 529 690
113 218 251 930
4 277
2 43 86 159 196 234 303 366 510 584
75 131 345
12 54 84 882 908 963
6 39 507
338 845
5 593 919
101 390 499 575 924 938
6 176 187 226 398
5 286
4 34
96 127
299 442
317 439 782 790
312 373 641 861
33 193 246 461 676
705 956 991
77 121 266
34 55 644
21 314 395 454
13 42 202 501 766 862
23 41 165 298 726
40 870
47 111 139 152 223 362 594
38 50 108 114 220 231 829
5 56
134 315
21 28 470 550 692 695
35 359 471
179 546
158 843
576 941
4 46 183 438 633
52 265 682
36 280 832
210 312
590 709
58 130 332 880
342 536 665 787
3 397
49 257 420 885
55 83 158 823 975 985
47 732
12 25 113 115 150 184 621 880
19 214
17 67 80 313 427 502 698
332 417 470 713 957
15 720
191 284 520
733 795
852 935
1 23 90 237
201 226
505 988
10 839
62 597
8 398 788
515 525
29 217 223 287 672 739
3 49 91 128 518
6 9 39 167 313 323
151 301 614 842 936
25 41 53 148 729
46 80 239 330
21 160 209 976
1 122 248
21 358
673 900
18 421
433 501
29 300
89 741
70 639
296 426
462 985
6 396
36 48 620
33 76 410 472 538 541 817
69 100
177 838
46 743
48 61 205 318 436 511 531
29 85 165 266
243 368 868
5 135
290 413 645 796
1 7 146 237 652
266 354 583
77 95 326 978
126 226 364 565 946
180 314 717
82 251 299 458 496 512 711 749 763
468 705
39 609
38 64 107 140 323 389 774 821
159 260
31 290
9 63 66 674 820
19 103 522 573 595 830 834 945
66 270 376
115 186
18 31 111 579 696
108 114
697 939
88 949
17 22 26 124 543
356 436
52 393 509 623
17 199
53 134 141 512
68 357
34 694
25 33 184 365 966
20 45 401 540 613 654
76 651
81 370
481 894
545 713 717 941
1 66
9 105
24 119
107 293
173 306
60 626 784 848
122 715 996
18 33 42 44 167 206 233 372 387
212 627
272 576 769 816
214 453 522
63 440
24 244 414 536
353 495
58 200 338
8 21 109 263 492 850
164 204 354
452 749 875
56 856
388 594
175 576
298 943
1 74 187 201 301 514 857
58 89 101 262 721
1 268 649 757
10 11 12 17 124
20 25 51 93 108 123 829 980
64 972
22 336 472
14 314 316 367
174 210
110 264
3 8 9 87 494
11 319 863
50 59 93 781
70 840
376 481 600
123 476 780
174 304 384 731 893 989
7 20
105 902
42 1000
41 64 81 243 720
133 178 481
61 102 144 620
33 111 261 480 579 581 903 922
9 16 113 117 122 178 425
137 509
82 101 311 604 768 979
170 360 506 935
60 81
602 635
596 801
13 265
43 973
664 770
14 139 464
60 363 603 848
394 432
92 443 783
15 74 283 580
6 238
188 755
164 529
45 383 598
222 517
271 384 551 753 875
126 226
85 217
59 96
8 21 72 431 636 727 932
15 82 89 332
205 531 754 900
94 166 516 926 956
82 814
8 253 332 845
151 319
61 824
185 286 974
37 423
6 13 306 555
68 195 235 537 617 660 999
15 16 600 934
847 906
106 245 450 995
144 223 292 307 726
4 13 393
72 523 790
132 674
20 76 161 403 630
3 69 249 430
4 36
333 885 896
164 273 426 529
352 395 503 770 796 884 888
107 368 770
456 807
477 752
62 729
2 109 175 185 208 545
14 24 39 97 208 779 910
19 125 262 745
9 203 375 448 747
562 572 617 859
2 524
95 550
86 87
331 358
75 131 700
487 908
3 232 719
23 53 329 759
212 641
250 284 883 970
93 304 832
40 63 105 120
63 120 330
10 487
6 996
738 924
65 464
18 31 819
11 520 692 823
37 140
66 945
584 632
22 855 915
35 59 65
66 83 308 394 745
4 33 62 67 819
181 311
37 255
58 82 101 200 582 604 814
182 296
37 164 203 255 259 485 513 547
2 40 87
93 605
10 12 13 52 84 168 247
19 306
38 921
113 724
14 73 88 110 793 816
16 186 467 481
257 420 484 705
69 853
27 161
125 128 225 758
84 882
38 173 287 389
20 201
41 85 102 419 596
112 211 387 400 931
60 82 332
22 39 69 222 579 686
8 21
30 107 112 273 519 583
20 554
29 48 63 75 155 229
2 100 408 641 698
210 584 780
74 364
81 461
952 998
145 531
20 26 45 521
235 294 956
9 63
177 238 260
99 324 325 361 752 988
299 929
136 383 405 444
150 378
702 775
65 380 489 871
130 278
5 19 135 157 404 947 967
83 237 676
748 971
371 650 915
2 31 79 141 169 222 723
8 14 61 166 354 380
406 534
22 67 104 269 327 646
3 5 14 19
110 811
27 45 401 948
13 156 200 265 582
35 124 744
6 35 163 238
8 254 316 336 417 488
19 430
8 43 325
32 50 123 441 846
15 240
142 189
47 196
44 339
793 912
19 125
49 852
10 12 30
42 943
39 281
74 153 378 800
24 65 182
191 751
31 116 154 181 537 575
57 186 452
128 296 453
474 707
102 190
195 776
90 515
43 503 727 802
51 93
785 909
3 5 49 214 225 330 967
1 4 317 465 532
1 22 249 339
12 839
25 122 133 150 345 515 643 918
116 157 256 535 598 710 959
178 248
56 155
37 354 911
4 144
43 73 109 201 208 209 435 725 971
300 386
1 59 712
121 466 714
13 721
260 422
110 950
33 409
112 157 913
100 906
35 65 163 950
128 830
45 490 494 630
52 346 662 808
34 60 313 863
38 567
224 834 981
8 180 530
35 96 327
15 29 31 81 116 438 825
5 320
67 130
26 182 462
58 181 648
284 367
49 168 430
115 161 374 527 991
251 729
139 916
40 586
15 16 934
16 152 442 458
2 297 723
53 223 491
174 762
205 493
23 29 472 631
435 916
71 78 261
110 127 327 359
59 489
553 930 947
185 406 508
102 225 426
121 206
83 357 907
32 166 235 294
6 143 176 507
10 12 84 149 360
41 136 144 283
38 222 354 400 448
4 633
25 147 178
188 310 801
3 135 334
385 675
127 678
40 51 258 342
74 977
35 59
2 78 134 419 581
342 944
225 468 958
22 54 56 124 138 232 552 903
69 71 100 261 785 819
41 240
470 761
8 196 208 288 328
20 47 254
97 209 585 974
92 204 547 657 784
156 306
1 42 83 394 722 849
252 305
36 359 449 709 744
15 41 85 728 837
3 224
72 597
172 591 756 851
9 68 166 385
38 215 239
23 223 777
1 7 83 514 782
29 264 359 917
64 104 459
449 562 859
136 144 287 943
95 416
3 103
17 104
316 664
114 536
16 84
54 124
46 99
99 144 216
49 397 484
43 288 629
175 789 904
5 982
498 745
74 161 310 716
8 998
171 341 638
61 678
181 253 262 741
23 114 551 810 982
217 223
10 21 84 802
5 147 711
343 476 809
210 681 893
50 57 70
30 239
52 923
16 674 691 839
250 866
77 257 805
129 675 793
62 142 227
220 233 312 671 874
1 48 186 267 282
477 687 826
3 321 333
3 19 125 162 445 611
201 303
307 969
37 424 860
84 168 794
27 134 394 524
74 689
71 702
255 467
22 41 144
44 402
278 317 539
12 186
51 548
82 104 309 412 499 740 979
42 528 589
229 685
4 142 348
34 96 163 340 471
5 945
5 41 85 148 240 764 969
2 14 177 454 737
8 14 57 175 362 382 558 749
91 268
54 543 677
76 355 374 527 834
42 195 203 400 690
50 373
125 428 429 958
505 634
5 958
467 616
60 148 812
7 303
170 366 724 935
17 138 984
760 911
42 266 346
353 421
121 191 970
31 838
79 510
252 401 473
132 157 455 496
2 111 210 212 290 422 581
49 430
6 50 507
331 505
44 51 115 117 122 133 218
85 307 728
131 184
138 459 961
308 782
28 556 569 735
4 506
146 188 207 574 895
245 587 591 994
12 32 108 271 636
10 45 76 226 252 377
100 321 792
147 251 322 396
188 256 374 977
259 564
3 103 128 214 225 333 445 520
2 132 548 568 838 976
198 241 391
9 533 783
15 102
77 95 763
30 123 861
70 108 114 130 349
92 116 408
384 861
46 67 109 717 771 797 947
149 182 199 339
57 93 231 437 560 753 831
241 574 895
44 149 242 339
112 486
36 97
35 318 471 917
495 533 788
43 585 816
26 814 845
10 84
534 988 992
40 154
85 136
102 136
347 444
10 12 73 908 954
11 28 860
6 11 236 695 751 973 995
25 75 131 171
591 806
132 218 299 715 919
163 255 528 644 849
55 156 399 509 538 662 669 682
48 65
10 15 304
68 151
28 191 326
37 79 419
7 490 618 895
16 227 797
46 81 310
52 55
36 359
9 330
340 960
39 791
70 216 349 787
89 516 648 649 790
61 110 119 890
43 97 333 351 356 380 474
1 291 341 612 914 959
341 959
9 27 56 65 102 105 684
109 139
32 605
81 198
166 533 997
234 767
5 791
720 728
165 322 929
61 327
362 488
40 86 105 274 440
313 391
18 71 78 79 193 261 363
51 271 312 382
99 447
81 98 99 239 370 461 818
245 587
36 75 357 516 697 939
331 826
17 546
1 270
2 18 671
23 750
48 318 340 489 871
371 649 842
171 341 523 619 822
1 142
563 653 695
13 411 502
12 84 951
97 571
92 881
366 699
1 26 104 371 421
78 460 627
40 570 762
175 209 488 573
61 96 185 263 718
1 282
83 237 317
17 114 234 553 989
34 55
68 91 265 986
30 38 99 215 323 361 451 469
16 113 147 150 184 219 523 913
54 264
24 153 226 241 279 552 559 689
44 130 149 485 656
56 274 407 813
24 865
20 473 565 753 866
71 78 214 775
243 456 547
26 149 337 964
68 167 506 907
129 373 536 928
39 143 146 305 398
48 380 501
4 164 189 424 776
12 570
186 372 652
30 60 92 368 821
78 79 86 193 203 405 429 853
39 238 621
94 166
130 459 543
197 355 716
207 746
43 175 275
60 91 243 324 526 660 848
49 103 224 643
25 93 665 874
319 866
55 867
37 58 167 170 485 564
22 779
55 150 483
197 651
3 28 77 181 383
31 118 246 684 701 704
141 475
121 174 273 328 350 513 993 1000
75 504
24 48 56 244 707
13 94 166
47 160 608
231 714
2 760
176 281
45 201 535 602 651 716
171 186
19 112 589 1000
203 204
146 172 187 659
16 53 918
570 948
17 502
4 62 79 122 798
47 88
146 699
208 912
299 345 593 715 742
231 377 860
202 864
586 810
10 57 152 216 254 382
10 20 47 79 96 645 833
34 62 86 246
137 864
137 158 589
3 111 457
104 182
25 178 315 480 760
16 132 291 342 378 425 954
7 63 83 388 491 708 843
7 576 746
93 492
43 89 181 309 352
221 386
8 43 45 160 312
126 872
110 712
655 796
640 853
267 270 439
24 340 494 871
4 142 465 500
39 120
7 13 24 36 42 298 521
73 168 434 730
48 59 96 280 302 381 573 892 914
29 133 201
13 27 34 55 569
3 103 214 224 225
42 204 375 485
262 309
1 37 66
25 78 429 619
5 18 100 115 162 219 334 408 785
534 572 992
27 197
4 23 127
88 286
93 220
4 107 807
187 226 514
7 27 76 161 252 403 427 602
17 22 26 199 269 540 972
49 257
47 434
42 221 589
24 96 111 134 169
40 304 718 928 944
29 878
14 43 72 276 454 870
2 79 111 409 510 815
114 636
28 151 386 444
78 79 640
29 258
102 228 423 750
62 227 456
46 80
3 160 162 257
154 278 335
15 329 518 525
58 86 89 253
1 69
10 434
145 965
56 292 820
169 702
179 984
136 759 886
77 95 242 245 805
446 467
68 165
36 61 414
81 199 370 778
9 63 64 120 141 155 400 407
72 615 703 732 850 884
10 22 67 680
134 723
10 50
113 968
272 849
55 247 295
8 85 217
103 162
230 869 887
107 368 542 752
69 179 182 269
76 126
17 22 402
14 66 88 175
38 173
5 239
259 387 658
183 500
314 656 888
148 347 777 804
42 211 375 980
190 772
87 347 349 944
109 185
103 198 993
242 245
11 121 221 583 767
708 746 801
165 739
385 495
40 233
45 180
9 67
139 545 549 597 703 773 884
33 315
8 16 72 175 316 436 530
126 803
28 242
72 88
11 883
97 712 865
54 402
51 70 129 135 220 379 382 560
571 960
321 453
10 47
94 235
22 337 546 650
271 795
106 277
31 53 71 512 544
5 103 128 221 383
18 78 737
12 84
209 219 433 577
171 345 668
26 232 427 500
58 119
266 529 873
3 128 221 225 936
41 53 152
73 182 628
104 420 889
26 64 179 269
14 530
37 121 195 220 851
7 18 20 27 116 246 418
4 7 131 528
108 492
82 390
206 211 350 424 634 658
43 47 160 668
278 539
438 592
353 371 421
26 64
106 131 769 883
386 751
409 541
161 511
1 127 582 809
14 254 638 725 952
145 734
129 174
5 19 152 320 638 783
119 979
7 207 256 755
341 930
86 134 222
220 231
89 195 498 499 754 990
148 258
147 218 334
47 431 465 827
40 57 70 379 897
2 33 409 737
20 446 494 554 689
80 81
5 257 397 758 950
7 27 45 126 153 197 207 344
19 103 679
57 452 479 492 714 938
169 320 480 568 645
144 827 998
33 670
568 627
180 503
11 151 221 236 284 563
174 894
6 143 192
30 234 447 603
307 685
90 425 523 639 968
1 24 83 270 462
46 235 254 370 542
1 722
24 59 61 66 376 612
30 38 60 293 370 553
2 282 429 538 661
311 390
79 193 877 933
30 91
675 920
4 38
187 279 606
65 90 119 279 351 464 527
57 114 123 349 384 875
188 559
145 734 965
10 16 43 174 189 532
87 230 315
69 365
70 210 271 479 781 897
11 28 250 284 348 357 450 887
36 48 110 115 133 532
164 255
302 343 840
395 493 607 879
37 424
52 202 295 411
62 633
47 160 196 352 358 362 369 417
35 36 707
33 100 260 412 519 584
56 451
51 174
542 626 797
12 856
12 84 123 446 513 690
563 994
151 242 587
190 800
15 28 151 242 250 614 736
244 910
10 12 159 557 748 856
101 309 575 741 990
117 918
71 86 111 159
136 190 338
25 74
71 249
275 435
44 104
8 585
28 52 156 766
2 557 891
89 197
49 73 668 789
29 148 478
6 117 572 799
5 6 921
277 301
35 119 612
145 431 773 844
66 83
8 949
33 35 116 277 937
220 815
80 324 443 451 989
76 136 153 524 654 803
23 41 118 191 217 329 555 898
35 59 119 127 280 811
53 90 292
97 824
4 183
45 187 401 402
8 16 131 369 455 577 585
89 648 938
282 432
60 129 215 443
681 926
23 68 70 123 228 787
11 53 88 287 352 356 478 561
235 939
97 163 464
1 4 439 557
198 566 876
98 140 881 932
189 789 844
9 105 117 378
134 141 418
348 763
279 596
2 87 169 297 315 544 683
260 569
17 54
12 50 134 246 437
10 67 168 179
170 218 233 463 580
57 178
25 117 122 132 184 578
80 243
73 115 131 147 150 390
46 98 140 194 567 657
387 873 931
13 34 682 867
804 840
8 43
14 213 388 713
11 245
17 54 58 64 101 336 459
34 669
181 390 880
10 347 478 628 953
10 168 294 487 583
274 820
94 907 926
167 366
164 206 448 578 623 660 661
14 21 72 73 286 607 904 957
289 967
230 798
5 49 95 103 128
7 172 188 374 514 857
21 38 180
9 63 119 962
39 176
59 318
13 994
688 727
95 483 550
22 502
493 734
30 88 210 666
11 34 176 192 238 374
64 138
553 921
28 106 326 367 563 786
52 202 306
1 199 360 422 581 779
244 937 975
137 202 415 662 765
11 95 672
233 653
52 55 127
20 76 708
133 276
270 432
12 487 680 882
27 76 126 281 364
22 44 149 232 546 833
326 761 974
130 722
9 35 120
41 118 739
344 524
14 830
663 780 978
1 66 83 237 270 439 757
48 92 96 97 119 414
27 141 152 193 249
212 418 955
5 49 625
2 116 141 365
34 247 285 381
88 395
207 567
173 526
204 528
167 497 983
15 29 899
11 111 463 510 786
858 872
125 279 321 886 889 896
48 280
70 108 731 795
498 738
263 615
25 688
8 549 615
27 252 344
6 106 520 609 822
163 264 678
32 62 123 142 183 189 216 694 897
197 229 355 473 556 635 654 679 981
154 335 356 537
9 87 901 902
407 440 877
23 229
132 147 595 600 825
118 777
247 588
13 65 110 149 336 590 691 803
46 293 469 566
11 18 28 87 413
80 92 107 215 361
108 154 661
2 77 277 463
192 272
177 765 890
441 846
86 169
595 894
63 962
4 62 142 629
79 351 412
2 410
20 27
52 77 106 236 276 277 300 504 773
32 129 231 271 551 827 928
22 44 138 466
73 179 962
16 23 90 148 700
18 177 569 676
51 146 731 920
392 743
27 344 364
373 441
204 616
77 637 699
162 426 428 522 889
19 128
214 289 333 679
29 118 298
98 117
18 475 976
24 474 865 917
15 21 118 188 268 561 704 843
59 173 389
20 86 114 146 207 490 511 698 891
463 637
6 176 740
145 406 687
33 922
6 109 725
7 256
38 599
16 307 578
68 137 925
37 112 121 203 564 747 756
4 285
80 98 107 693
216 382
5 187 885
99 194 234 363 807
537 788
94 991
304 379
21 703 957
15 41 53 65 90 972
37 192
18 67 199 677 999
411 415
7 652
283 343 452
24 36 65 71 86 318 538 983
33 45 183 230
3 12 171 256 724 961
40 227 948
138 901 987
49 233 506
36 94 98 157 389 391 456
22 104 232 552 964 966
170 268 462
54 855
7 29 75 217 504 619 946
53 968
328 369
447 940
264 571
484 792
48 890
339 764
381 489
6 31 89 460 566 599 821 857
128 289 610
6 331 505 634 826
19 31 100 683
76 153 241
30 363 526
13 139
95 326
42 219 267 851
365 905
40 108
6 192 625
24 59 74 759 898
132 186
18 365 391 457 847
58 582
7 613
353 642
52 647
157 376
25 65
28 995
41 258
442 643
194 736 864
74 511
535 635 879
14 718 916
556 946
726 772
249 322 642 659 905 951 955
88 369 949
191 248 276 319 345 378
74 78
35 36 59 351 799
21 180 239 275 983
9 440
123 178 831
173 198
51 349 854
91 876
57 112 125 196 266 377 486
84 211 259 350 564 999
83 268 308 647 757
13 346
92 293
94 357
33 159 169 193 475
72 73 105 902
15 898 899
6 192 236 276
32 50 129 671 815 829
37 195
250 300
127 811
93 343
1 9 15 16 23 90 701 899
6 39
4 189 468 842
37 193 259
632 817
38 60 99 140 469 736 771 910 986
1 2 317 833
67 526
19 29 180 320 404 611 624
61 449
27 55 76 618
356 888
203 873
10 12 418 680
9 30 120 215 881
36 102 113 184 496
416 614 970
16 133
117 248
52 55 156
256 521 556 574
48 96 929
35 264
477 572 604 666
82 101 575 738
33 683
127 534 562 975
7 159 565
177 704
26 104 269 966 987
11 44 301 367 554 577 677 735
91 99 194
94 681 997
13 53 835
74 172 305 355
14 113 202 482 561 953
142 189 246 696
60 107 194 626
57 476 539
360 540
18 33
292 812
3 18 100 120 150 442 480 618 909
314 706
92 167 372
15 23 329 525
89 253
40 65 311 590 824
268 308 432
185 253 309 454 545
63 80 140 143 542
45 188 305 559
105 274
3 5 66
50 109 558
15 837
40 51 70 466 548 831 893
348 416
173 324 509 566 925 993
68 285 294
364 606 858
13 247 346
3 221 236 706
102 229
87 817
38 54 64 91 130 337 408 784
145 205 291 406 774
26 182
32 476 804
17 64
88 111 288
862 867
15 512
27 68 483
116 942
100 159 460 475
30 325 363
323 325
352 607
95 153 630
265 923
52 588 721
145 673
22 961
93 567 778
72 80 275 573 932
157 334 931
13 18 137 285 346 415 761
286 358
177 438 517
21 47 139 358 392 431 436 920
14 21 160 213 971
23 38 71 118 525 836
49 135 624 647 919
70 479 665
5 719
56 213 730
3 131 219 224 624 691
252 743
4 227 532
40 50 466
13 17 22 28 67 269 560 887 964
56 155 666
2 87 116 261 273 620
78 310
331 859
19 102 162 555 750 969
30 34 215 693
45 172
44 122 130
8 14 73 153 213 328 362 706 748 850
150 322
85 90 283 300
366 372
45 279
24 35 892
185 196 337
78 87 118 222 261 386 472 891
416 692
152 435 530
12 629
168 667
49 719
461 547
2 32 441 548 792 832
9 274 710
107 601 632
11 106 869
37 112 211 375 486 696
228 837
141 155 212 544
20 27 126 146 490 841
80 392 809
158 393
4 308
91 324
403 539
44 54 336
163 244 327 368 709
31 541 579
106 189 227 288 434
7 153 933
58 120 155
11 450
26 138 190
4 16 171 183 350 376 465
9 98 986
6 62 183
68 294
183 486
36 61
22 124 274 901
115 122 433 501
25 75 178 425 455 568
35 280 380 449
69 541
478 550 587
19 172 296 303 420 896
16 75 578
1 823
124 360 755
156 479 694
447 667 794
143 176 740
63 710
34 295 862
154 278 335 495
413 559 659
3 19 204 273 303 404
74 161
39 828
19 484
42 255 658 806
117 162 251 404 412 592
4 25 69 75 159 222 248 903
21 47 605 608 802
75 147 184 282
28 236 250 450
38 91 513 603
179 764
9 63 407
56 330
2 18 66 151 158 457 990
155 663 997
3 19
247 565 588
26 44 54 185
61 302 508
81 154 392
72 208
28 805 863 940
35 110 280 351 571 631
92 234
140 912
198 428
57 123 295
14 209
12 32 129 156 570 667 954
437 781 874 978
41 51 164 342 663
42 644
2 288 328
477 617
25 72 75 218 455 996
194 389
39 68 121 272 507 609 616
32 48 50 101 296 497 733
127 631 844
32 50
46 340 562 687 799 992
146 161 384
167 170
177 765
29 283 292 800 835 836 886
13 34 137 265 399 586
77 301
16 218 742 927 933
344 355 535
172 187 241 305 521 655
10 951 963
34 295
112 206 377 448 519
23 46 144 194 482
50 129
685 953
17 54 64 124 179 984
158 267
23 338 768
2 116 297 460 517 655
44 54
157 334
7 15 23 90 197 561 580
216 379 762 854
16 248 496
405 444
42 112 195 423
55 138 169 230 272 297
41 42
10 12 168 275
321 610
46 361 767 818
26 44 337 646
56 329
23 190 594
8 608
98 774
11 28 77 316 653 841
147 396 457 601
21 263 388 656
30 81 482 657
17 54 64 104 278
112 423
66 237 282
47 139
26 90 118 124 149
17 67 646
6 101 143 281
172 310 522
71 86 230 798
105 155 813 870
103 211 446
125 611
7 403
39 143
17 26 106
53 136 165 258 347 515 518 684 825
32 129 558 639
50 133 458 927
62 142 219 622
113 219 499 588 913
31 39 98 243 606 955
115 131 276
8 14 72 275 664
28 95 367 483 669
228 701
196 263
4 240
67 650 858
31 396 419 911
5 143
31 212 557
139 288 628
24 36 285 474
88 113 254
76 977
228 298
791 828 973
30 173 451 868 925 940
14 47 109 152 361 375 574 688
291 927 934
21 43 488 904 941 952
2 249 297 445 794
16 115 544 622
63 150 291
51 57
90 622
111 642
427 987
25 244 892
13 52 148 923
125 320 610
41 53 137 283 686 878
9 56 105 199 232 385
82 200 262
160 263 549
3 117 289 453
125 224
121 206 591 747
224 982
21 30 60 323 599 778
120 385 730
62 500
190 835
98 540 552
13 78 96 113 119 433
31 46 60 293 469
531 965
7 372 852
20 24
18 670
32 343
6 17 37 44
24 135 289
18 31 290
69 410
15 85 148 258
1 120 205 508 754 900
51 57 82 149 497 810
58 253 338
31 905
238 281 828
7 20 153 872
152 769
92 98
25 847
135 758
71 290 868
58 101 311
34 399
40 93 108 114
99 771
7 598 613
15 33 53 85 165 223
71 373 601
126 241
36 126 302
100 937
11 62 191 393 405 470 672
32 560
200 262
206 267
80 91 215 325 693
26 855
9 813
227 458
109 213 549
6 143
180 213 963
82 133
391 942
165 229 555 812
94 162 166 198 516
170 335
97 302 381
285 393 399 766 808
140 942
6 39 176 491 985
106 383
75 170
77 228 240 287 491
141 906
122 184 322 822
217 240 287
132 171
414 590
4 85 735
138 379 733 846
19 135
12 878
211 623
593 742
20 45 207
97 960
106 554
137 415 909
1 836
2 6 192 281 841
640 775
3 428
11 77 637 869 936
398 625
519 980
108 621
8 14 21 73 213 879
504 711
11 151
2 413 981
32 79 497 558 586
272 273
208 209 212 286 417
156 202
20 27 46 473
18 251 592
32 51 216 914
92 313 533
205 508
73 105 109 369 388 503 580 700 732
3 5 34 808
69 410 922
3 11 348
124 543 915
30 46 99 107 443 482 876
18 20 94 260 517 877
17 377 776 806
29 89 190
69 422 670
26 181 924
5 17 43 130
48 387 493 756
381 744
94 697
11 140 200 319 786
158 371 471
91 267 392
23 29 518 686
32 437 551
58 101 158 200 284 498 768 772
445 468
87 592
145 205 673
55 61 118 411
49 135 577
