23
5
8
4
5
5
4
30
5
4
4
13
5
4
4
4
12
5
5
24
21
5
4
6
9
8
4
4
4
28
4
4
4
4
4
4
6
6
4
20
4
4
4
5
4
16
8
5
4
6
4
4
5
4
5
22
11
4
4
5
17
4
4
4
6
4
4
13
4
4
4
5
7
4
5
4
4
8
4
4
4
4
5
5
5
10
4
4
6
4
5
5
4
5
14
5
5
4
4
4
4
4
4
5
4
4
4
4
4
8
6
5
4
4
5
5
5
5
4
5
4
4
4
5
4
5
4
4
4
6
4
4
5
4
5
4
5
4
4
5
5
8
4
4
7
5
4
5
5
4
5
4
4
5
5
5
5
4
4
4
4
4
4
5
4
4
4
5
5
5
4
5
4
4
8
5
4
4
5
5
5
4
4
5
4
5
5
4
4
5
4
4
5
5
4
9
5
10
4
4
5
5
5
4
5
4
4
4
5
4
5
4
4
4
4
5
5
4
5
5
4
4
7
5
4
4
4
4
6
5
5
4
4
4
5
4
4
4
4
5
4
5
4
5
4
4
4
4
5
5
4
4
4
4
4
4
6
5
4
5
5
4
4
4
5
4
4
4
5
4
4
5
4
5
4
5
4
5
4
4
4
5
4
4
4
4
4
4
4
4
4
4
4
6
4
4
4
4
4
4
4
5
5
4
5
4
4
4
4
