4
5
14
5
5
4
4
38
4
4
4
4
4
4
4
4
5
7
4
11
9
5
17
4
9
5
15
17
5
4
4
4
4
4
9
4
5
5
4
4
5
5
4
4
4
5
6
4
5
5
4
20
4
4
23
5
16
5
5
4
4
6
4
7
5
5
4
6
4
4
6
4
17
4
5
4
12
4
4
4
5
5
7
5
5
5
5
6
12
4
4
5
9
4
5
4
4
4
4
5
6
5
4
4
4
5
14
5
5
6
5
5
19
5
4
4
4
5
5
5
4
7
5
6
5
6
5
8
5
4
6
4
8
4
4
4
5
5
5
4
5
5
4
4
4
6
4
5
6
6
5
4
5
4
4
5
9
4
4
7
4
4
6
4
5
4
4
4
5
5
4
5
4
10
4
4
5
4
6
5
4
4
5
5
4
5
5
4
4
5
4
5
4
4
6
6
4
5
4
5
4
4
4
5
5
4
4
5
5
5
4
4
7
5
4
4
4
4
4
4
5
5
14
4
5
5
4
5
4
5
4
5
5
4
4
4
6
4
4
4
5
4
4
5
5
4
4
4
5
5
4
4
4
6
5
4
5
4
4
4
4
5
5
4
5
4
4
4
4
4
4
4
4
4
4
4
4
4
4
5
4
4
4
4
4
4
4
4
4
4
4
4
5
5
4
4
5
5
4
5
4
4
4
4
