20
6
5
7
5
6
5
5
6
5
8
5
7
5
5
7
7
6
6
5
44
5
5
5
5
6
6
5
5
6
6
5
6
5
5
8
6
5
7
11
5
6
6
7
5
6
6
5
6
5
7
5
7
18
7
5
7
5
5
5
8
7
5
5
5
7
7
6
7
17
9
5
6
8
5
7
6
6
7
5
7
5
5
5
7
7
7
9
5
5
6
5
5
7
25
5
5
5
6
5
13
6
7
6
5
6
7
11
7
8
8
5
6
5
5
5
5
5
5
5
5
5
6
6
5
6
7
6
5
6
6
10
7
5
10
19
6
5
6
5
6
5
5
5
6
7
6
6
6
6
7
6
7
6
9
5
7
5
6
11
5
5
5
7
5
5
6
5
5
6
5
5
7
9
5
7
5
5
5
5
6
7
5
5
5
6
7
5
6
7
7
6
6
5
5
7
7
5
5
7
5
8
8
6
7
5
5
6
5
7
5
5
5
6
7
5
7
6
5
7
7
7
5
6
6
8
7
6
6
7
6
5
5
6
11
6
5
5
5
5
7
5
7
6
5
7
6
7
5
5
5
7
5
5
6
7
6
7
5
6
5
5
7
5
5
7
5
5
5
5
7
5
5
5
5
7
6
5
5
6
5
6
6
5
6
7
5
6
5
5
5
6
5
6
6
5
5
5
6
5
5
5
