35
5
7
5
10
6
6
5
7
8
5
6
58
39
5
5
5
7
5
7
5
69
5
5
8
5
10
5
9
8
5
6
24
6
9
37
6
6
6
5
8
5
5
8
6
5
41
5
9
10
6
6
7
5
6
39
6
5
6
5
9
5
6
25
5
7
5
5
8
5
8
7
5
7
7
7
5
6
8
5
9
7
6
7
5
61
7
5
5
5
7
7
7
9
9
8
30
6
5
5
9
7
5
5
5
6
5
14
6
7
6
5
6
7
8
5
5
5
5
5
9
5
5
5
6
5
6
7
6
5
23
10
10
6
5
6
5
6
5
5
5
6
7
8
6
6
6
6
7
7
6
9
7
5
9
5
6
11
5
7
5
9
9
5
5
5
6
5
5
7
5
5
7
8
9
5
6
5
5
12
7
5
5
5
6
7
6
6
8
5
7
5
12
7
7
5
7
5
5
8
9
8
5
8
6
7
8
5
5
8
6
5
5
7
5
5
7
6
5
7
7
5
6
6
8
7
6
6
7
9
5
5
6
11
6
5
5
5
5
7
5
7
6
5
7
6
7
5
5
5
7
5
5
6
6
7
5
6
5
5
7
5
5
7
5
5
5
5
7
5
5
5
5
7
6
5
5
6
9
5
6
5
6
7
5
6
5
5
5
5
6
5
5
5
8
6
5
5
5
