17
35
6
16
5
47
6
7
6
5
7
6
8
5
7
5
70
8
6
5
7
9
5
7
7
7
12
6
6
5
18
131
5
5
5
17
5
8
5
9
9
62
6
6
8
5
5
5
5
6
5
5
6
15
5
6
33
8
5
6
5
7
6
5
5
5
6
5
5
6
9
7
5
11
5
8
8
6
7
7
5
5
6
6
6
5
5
10
7
6
5
7
5
5
8
5
8
5
7
12
8
7
5
7
5
6
6
5
6
5
9
6
5
5
8
5
5
5
5
12
6
7
8
8
5
6
7
5
5
5
9
34
5
6
5
6
5
8
5
7
7
6
7
5
5
5
5
6
5
5
5
6
6
6
8
9
5
5
5
5
6
5
6
5
5
7
5
6
9
5
5
7
5
6
6
5
5
6
6
9
5
6
7
5
5
8
5
6
6
5
6
6
5
7
6
7
6
6
5
6
6
6
11
6
5
6
5
5
5
6
5
7
5
5
5
10
5
7
5
5
5
6
6
6
6
5
5
6
7
5
5
6
6
6
5
6
6
5
5
5
6
8
5
5
5
6
5
6
5
5
5
5
5
5
5
5
