3
11
29
6
3
35
3
3
18
3
3
13
8
4
3
3
11
3
15
3
3
32
3
3
3
7
17
3
14
3
3
4
3
13
3
3
3
3
27
3
3
5
5
3
4
3
3
3
16
19
3
3
13
3
3
3
3
8
3
3
5
3
3
3
3
3
12
3
3
3
19
3
3
4
3
3
5
3
3
3
3
4
3
3
15
3
3
3
5
3
3
3
6
17
3
3
3
4
3
4
3
3
4
3
4
10
3
3
4
3
3
4
3
3
3
3
3
3
3
3
3
3
4
3
5
9
4
3
5
3
3
3
3
3
3
4
3
3
3
3
3
3
3
3
3
3
3
5
3
3
3
3
3
3
3
3
3
3
4
3
4
3
3
3
3
3
3
3
3
3
3
3
3
6
3
3
3
4
3
3
3
3
3
3
3
3
3
3
3
3
3
3
3
3
3
4
3
3
3
3
3
3
3
3
3
3
3
3
3
3
3
3
3
3
3
3
3
3
3
3
3
3
3
3
3
3
3
3
3
3
3
3
3
3
3
3
3
3
3
3
3
3
3
3
3
3
3
3
3
