5
4
13
20
15
53
4
5
5
6
4
29
5
4
8
4
39
4
4
5
7
5
4
4
11
4
4
5
5
4
4
4
15
31
4
5
5
4
48
5
4
5
5
5
6
5
4
9
14
35
4
4
4
5
4
5
4
4
4
4
4
5
4
4
5
4
7
5
5
4
5
4
5
4
4
4
4
4
5
5
4
4
21
10
4
10
4
5
5
5
4
4
5
4
4
4
5
4
4
5
4
4
7
4
4
4
7
4
5
6
4
10
5
5
5
7
4
7
4
4
4
4
5
5
11
5
5
4
7
5
6
4
4
5
4
18
4
4
5
4
4
4
4
4
4
5
4
4
5
4
7
4
4
4
6
4
4
4
4
4
4
5
4
4
5
5
4
5
5
4
4
7
4
4
4
5
4
4
4
4
8
5
5
4
4
5
5
5
4
4
5
4
5
4
4
5
4
5
4
4
4
4
4
4
5
4
4
4
4
5
8
4
4
5
4
4
4
5
4
4
4
4
4
5
7
4
4
5
4
5
5
4
4
4
4
5
5
4
4
5
4
5
4
4
5
4
4
5
5
4
4
4
5
4
4
5
4
4
5
4
4
5
5
5
4
4
5
4
4
4
4
4
4
