5
7
7
7
6
5
6
5
5
6
6
7
5
6
5
6
5
6
5
5
5
6
13
7
5
5
6
6
15
6
5
6
5
5
5
7
5
12
5
6
5
5
19
6
5
6
5
5
6
5
6
18
6
5
6
6
8
9
13
6
5
5
6
5
7
13
5
6
5
6
5
5
6
6
6
12
6
5
6
5
5
6
6
6
5
5
5
6
5
9
5
5
5
5
6
5
5
6
5
6
7
7
5
5
5
6
13
7
6
5
5
6
5
5
6
5
5
6
16
5
6
6
6
5
6
6
6
6
5
5
6
5
5
5
5
5
6
6
5
8
6
6
5
5
6
5
5
8
6
6
5
11
5
5
5
5
5
5
6
6
5
5
6
5
6
6
6
5
6
5
5
5
6
6
5
6
5
5
5
6
6
5
5
5
6
5
6
6
5
5
6
5
5
6
5
5
5
6
6
5
5
5
5
5
8
6
5
5
5
6
5
6
5
6
5
5
5
6
5
5
5
5
5
7
5
5
6
5
5
6
5
5
5
5
5
5
6
5
6
5
6
5
5
5
6
5
5
5
5
5
5
5
5
5
5
6
5
5
