6
7
36
5
5
6
7
7
30
5
6
7
7
5
5
5
5
8
7
5
5
6
5
6
8
5
10
5
5
5
5
5
6
6
17
6
7
5
14
5
5
5
35
5
5
6
6
5
5
18
7
5
5
7
5
52
5
5
5
5
9
7
5
5
5
5
7
7
6
6
5
5
5
5
5
7
5
9
5
8
14
5
6
5
5
7
5
6
6
6
8
5
6
8
5
6
5
5
5
6
6
5
8
5
5
5
11
9
5
6
5
5
5
5
5
5
5
6
17
5
5
5
6
5
7
6
7
12
5
5
5
6
7
6
6
6
5
6
5
7
7
7
7
6
8
7
5
5
8
6
5
8
5
5
5
7
6
5
6
7
5
5
7
5
5
6
7
5
5
19
6
6
5
6
6
5
5
7
8
7
5
12
5
6
7
5
9
7
5
5
5
5
5
6
7
7
6
5
8
5
6
5
5
5
5
6
6
5
6
5
5
7
7
5
5
5
5
6
7
6
5
7
5
5
6
6
6
5
12
6
7
6
7
7
6
6
7
5
5
5
6
5
5
6
5
5
6
5
7
6
7
7
5
5
5
8
9
5
5
5
5
6
6
7
5
6
6
5
5
5
6
5
