7
23
6
5
8
7
5
6
6
5
5
20
10
6
7
23
6
6
9
5
8
6
7
5
46
38
6
5
6
9
9
5
6
8
24
6
8
6
6
7
6
6
5
7
6
7
6
7
9
5
7
10
7
5
18
8
7
11
5
5
7
7
5
8
31
5
5
14
6
10
6
5
8
6
5
33
8
7
5
7
5
7
16
7
8
6
11
5
5
6
5
5
5
6
7
7
6
5
6
5
6
7
13
5
5
5
7
5
5
5
6
14
5
8
5
5
5
5
7
9
6
5
7
6
8
5
6
7
6
6
6
5
5
20
12
6
8
5
5
5
5
6
5
5
7
6
6
6
6
5
7
5
6
5
14
5
5
7
7
6
5
5
7
5
5
6
5
6
5
6
5
7
6
15
7
5
5
5
7
6
5
8
5
6
5
5
5
5
5
5
5
16
7
5
5
5
7
5
5
6
6
7
7
5
5
6
7
5
6
7
6
5
6
5
6
5
9
7
8
5
5
6
5
5
7
9
5
5
6
8
5
5
5
7
6
7
5
7
5
5
5
6
5
8
5
5
8
6
5
6
5
6
5
6
5
5
6
5
5
5
6
5
5
5
6
5
5
6
7
6
6
6
5
6
5
5
5
5
5
