5
66
5
4
4
26
4
4
27
4
4
28
4
50
4
5
24
22
5
27
4
4
17
4
5
5
6
4
17
6
5
11
4
6
46
4
65
4
6
6
25
6
4
38
4
5
6
6
4
5
6
4
15
80
4
4
4
5
4
4
4
42
5
4
4
4
45
4
5
4
5
5
4
5
4
4
4
15
6
4
4
6
4
6
17
4
4
4
6
5
5
4
5
4
4
5
6
6
5
7
4
5
8
25
5
4
8
7
4
4
4
4
4
5
4
4
6
6
11
13
4
4
4
5
5
4
5
4
6
5
4
6
5
5
4
5
5
5
4
7
5
5
6
4
5
6
6
5
4
5
4
5
4
4
4
4
4
5
4
9
5
5
6
9
5
6
4
4
5
4
4
4
4
4
4
5
4
8
5
4
5
5
5
4
4
10
7
6
4
4
4
4
4
5
4
4
4
5
4
6
4
5
4
4
4
5
4
4
4
6
4
7
4
6
9
4
4
5
4
6
4
4
4
6
7
4
5
4
5
4
4
4
4
4
4
4
4
5
6
4
5
5
4
5
4
4
4
6
4
4
4
5
4
