37
3
6
16
3
22
3
3
19
3
11
4
9
6
8
3
12
30
3
4
3
3
3
3
3
3
3
8
3
3
5
3
3
3
7
3
3
5
3
8
5
13
3
3
19
9
3
3
4
5
6
5
3
3
12
3
4
11
5
3
3
4
4
3
5
19
3
5
5
5
3
4
3
3
3
10
3
3
4
3
3
5
3
3
3
3
3
3
3
3
3
3
3
3
3
10
3
3
3
5
4
8
3
3
8
3
3
3
3
3
3
4
3
3
3
3
3
3
3
3
3
3
3
3
3
3
3
3
3
3
3
3
3
3
3
6
3
3
3
3
3
3
3
4
3
5
3
5
3
3
3
3
3
3
3
3
3
3
3
3
3
3
3
3
3
3
4
10
3
3
3
6
3
3
3
4
3
3
3
3
3
3
3
3
3
3
3
3
3
3
3
3
3
3
3
3
3
3
3
3
3
3
3
3
3
3
3
3
3
4
3
3
3
3
3
3
3
3
3
3
3
3
3
3
3
3
3
3
3
3
3
3
3
3
3
3
3
3
3
3
3
3
3
3
3
3
3
3
3
3
3
3
3
3
