22
3
3
3
3
3
9
6
3
14
3
3
3
6
13
3
22
9
4
4
3
3
3
3
3
4
3
3
14
3
5
3
3
3
3
4
3
9
3
3
3
8
3
4
6
5
3
3
3
4
4
3
3
3
3
3
3
3
17
4
9
3
3
3
3
3
3
3
3
3
3
3
6
3
3
3
3
3
3
3
3
4
3
6
3
3
21
3
3
3
3
3
4
7
11
4
4
3
3
3
3
3
6
3
6
3
3
5
3
5
3
3
8
9
3
3
4
3
3
3
3
3
3
3
3
3
3
3
3
3
3
3
3
3
3
3
3
3
3
3
3
3
3
3
3
3
3
3
3
3
3
3
3
3
3
4
5
3
3
3
3
3
4
3
3
3
4
3
3
3
3
5
4
3
3
3
3
3
3
3
7
3
3
3
3
3
3
3
3
3
3
4
3
3
3
3
3
3
3
3
4
3
3
3
3
3
3
3
3
3
3
3
3
3
3
3
3
3
3
3
3
3
3
3
3
3
3
3
3
3
4
3
3
3
3
3
3
3
3
3
3
3
3
3
3
3
3
3
3
3
3
3
3
3
3
3
3
3
3
3
3
3
3
3
3
3
3
3
3
3
3
3
3
3
