74
4
38
8
6
4
46
89
4
4
4
6
4
6
4
37
6
5
5
6
5
5
14
4
5
4
5
44
5
5
5
5
15
15
4
6
4
84
5
4
5
5
4
4
30
4
35
4
4
6
4
5
6
4
6
4
4
4
4
4
40
4
4
4
4
4
5
5
4
4
5
4
6
5
5
24
4
4
4
4
6
4
4
5
28
5
5
4
4
5
6
4
4
5
4
4
5
5
5
5
4
4
6
4
5
5
4
4
4
5
11
5
4
5
5
17
5
5
5
4
9
4
4
4
4
4
5
4
4
6
4
5
6
4
4
4
5
4
4
4
5
4
4
11
6
6
4
7
4
5
4
4
4
4
13
4
4
5
4
10
5
6
4
5
4
9
5
4
6
5
5
5
4
9
6
15
4
6
4
5
4
4
4
4
4
5
6
4
5
6
6
6
4
4
5
4
6
6
4
4
6
4
4
4
10
13
5
4
6
5
5
4
4
4
6
5
4
4
5
5
5
5
6
4
5
4
4
4
6
6
4
4
4
4
6
4
4
4
6
5
4
4
6
5
4
4
4
6
4
5
6
4
4
4
4
5
4
4
4
4
4
5
4
4
8
4
4
4
4
5
6
5
4
4
4
4
4
6
4
4
5
4
4
4
