21
17
4
4
9
5
5
5
4
8
4
4
11
16
5
4
5
5
5
4
4
4
5
23
4
22
4
4
4
4
5
8
6
5
4
6
5
4
4
18
5
8
4
24
4
5
4
5
5
4
18
4
4
7
5
5
4
5
4
19
4
4
4
14
4
4
4
4
4
29
5
5
4
4
5
9
6
4
4
4
4
13
4
4
4
4
5
5
4
4
4
4
24
4
4
5
4
5
4
11
4
5
5
4
5
4
21
12
5
5
5
5
4
4
12
5
4
5
4
4
4
4
5
4
5
5
5
4
11
5
4
5
4
6
22
4
4
6
5
4
4
4
4
6
4
5
4
5
5
4
5
4
6
4
4
7
5
4
5
5
4
4
4
4
5
5
4
4
4
7
6
4
5
5
5
4
4
4
9
4
5
4
4
4
4
4
5
4
7
5
5
4
4
4
4
14
5
4
4
4
4
5
4
4
4
4
5
5
5
5
5
4
4
5
4
4
5
4
5
4
5
4
4
4
4
5
5
4
5
4
4
4
5
4
5
4
5
4
4
5
5
4
5
4
5
5
5
15
4
4
4
5
4
4
4
5
4
5
5
4
4
5
5
4
4
4
5
4
4
4
4
4
4
4
5
5
5
5
4
4
5
4
5
4
5
4
4
5
4
5
4
4
4
5
4
4
4
4
