58
146
7
4
5
4
56
155
5
4
57
5
5
6
7
28
5
4
83
22
4
4
4
4
4
4
17
5
10
6
4
6
5
4
5
4
7
7
7
12
5
4
5
7
4
55
4
6
55
4
4
4
5
6
4
6
7
4
6
4
4
9
6
4
5
4
8
5
5
22
6
6
4
6
4
4
5
7
17
4
6
7
10
6
8
4
4
6
5
5
4
5
14
4
5
4
4
4
4
6
4
4
10
4
6
4
7
4
6
5
7
5
4
38
5
5
4
6
7
4
5
4
5
5
4
4
5
6
5
4
5
4
4
5
4
4
4
4
4
4
5
4
4
4
5
4
4
8
5
5
5
4
5
4
4
4
4
4
5
6
7
4
23
6
4
4
5
5
5
5
4
6
6
4
4
4
5
4
4
6
4
4
4
5
5
5
5
4
4
4
7
4
5
5
4
4
4
5
5
4
9
5
6
5
4
6
4
4
6
4
4
4
4
4
5
4
4
4
4
4
4
4
5
4
6
4
4
5
4
7
4
5
6
4
4
6
7
4
4
4
4
6
4
6
4
4
4
4
6
4
4
4
5
4
