10
75
8
9
5
9
9
6
6
5
59
13
6
18
7
5
5
53
34
30
5
5
19
8
35
8
45
5
6
63
6
5
74
5
5
5
8
5
5
5
5
5
5
8
6
7
6
7
24
5
5
5
5
5
5
6
6
30
5
5
9
5
8
7
15
5
9
6
6
6
7
5
8
5
5
9
7
5
8
5
23
5
6
5
5
7
6
6
5
8
6
6
5
5
8
7
5
5
8
5
5
5
6
5
5
8
5
6
5
5
6
5
13
6
5
5
5
5
5
5
5
6
6
5
10
7
21
5
5
8
7
5
6
6
11
7
6
5
6
6
7
6
7
8
5
5
7
5
5
7
5
6
7
5
29
6
5
6
6
6
5
6
5
5
14
12
10
7
5
12
5
6
11
5
9
5
5
5
5
8
7
5
6
6
5
5
5
7
6
14
6
5
5
5
5
5
7
7
9
6
5
7
8
5
6
5
5
6
6
5
6
16
5
5
6
7
7
6
6
9
6
5
5
5
8
8
5
6
5
6
5
5
6
7
5
8
7
5
5
6
5
5
5
5
5
5
5
5
6
6
5
7
5
6
5
5
6
5
6
5
6
5
