12
4
3
3
3
18
15
3
3
3
8
5
3
4
3
6
4
18
3
3
3
4
14
3
4
17
3
3
3
7
3
19
3
11
5
3
14
4
3
3
3
5
3
3
3
3
3
3
3
8
4
17
6
3
3
3
3
7
3
5
3
3
7
7
3
5
13
3
5
4
4
3
11
3
9
4
3
10
3
3
3
3
4
3
3
3
3
3
3
3
3
3
3
3
4
3
8
3
3
3
3
3
9
3
16
5
3
3
4
4
3
3
3
4
3
3
5
3
7
3
3
3
3
3
3
3
3
3
3
3
3
5
3
3
3
3
3
3
4
6
3
3
3
3
3
3
3
3
11
3
3
3
3
3
3
3
6
3
3
3
3
3
4
3
3
3
3
3
3
3
3
3
3
3
3
3
3
3
3
6
3
3
3
3
3
3
3
3
3
3
3
3
3
3
3
3
3
3
3
3
3
5
3
4
3
3
3
3
3
3
3
3
3
3
3
3
3
3
3
3
3
3
3
3
3
3
3
3
3
3
3
3
3
3
3
3
3
3
3
3
3
3
3
3
3
3
