299
6
5
4
4
186
5
7
4
6
4
4
4
4
4
4
5
4
4
4
46
4
5
4
4
55
5
62
4
6
7
4
6
17
5
5
5
39
4
5
4
4
4
5
4
8
4
5
4
4
4
6
4
5
4
5
4
4
5
4
5
4
4
4
7
5
11
5
8
7
6
5
4
5
5
5
6
5
4
4
5
9
4
4
4
4
5
4
5
6
5
7
6
4
19
4
4
4
28
5
5
6
6
5
5
4
6
6
4
7
4
6
4
5
25
4
4
4
4
4
5
4
5
5
7
5
5
8
6
6
5
6
4
4
4
4
5
5
4
5
4
4
11
10
6
5
19
17
5
5
4
17
5
6
6
18
5
6
4
5
5
5
4
6
4
5
4
4
4
4
4
5
5
6
4
4
4
4
4
4
4
4
5
4
6
6
4
4
4
5
4
17
4
4
7
5
4
6
4
5
7
5
4
6
4
4
16
4
4
5
7
4
4
5
4
4
5
4
4
4
4
4
8
5
4
5
4
4
4
7
4
6
4
4
4
4
4
6
4
5
4
5
4
6
4
5
4
4
4
4
