4
7
7
4
5
19
4
4
5
5
11
5
4
5
14
4
4
16
6
5
21
4
7
5
4
4
5
4
5
5
5
5
26
5
5
5
5
4
4
4
22
5
5
9
4
16
5
15
4
15
5
4
4
5
4
5
5
4
4
4
5
4
11
4
4
4
5
5
4
4
4
4
5
4
4
11
4
26
5
4
4
4
6
5
7
5
30
4
5
4
5
5
5
4
4
4
5
5
6
5
4
4
4
4
4
5
10
4
5
4
4
6
4
5
5
4
4
4
8
5
5
4
4
4
8
4
4
13
4
4
4
5
4
5
4
4
4
4
4
5
5
5
5
4
4
9
4
4
6
5
4
8
4
4
4
4
4
4
4
5
4
4
5
4
4
8
6
5
4
4
9
5
5
6
4
5
8
5
4
4
4
5
5
5
4
4
4
7
4
5
5
4
4
6
4
6
5
5
4
4
5
4
4
4
6
5
6
4
4
4
4
4
4
4
4
5
5
5
4
4
4
5
5
5
7
4
4
5
5
4
5
4
4
4
5
4
4
4
4
5
5
7
4
5
5
4
4
5
4
5
4
4
4
4
5
7
4
4
4
5
4
4
4
5
5
5
5
4
4
5
4
4
4
5
5
4
4
4
4
5
4
4
4
4
5
4
4
5
4
4
4
4
4
4
