24
3
4
14
3
22
3
3
19
3
11
4
9
6
6
3
12
28
3
4
3
3
3
3
3
3
3
8
3
3
5
3
3
3
7
9
3
3
5
3
8
5
13
3
3
17
3
3
3
4
5
6
5
3
3
12
3
3
11
5
3
3
5
3
3
4
18
9
3
3
5
3
5
3
4
3
4
3
3
3
4
3
3
4
3
3
5
3
3
3
3
3
3
3
3
3
3
3
3
3
3
3
3
5
4
5
3
3
8
3
3
3
3
3
3
4
3
3
3
3
3
3
3
3
3
3
3
3
3
3
9
3
3
3
3
3
3
3
3
3
6
3
3
3
3
3
3
3
4
3
5
3
3
3
3
3
3
3
3
3
3
3
3
3
3
3
3
3
3
3
3
4
10
3
3
3
6
3
3
3
3
4
3
3
3
3
3
3
3
3
3
3
3
3
3
3
3
3
3
3
3
3
3
3
3
3
3
3
3
3
3
3
3
3
3
3
3
3
3
3
3
3
3
3
3
3
3
3
3
3
3
3
3
3
3
3
3
3
3
3
3
3
3
4
3
3
3
3
3
3
3
3
3
3
3
3
3
3
3
3
3
3
3
3
