15
7
6
5
42
8
6
5
7
7
17
7
5
5
5
7
5
6
16
7
5
18
6
7
8
5
5
7
6
5
5
5
7
5
6
5
8
5
6
5
6
9
6
7
33
5
6
6
9
6
5
7
6
42
5
5
28
6
8
12
6
6
6
7
5
5
6
6
9
13
7
5
29
6
7
6
13
5
5
6
5
9
6
5
5
5
6
7
32
6
35
8
7
5
5
6
5
5
5
6
7
22
6
10
8
5
5
5
5
5
7
6
6
5
7
6
7
5
7
6
5
5
5
5
6
5
6
5
5
7
8
6
6
6
5
5
6
5
5
5
6
5
7
10
5
5
6
5
5
7
6
5
6
5
7
18
5
5
5
5
5
23
5
7
6
6
5
8
5
5
7
5
5
5
6
5
5
5
7
5
5
5
5
5
7
5
6
6
5
5
6
5
6
7
8
7
8
8
7
5
5
6
5
5
5
8
5
5
5
7
6
6
6
5
6
7
5
5
5
15
5
6
7
5
5
5
5
5
5
5
8
5
5
14
7
5
8
5
6
6
5
6
6
5
8
5
5
5
5
5
5
7
7
6
6
6
6
8
5
5
6
6
5
6
5
6
5
6
6
5
