11 746
47 336 427 546 901
38 80 389 657
2 110 116 120 511 542 592 903
32 106 210 312 379 513 731 747
6 29 56 63 281 837 844 905 971
1 705
9 72 350 368 388 488 646 932 949
236 245
113 122 131 133 150 248 458
151 221 284 326 348 383 543 638 745
508 531
4 40 605
61 93 304 897 928
32 114 347 665 978
25 98 117 203 248 456 523 778 934
89 120 153 175 587 911
10 12 277
36 43 107 389 396 461 666 881
30 38 46 626 693
41 684
48 65 119 138 146 264 351 381
131 154 193 353 539 894
217 329 419
2 26 54 96 663 846
16 147 248 996
9 124 274 330 923
37 168 251
111 155 159
303 393 766
41 367
60 977
30 368 482 868
173 325 925
8 15 52 109 545 675 682
35 110 163 351 474 811 917 950 975
19 31 37 64 66 124 205 444 849 850
319 383 446
2 17 18 115 147 171 251
10 12 208 395 882
25 84 186 276 345 643
68 217 235 357 516 878
44 124 965 987
266 350 485 589 636
8 69 86 100 297 460 579 796
25 147
28 30 38 80 107 892
221 326 470
4 180 944
163 571
14 73 88 286 706
2 18 34 126 169 215 396 472 632
16 23 53 229 580 777 793
144 240 258 300 403 739
66 126 197 237 244 256 371 842
55 110 119 273 284
86 109 335 353 421 476 495 625
37 377 564 961
572 687
370 615 769
37 42 387 528 583 644
15 116 237 484 656 768 836 847
103 141 592
86 116 410 976
262 578 672 708
2 17 51 84 149 183 256 565
319 520
2 79 111 261 891
35 62 984
73 331
4 62 183 189
53 148 156 292 298 750 777
1 308
10 19 117 168 185 186 218 908
12 30 184
2 18 33 976
18 79 129 909
5 321 388 453 468 799 865
17 22 67 179 540
16 25 75 150 186 442 674 700 822
77 95 190 405
29 258 272 300 422 539 878 898
39 507
36 119 280
11 26 28 38 151 191 242 284 711 994
518 836
55 137
145 205 391 531
81 469
14 21 73 88 175 208 263 316 789 974
119 677
15 217 223 652
21 30 316
70 93 342 875
144 148
514 955
7 153 188
43 288
78 475 579
6 14 234 323 358 384 656 727 770
7 107 122 263 595 797
9 105
10 84 503
3 5 19 333
153 801
12 25 115 168 667
419 422
55 155 165 183 198 928 960 980
42 143 211 658
35 48 59 65 96 327 651 709 874 950
32 98 194 361
72 108 141 231 466 477 479 558 829
43 76 187 200 355 559
40 231
29 90 287
18 33 408 457
27 252 473
4 532
153 161 188 279 613
17 44 60 82 104 173 307 370 677 754
11 21 28 100 151 245
40 94 294 997
365 410 541 557 911
114 145 368 454 562 687
72 247 302 410
17 26 104 270 328 542 649 657 779
65 119 163 709
331 617 852 859 935
188 945
45 54 56 64 161 598 972
42 164 211 375 690 776 851
267 270
106 587
13 55
11 26 68 75 160 218 963
34 55 64
21 73 101 142 227 549 904
24 524 631
278 353 537
181 575
117 399 493 523 755
78 438
85 477 534
75 441 568 570 846
266 335 518 525 989
562 859
33 557
505 826
52 77 269 306 311 897
3 257 280 459
46 767
42 203 204 377 528 747 806 851 873
56 66 158 270
146 310
2 538
13 52 60 247 265 295 451 509
21 88 121 139 381 417 608 902
1 47 541 612 668 713 974
121 407 644 645 691
6 507
76 98 135 139 228 324 838 983
11 416 463 520 647 763 911 994
45 201 355 613 872
39 72 491 512
81 397 426
8 21 43 101 120 185 358
36 68 235
69 100 373 413 900 933
368 447 809
155 212 584
3 5 49 107 125 128 214 224 624 719
406 508
7 9 145 177 493 531 665 673
41 53
33 114 676 967
132 145 287 406 508 662 754
10 84 680 907
113 115 131 194 919
69 246
71 601 903
247 265
71 535 712 879
3 28 35 125 229 428 461 896 956 975
123 220
94 102 238 555 609
10 84 271 526 839 840 954
237 317 432 439 588 790
92 307 325 572 634 744 876
31 111 134 177 510 569
27 113 132 178 216 219 341 566 593 922
5 90 420
81 567 993
63 805
1 143 158
150 299
794 856
68 94 166 681 956
304 452
164 583
323 467 999
6 38 438 566 961
36 97 178 914
7 20 76 490 514 630 689 801 857
1 7 689 746 782
30 107 210 771
14 140 866 937
40 45 220 548 815 948
58 101 498
48 57 93 117 174 342 605
42 139 267
26 40 123 149 540 855
586 665 832 854
18 939
17 64 104 269 360
15 706
17 67 111 566 827 848
39 398
79 87 169 760
24 34 327 337 590 976
32 35 93 384 452 545 551 558
44 64 336 402 546 643 812
44 48 604 695 721
15 229 491 622
66 237
85 189 214 225 408 436 793 932
30 32 134 210
51 896
24 35
65 455 486
118 561
145 157 501
55 285 664
4 19 39 43 50 87 327 332 364 617
39 219 521 625 791 895
8 26 44 78 88 142 183 465
1 92 386 526
20 188
61 264 571 631 799
282 985
206 504 600
2 3 45 152
115 133 147 341 578
446 485 576
306 386 970
27 44 153
49 189
156 366 471
72 316
22 212 222 230 260 544 627
1 45 66 882
130 563 670
20 74 126 146 310 841
85 90 298 561 701 800
128 830
344 812 915
15 190 258 953
6 20 38 39 47 88
112 173 313 542 809 881
120 167 287
180 209
2 193 291 429 510 765 817 933
162 314 328 629 952
3 17 199 224
4 465 532
112 129 137
37 860
44 67 212 421 552
101 119 200 582 745 880
531 673
390 745
78 261
12 603 908
30 324 447
67 336
140 391 783 784 881 947
174 762
2 38 98 392 472 568 784
108 920 944
38 46 80 921
43 164 331 534 662 687 795 988
7 20 50 466 874
93 124 199 233 383 502 843
131 355 401 556
477 505 634 941
88 130 296 314 352 615
55 411
38 461 526 603 821
59 132 251 715 724 989
16 59 131
149 966
51 57 58 175 191 491 886 912 941 989
37 112 170 196 702 849 931
263 275
3 19 257 430 885
32 116 270 289 529 547 722 1000
34 216 358 440 549 555
9 17 22 124 211 273 330 354 448 540
63 470
14 73 109 769 941
11 80 106 160 277 763 858
37 616
86 246 365
75 171 578
15 23 102
205 460 504 602 801 841 913
42 400 446 931 999
13 265 295 464
212 290 500
51 57 304
12 33 833
688 791
169 624 822
69 154 342 475 631
15 136 190 283 515 580 597 863 901
229 298
1 83 287 462 978
57 268 722
5 931
2 4 396 538 819 909
23 29 144 190 759 781 835
33 69 86 159 340 457 666 896
62 189
34 52 70 588 775
109 152 288 328
333 598 845 927
5 48 97 115 216 264 382 384 414
140 198 243 323 784
467 485
3 10 26 49 108 348 761 772 889
92 325
114 210 452 491 804 832 948
25 131 132 150 376 455 496
380 449 474 865
27 279
227 432
78 87 111 134 212 408 409 460 877
1 158 268 317 394
177 297 765 796 888
8 88 435 436
30 92 99 180 293 489 752
59 61 96 139 264 302
10 135
1 13 34 156 285 399 555 694 767 923
17 149 339
23 43 83 92 94 137 567 826 992
58 76 101 253 527
70 174 379 548 605
71 98 224 378
112 118 141 197 495
2 10 80 98 282 322 462 482 883
47 182 488 827
69 117 326 593 724
174 179
63 121 195 211 448 513
83 462
138 199
22 39 64 196 246 258 377
17 66 128 240 288 671 803 953 999
11 483 587 692 866
117 619
3 5 19 23 41 102 144 165
15 98 107 215
554 614
6 15 192 240 398
19 45 126 374 506 746 839
7 54 113 115 133 148 226 468 681
353 421
3 105 144 224 257 289 535
278 335 537 539
19 22 299 363 570 798
99 104 499 845
5 19 221 320 483 550
312 342
14 133 138 162 382 713 730 899 933
83 268 270 371 439 757 823 985
38 39 92 295 456 807 942 947
73 173 196 200 309 607 949
4 376
196 522 611 717 904
28 489
161 303
14 25 50 51 93 114 202 231 656 669
47 706
40 136 172 535
111 246 517
13 52 108 795
129 725
152 713
142 569 762 874 894 934
42 112 204 255 467 529 616 623
634 988
9 235 294 357 710 912 926
36 181 244 558 709 871
18 78 79 141 239 460 569 641
79 88 89 467 528 753 958
153 651
76 172 594
50 339 570
10 84
6 143 238
9 66 78 290 785
449 590
21 88 188 628
47 88 152 573
8 32 40 70 343 586 607 756
252 280
36 80 381 620 799
5 225 428
7 20 126 146 153 355 602 946
59 65 811
6 39 83 93 99 441 541 828
37 41 223 478
91 123 210 220 798
71 249 315 475 645 732 966
8 213
5 59 78 127 166 982
30 62 142 465 500 633
292 334 800
136 144 228 240 387 622 806 841
38 553
11 32 40 123 301 331 437 476 714 786
121 255 424 658
68 697
19 830
35 60 61 81 140 184 302 443 774 925
4 17 44 177
5 18 51 123 133 373 592 781 854
4 62 64 855
20 27 130 153 197 241 716
37 39 60 86 108 172 199 236 389 510
32 94
11 277 550
40 373 558
43 109 160 196 362
6 9 105 171 230 427
173 293 392 650 668 818 864
22 58 82 130 138 182 199
42 143 176 203 632 644
59 283 351 380 707
19 792 885 982
2 10 18 159 168 487 574 946
3 5 49 84 213 214 453 468 624
150 497 629
90 181 311 685
87 418
10 30 99 487 993
2 46 134 177 215 599 819
46 124 981
12 17 22 54 83 213 296
50 55
85 226
8 14 21 185 286 434 725 888
152 395 454 585
132 378
116 422
28 77 887
47 816
69 922
3 19 63 120 125 128 214 912
51 351 554 737
69 541 640 645 785
167 170 233 311 338 935
7 20 42 138 271 403
8 14 208 356 748 998
16 157 171 218 248 606
4 62 69 189 298 515
154 537
9 24 59 170 182 225 441 584 675 718
36 73 96 110 128 163 960
37 259 272 519 589 591 873
67 102 828
91 384 492
285 857
124 406
70 219
95 191
54 67 266 536 560
85 834
319 907
41 496 825 968
166 997
10 12 44 84 487 498 667 938 954
474 612
6 791
1 10 66 157 247 344 524 595 872 985
266 350 377 660
18 71 775 776
16 103 107 171 550
62 89 142 189 581 633 817
27 116 168 191 395
123 174 349 548 671 787 810
19 125 251 420 679
8 21 73 152 213 369 638 769
26 138
76 392
7 310
15 36 55 97 127 361 960
54 57 678 875 890
271 353 546 710 831
47 110 409
1 63 74 208 509 642 807 965
272 375 980
115 150 178 322 341 425 929 959
100 159 510 937
67 479 787
173 469
99 361 743
132 138 885
39 69 176 281 507 740 973
2 31 118 193 230 702
16 41 148 334 387 401 423 458 934
24 36 110
3 65 180 418
503 623 647
286 288 488 971 974
239 325
122 150 455
36 119 853
32 50 187 804
16 184 345 430 996
5 379 405 818
551 562 621 992
60 75 92 93 205 493 734
57 304 312 382 476 586 815 944
56 120 134 213 675 850
44 71
12 257 422
151 250 444
1 74 76 153 226 256 556 659
140 293 526 993
8 21 81 148 530 879
3 162 321 404 792
74 207 535 567 708 946
17 130 269 966
21 23 85 165 307 525 720 828 886
167 170 233 372
459 619 915
7 126 473
67 93 108 129 893 928
51 129 221 277 312 416 470
25 242 408 959
3 4 62
91 392
91 370
8 45 244 339 862
12 32 40 206
5 8 135 162 445
2 33 100 222 260 286 410 648 704
11 386
13 29 38 123 332 439 875
121 375 519
1 80 85 109 585 625 726
178 186 205 345 620 734
18 33 111 193 796
3 5 19 367
7 76 201 364 494 559 652 857 872 977
14 43 576 952
25 47 91 113 143 505 519 636
35 36 59 61 712 723 890 914
6 176 192 238 319 609 878 891
10 71 100 169 275 294 409 955
40 108 114 470 497 735 751 780
448 658
4 58 99 101 498 582
94 166 294 813
9 265 385
113 968
4 24 111
20 45 226 494 602 635 652
81 94 140 185 243 323 407 778
6 12 16 274 412
163 292 515 525 720
15 283 287 580 622 943 969
102 320 719
26 149 269 764
8 73 884
212 557
61 345 407
116 141 418
78 290
3 54 160 356 394
4 382 490 514 716
46 667 951
394 649
48 110 489 890
47 72 88 139 288 434 608 615 806
278 538
12 104 381 756 932
203 860
46 118 330 375 868
33 42 259 316
2 17 31 134 239 480 517 661 786
12 18 29 512 899 958
22 95 559 936
20 685 827 864
18 116 297 315 517 737
16 184 500
30 46 361 451 599 736
184 253 294 340 347 506 870
23 29 175 275 748 788
4 179 512 574 924
171 455
16 162 341 483 816 888
4 865
41 118 136 144 481
25 133
71 640 661
2 12 241 696 856 895
181 262 575 582 924 979
106 301
7 252
55 112 343 714 808 810
16 393
21 196 263 431 747
19 49 522
103 508
15 16 228 232 329
129 198 321
66 83 282 308
1 46 267 394 462
25 29 52 90 102
71 86 87 290
94 442 991
35 135 359 366
7 187 803
194 197 852
187 773
36 359 405 518 744
2 90 141 159 260 337 365 485 527 723
82 89
46 68 92 544 620
42 81 129 154 278
13 97 346
28 93 232 379 536 563 679 825 866
2 18 31 141 261 579
70 123 216 349 831
17 179
27 258 511
9 13 37 85 214 260 323 609 699
1 8 12 43 45 72 75 117 236 610
106 224 397
99 270 361 553 921
1 58 104 771 864 964
400 939
37 203
26 159 261 369 396 561
28 97 184 192 926
61 552
122 132 218 581
172 299 529 621 715
37 42 112 121 195 259 266 424 446 1000
44 58 89 225 253 990
5 302 404 426
181 604
43 76 160 418 428 705 945
10 639
47 197 503
20 96 152 895
250 301 348 367 463 735 797 883
184 523 654 996
137 306 393
33 82 89
87 201 207 755
254 417
29 194 325 743
53 258
48 50 51
11 77
160 175 180 573 703
73 127 175 436 802
28 587
2 249 584 601 877
28 786
13 25 157
51 60 124 149 182 552 961 987
14 195 350 591 980
31 34 52 202 204 560 694
69 271 384 833
6 39 176 192 310
387 449
18 61 181 222 257 276 303 749
255 660 690 722 969
25 75 927
168 299 908
1 5 83 268 432 439 757
77 236
113 167 301 372 699 772 983
50 70 271 978
557 821
2 201 350 552 906
75 83 115 643 790 919
17 48 127 163 393 464 471 571 701 721
9 30 56 243 274 752 767 797 876
91 98 198 389 809 925 942
6 15 497 750
9 112 182 360 543
134 581
122 157 376 378 433 674 712
10 954
114 155 287 373 772
56 105
6 164 176 528
61 139 328 594 748 773 793 971
19 683 945
125 447
12 112 178 186
291 345 504
313 324 368 499 848
3 103 225 289
91 451 962
11 28 85 253 320 426 468 761 887
11 869 936
1 158 167 170 372
7 16 136 739
143 192
52 55 202 647 761
97 244 264 414 824 892
122 137 157 341
4 142 500
10 15 84
6 23 53 90 118 238
10 680
8 75 96 126 720 800
79 230 249
11 28 75 191 284 483 970
13 52 137
43 254 417 688
42 259 354 375
97 380 449
211 250 326
6 9 165 176 686
31 71 87 99 116 193 704 807 818 922
66 371 790
197 241 524
4 162 183 227 522
53 580
60 80 284 482 937
2 145 204 265 698
28 29 77 95 338 457 530 700
295 669
5 366 599
12 301 414 456
3 5 49 484
15 23 41 76 94 144 166 309 777 886
57 269 343 437
51 57 492 920
54 64 104 232 339 412 427 679 855
35 36 61 97 119 280 472 489 744
216 749
7 27 201 574 708
4 46 264
57 639
10 35 632 683 893 918 930
91 131 134 158 209 376 728
58 82
363 413 783
71 459 650
49 176
11 95 695 733
101 181 575
24 48 110 127 486 608 871 910
611 718 844
4 351
24 35 280 464 554 871
13 766
20 64 67 78 343 427 764
2 33 86 222 579 592 676
13 34 52 156 346 862 923
65 172 234 305 618
7 27 187 444 454 684 805 943 998
44 92 107 147 443 626 646 900
13 76 521 662
95 869
23 347
18 73 79 438 640
352 369
47 819
203 248 425 479 539
147 205
680 963
200 262 332 582 591 834 938 990
13 34 95 399 415 505 534 794 992
22 50 259 329 650
74 981
17 22 764
59 61 318
20 27
8 49 125 225 445 642 813
18 22 141 543
39 143 174
494 635
24 61 65 114 254 279 380 549 596
42 164 424
50 108 532 548
24 318
121 266 635 660
6 63 147 252
79 655
1 60 215 695
68 166 235 347
206 424
2 290
75 276 433 498 621 691 822 938
32 34 411 682
3 105 135 333 859
53 601 794
62 588
62 185 358 407 585
340 464
82 651
115 516 860
16 74 117 433
32 57 536 840 861
4 100 106 295 354 357
38 98 194
62 128 391
7 32 136 226 279 344 858
32 33 42 121 272 400 492 589
25 132
14 36 65 327 520 892 979
106 170 420 506 763
11 23 386
57 840
15 39 53 87 227 741 973
210 442 733 829
127 435
59 327 328 910
120 311 385 440
107 206 669 752
154 335
161 188
126 344
2 260
146 364
13 23 34 155 215 659 808
276 930
9 53 136 222 274 450 902
61 68
529 690 873
14 263 352 607
70 220 832
13 14 362 369 434 576
58 389 743
58 321 979
71 111 177 193 627 696
81 92 571
59 119 127 340 663
31 260 365 471 838
56 385 411 415 730 902
67 546
86 357 991
123 129
145 441 734 900
11 16 554
23 31 56 79 146 218 286 359 583 683
12 188 241
230 918 935 968
168 802
6 33 453 488
316 352
54 901
22 26 104 186 646
179 232 897
268 308 372 416 506 883
102 113 136 251 814
15 28 34 41 85 204 223 246 515 518
21 46 54 537 678 964
37 50 206 227 519 564
14 29 148 362 435 561 773
7 78 474 782
180 248 431 545
159 261 642 704
1 27 41 254 329
77 250 383 520
87 641 725
9 440
238 717
52 74 207 217 255
28 211 293 373 627 852
77 83 283 538 842
97 163 231 487 637 678 950
21 208 664
7 161 172 703
26 124 984
64 108
27 38 91 110 198 239 344 482 848
25 577 729 918
137 286 346 369 549 940
156 235
80 469 868
23 102 298
18 435 545 727
72 93 185 379 452 594 628 719 829 867
55 187 207 570 691 867
48 59 96 359
11 18 101 805 884
6 39
43 54 104 182 254 337 360 502 727
3 118 685 835
31 362 544 847
388 949
178 251 291 742
3 5 13 19 967
24 110 707
62 189 227
27 223 423
24 61 65 381 917
262 309 738
6 19 23 35 318 830 995
21 185 275 732
40 86 129 333 343 795
86 717 732
144 312 898
24 127 318 440
349 731
4 22 44 65 138 149 179 404 849 917
8 14 87 213 297 953
45 146 315 493 655
35 127 244 612
38 99 965
149 199 815 842
77 242 486 637 863
724 913 959
49 135 320 397 453 484
56 398 492
65 280
7 134 193 228 413 569
126 256 401 490
58 82 338
40 348 787 861
16 133 195 202 291 458 591 674 728 930
29 899
167 233
72 109 436 915
163 272 898
41 70 220 231 282 544 762
60 75 81 370 684 774
48 414 802
22 54
1 158 237
15 41 165 219 929 943
60 391 481
8 14 47
17 41 76 661 715 755
3 339
63 135 296 958
6 30 215 239 281 335 778
1 158 317 433 782 823 843
43 175
24 42 44 64 67 138
68 166
63 533
204 218 255 272 756 776
57 59 77 96 129 359 551 846
87 143 480
112 256 623
25 276 578 742
8 90 142 151 586
29 69 154 261 330 472 903
181 253 572 768 814
179 182 502 824
4 182 194 243 374 940
21 209 285 293 585 952 957 998
65 109 124 275 337 360 774
19 30 417 572
31 79 177 948
12 71 882
9 23 46 81 107 239 363 547
8 9 710
115 157
12 46 60 324 447 921
2 429 759
52 137 140 247 285 346
20 74 226 252 565 596
2 31 33 87 438 737 853
32 382
393 577 779 984
49 58 62 90 91 100 292
3 5 89 135 309 924
46 80 81 140 700 940 986
20 35 39 94 192 516 681 726 956
89 311
367 653
14 196 278
83 237 267
34 55 202 209 671
234 693
14 16 109 180 356 503 576 884
51 560 955
259 354 517 986 1000
17 22 26 44 52 104 130 502
198 566
40 57 93 174
11 28 106 463
41 837
590 736 792
10 224 951
49 224
99 173 392
16 219
213 770
108 165 271 437
187 279 374 490
27 165
4 227 480 702 909
90 148 229 240
22 111 250 281 614 824
27 45
156 303 411 521
147 148 172 305 388 823
41 53 223 415 812
72 109 200 288
45 74 374 511 527 556 616 618
23 54 262 337 445 478 728 904
20 305 536
56 105 120
33 36 159 385 413 584 698 760
29 190
150 600
30 53 99 313 363 370
55 202 374 514
35 36 588 877 920
102 240 686
164 273 448 564
1 82 103 125 128 317 390 564
195 255
101 167 499 699
9 126 657 686
24 26 97
60 547
23 148 223 292 307
12 480
113 334 378 501 504 913
11 68 92 245 249 297 372 633 775 914
128 300 333 512 835 837 982
29 40 89 205 477 499 613 738 821
395 629
356 473 606
155 274
13 51 82 89 91 338 456 575 831 845
16 122 322 376 458
3 5 103 125 151 171
13 285 399 509
9 137 568 648 653
95 217 228 283 816
4 27 72 556 573
13 34 347 400 415 555
167 170
132 141 275 443 742 758 969
13 76 402 593
29 38 168 951
67 95 236 405
49 236 383 431 672
221 475 696 721 760 817
145 673 754
27 74 241 659
31 698
25 131 619
22 26 30 173 269 336 466 654 853
478 589 788
19 705
47 117 334
33 450 563
3 268 450 513 524 597 692
28 106 751
170 349 366
122 523
147 496
14 139 160 209 358 688
926 939
37 45 206 211 354 583 689 851
53 241 309 494 522 596
223 986
69 169 249 416 425 457 723 891 906 997
26 95 106 151 444 450
15 85 90 228 300 983
165 217
397 967
49 162
112 423
174 753
495 894
3 19 430
318 371 390
66 308
29 329 750
15 58 98 825 839
68 235 476
50 804
22 54 82 89 199 253 648 738 768
122 133 218 299 693 838
56 63 105 507 820 962
20 45 136 183 201 207 355 364 630 654
6 342
451 461
56 105 870
72 142 443 567 666 780 783
53 300 533 836
38 80 92 195
48 73 252 305 692
220 233
100 116
105 730
50 70 108 216 306 810
4 62 178 741
26 67 130 232 360 459 626
1 83 84 577
28 191 463 550 789 995
26 47 139 158 175 180 431 454 916
51 103 125 214 289 758
233 366
6 10 12 84 281 740
77 103 242 245 296 994
17 232 543
34 53 145 151
152 200 420
16 133 157 481 577
6 176 740 973
26 104 130 179 402 639
7 188 207 256 618
9 120 870
154 781
13 15 34 35 109 186 682
125 254 314 426 611 664
8 37 43 49 826
16 113 131 184 481 670
31 905
51 114
655 770
245 630
336 610
7 12 201 527
365 478 833
135 758
11 48 96
278 421 788
49 63 103 105 289 320 324 533
12 84 121 377 387
13 52 73 306 530 573 867 869
41 245 367 390 653 876 970
96 244 267 471 590 779
7 25 364 403 565 574 803 927
183 465
18 48 64 222 246 676
89 200 332 406 604 814 916
5 24 56 186 277 401 445
21 209
22 130 402 677 964
9 56 118 155 274 525 697 701 813
8 57 82 101 234 362 785 880
33 142 169 371
22 64
5 29 78 103
6 143
120 155
250 380 563 614
1 63 140 161 694 808
80 469
58 565 880
430 889
21 111 352 398
11 75 219 378 501 711 729 929
30 36 194 302 340 811 975
8 14 43 47 160 879
7 9 54 419 711 820 987
222 412
3 5 6 103 225 296
139 356
1 66 79 267 308 432
10 963
4 31 100
8 21 152 209 388 597 844
68 94 114 166 210 516 907 991
332 741
32 282
60 771
37 164 203 206 273 513 534
98 243 363 391
559 977
154 495
14 43 789
23 731 733 749
14 48 70
5 128 484 798
39 238 598
9 63 105 330 533 820 962
4 189
234 942
3 123 129 313 349 707 858 905 916
9 33 63 304 434
11 31 34 88 177 315
42 273
49 162 428
24 31 45 314 403 473 606
11 77 242 348 386 863
183 532
34 156
32 70 102 466 636 854 893
7 20 146 172 207 326 511 834 957
10 20 46 72 234 409 641 847 856
18 226 412 765
18 217 331 617 649 988
169 242 284 319 735
23 31 231 429 479 497 581
48 97
113 117 171 214 219 322 425 595 919
156 247 509 766 862
164 273
82 150 262 338
100 212
40 107 553
50 53 714 753 780
10 15 24 44 121 131 283 346 540
161 190 202 279 628 729
35 36 40 102 562 600 990
52 423
45 74 197 243 716 981
204 486
27 161 303
1 317 757
5 21 195 208 334 610 751 889
78 79 249
5 50 70 128 404 551
74 146 850
216 560 663
16 178 257 276 321 501 910
86 190 670 906
442 496
1 106 151 191 221 277
101 390
66 220 282 843
20 74 185 718
118 190 307 726 759
68 357 697 739
2 169 229 230 315 419 568
90 118 187 291 603 972
25 95 96 110 122 310 322 385 861
20 81 198 215 313 547 736 947
6 192 638 703 957
1 221 521 995
77 637 672 887 936
263 530
314 437
24 91 119 127 542
17 130 149 281 553 972
265 305 429
208 668
85 94
