44
26
9
10
36
34
28
12
55
42
49
10
17
10
87
11
57
20
38
8
7
11
46
15
85
68
51
47
19
31
12
14
20
53
48
38
14
9
5
49
11
8
13
5
30
18
17
86
26
52
25
25
33
22
22
12
16
15
20
17
14
53
9
11
92
22
14
10
12
7
23
8
46
34
21
17
16
11
17
37
17
51
55
20
14
11
14
71
47
34
23
11
59
53
38
41
46
33
23
21
20
74
34
33
28
24
14
12
11
8
7
48
21
12
7
15
14
36
31
17
14
17
89
62
36
34
13
15
18
11
8
20
55
26
17
11
6
75
19
10
13
22
12
45
34
29
20
13
17
13
18
33
15
21
19
13
11
14
68
25
8
10
20
28
21
86
12
13
25
6
60
4
8
14
13
38
17
20
18
16
36
10
31
13
12
37
23
15
6
38
7
7
12
10
6
36
15
38
54
19
6
78
12
57
11
59
26
76
50
35
17
18
15
17
19
70
3
16
7
58
13
13
10
16
8
13
48
33
26
20
29
25
14
11
15
54
36
60
69
13
10
19
13
8
10
15
21
9
15
12
12
27
15
20
19
16
28
25
5
16
23
8
33
27
7
55
12
11
76
20
20
12
8
46
16
11
26
18
33
4
9
36
12
13
49
41
31
62
26
32
35
10
11
28
21
17
16
14
62
12
10
69
27
31
26
13
9
11
16
12
26
47
20
31
20
10
8
3
44
28
33
14
14
8
35
22
11
28
18
12
30
11
10
14
24
24
16
12
20
13
48
13
8
48
41
27
31
16
37
16
14
3
18
3
43
28
20
14
32
15
10
12
22
26
17
17
16
13
9
8
12
10
8
40
23
14
17
8
7
13
14
34
7
13
6
28
24
16
18
7
21
18
8
12
10
11
12
14
7
33
32
10
12
11
8
12
4
19
24
27
14
14
16
28
17
10
7
18
11
54
18
14
20
9
37
12
13
18
9
28
8
24
18
30
19
15
6
10
30
20
13
8
48
23
10
7
7
9
8
20
11
23
19
28
9
16
4
48
27
9
12
12
15
14
12
14
7
38
21
12
10
16
13
5
12
6
6
15
13
14
6
10
9
11
7
11
9
49
14
10
6
21
10
13
19
21
7
25
21
21
12
14
21
14
14
26
18
28
14
14
6
30
16
9
8
12
6
11
13
21
24
21
10
20
13
21
13
7
36
24
15
49
12
11
13
23
11
11
9
24
25
12
25
13
19
25
8
11
14
5
12
16
13
5
14
6
17
15
7
11
13
14
20
7
10
7
13
12
17
26
5
9
12
10
13
19
11
17
5
19
5
11
29
13
15
17
10
5
34
7
11
11
19
59
19
16
37
37
12
30
12
24
9
10
9
12
18
7
12
15
21
14
9
40
6
7
15
17
4
56
13
5
10
19
23
16
43
14
18
12
16
22
15
12
14
12
23
36
22
16
13
10
11
67
30
14
34
10
22
27
28
11
21
16
16
11
7
24
12
46
14
33
10
23
9
15
10
19
17
8
13
21
22
15
11
26
8
7
16
14
10
7
19
17
8
10
37
22
9
10
33
9
9
39
8
9
4
5
29
6
3
34
22
12
15
9
13
14
14
12
20
15
31
9
10
7
8
14
12
16
9
13
9
8
7
19
16
14
9
8
21
16
6
9
21
12
16
10
22
22
13
17
14
6
28
17
13
14
11
9
8
31
38
25
6
16
11
11
12
24
9
11
12
10
5
20
10
9
9
7
8
14
12
7
4
9
19
10
9
11
7
15
25
10
10
10
5
5
8
16
15
7
11
12
11
13
9
14
11
8
12
19
10
7
8
13
8
10
13
16
23
12
18
9
10
14
13
8
48
12
22
23
13
13
10
10
10
11
12
12
19
11
23
19
20
10
7
8
11
9
28
17
12
8
5
12
17
12
7
10
22
20
16
7
20
18
15
14
20
25
11
7
7
13
19
8
17
14
8
15
15
17
19
21
9
9
7
15
14
7
9
21
15
29
21
15
17
5
8
10
10
10
12
10
18
18
9
14
7
11
26
10
11
7
15
12
11
16
8
16
8
7
16
13
10
12
12
25
15
9
11
6
9
9
6
14
8
12
17
9
11
12
24
14
10
7
6
17
12
9
7
6
9
8
12
9
14
14
15
11
7
16
25
21
18
7
10
9
4
8
10
12
6
12
14
21
16
9
13
10
5
16
14
10
11
12
14
6
13
18
8
12
13
13
12
5
4
16
13
15
20
23
16
15
7
6
10
6
16
11
