14
12
25
13
18
13
35
13
15
8
87
45
10
50
23
9
17
15
24
9
35
11
8
74
42
15
19
9
39
38
21
15
14
14
36
16
52
12
12
11
45
31
17
9
24
18
73
45
20
7
9
41
43
28
22
12
14
65
53
35
16
17
98
36
27
13
23
8
27
19
5
57
33
16
11
9
19
19
7
66
12
6
73
54
11
8
90
24
36
28
12
9
19
18
16
13
11
17
13
12
20
16
67
41
17
37
30
14
18
10
15
4
11
15
36
24
13
33
32
22
9
52
28
18
9
8
66
55
21
9
11
4
77
61
15
22
13
17
4
41
12
7
10
6
45
15
4
46
34
26
13
39
18
41
11
67
31
6
52
27
10
53
19
12
33
5
11
6
5
35
23
8
58
31
27
18
23
12
33
7
10
19
72
34
21
14
11
24
7
11
8
7
42
15
37
9
18
14
21
28
22
13
12
9
16
22
16
7
9
11
15
23
74
62
33
21
14
56
9
64
41
33
25
17
15
11
14
53
23
13
76
23
34
9
25
15
15
11
15
73
6
7
8
5
19
38
17
9
10
17
27
17
11
12
26
20
10
11
69
69
46
12
34
20
16
11
20
12
9
9
10
15
17
15
38
20
21
85
30
41
32
16
14
11
17
12
19
10
39
25
16
16
14
35
49
18
10
15
14
17
8
60
29
8
7
62
20
23
20
10
22
16
14
15
7
6
38
14
32
15
18
32
56
11
23
21
13
9
17
10
10
10
15
11
5
8
45
17
15
17
27
16
7
60
38
16
9
11
16
8
4
11
22
11
22
30
28
26
13
9
9
17
52
11
9
7
32
24
11
51
23
8
12
57
26
10
21
7
7
4
14
13
17
17
19
13
9
6
36
25
20
45
28
16
16
14
28
18
10
3
48
43
12
19
12
7
38
7
10
10
20
28
25
14
11
16
17
11
19
12
10
9
6
11
6
6
18
18
14
9
8
16
16
93
7
12
15
17
10
8
6
13
9
18
28
41
5
16
7
17
13
25
9
24
7
14
11
13
12
20
18
14
38
26
22
16
16
43
7
11
11
12
26
13
72
21
14
23
23
28
22
14
30
10
13
11
12
21
12
14
11
11
10
12
11
12
29
34
10
7
9
12
11
15
15
12
9
36
6
16
7
15
15
31
13
15
10
9
32
5
4
11
22
13
24
21
9
9
12
27
28
10
70
14
7
9
15
17
22
10
13
13
23
18
13
36
9
8
9
27
28
21
22
16
12
11
21
9
39
20
24
18
17
12
9
13
11
33
20
21
10
48
14
18
18
21
11
6
17
8
12
29
19
26
14
23
15
20
4
3
27
33
15
18
9
9
8
18
15
24
10
4
10
10
10
11
15
19
12
8
13
8
6
22
8
6
12
17
8
5
35
14
21
9
11
10
21
25
11
33
10
9
20
15
10
21
14
9
8
10
13
21
24
19
17
7
15
25
9
30
11
8
8
10
14
9
5
20
7
15
8
29
12
13
12
11
15
9
20
11
10
13
23
5
11
7
27
7
13
23
12
19
16
33
20
19
17
13
23
10
17
4
4
15
11
15
6
23
9
11
9
7
15
14
10
7
24
36
9
16
7
12
16
10
10
12
25
21
21
15
17
7
11
3
26
12
4
25
12
16
11
12
9
22
10
26
20
27
11
18
14
9
44
8
6
9
11
10
14
8
10
24
12
18
16
10
9
13
7
13
11
15
11
14
4
5
12
9
10
18
14
12
4
8
10
4
11
10
26
7
9
10
11
9
8
8
12
22
6
17
10
17
11
28
7
20
13
12
8
15
12
9
19
13
32
8
13
25
5
9
9
17
31
12
10
20
12
28
17
14
28
70
15
12
13
18
15
9
14
15
16
10
7
16
9
12
24
17
11
25
11
21
15
19
10
7
15
21
27
8
8
13
11
17
8
6
7
12
15
17
4
8
10
9
10
11
11
8
8
15
10
9
10
17
16
7
9
5
14
6
9
22
12
7
14
17
9
12
11
11
10
10
11
10
30
5
7
13
7
9
21
17
15
13
7
13
12
5
6
13
18
10
29
17
8
12
12
12
16
10
13
9
13
17
10
7
14
12
8
8
9
6
12
11
18
5
9
11
15
11
7
21
10
12
15
8
7
12
6
16
4
11
10
22
14
17
12
15
13
8
16
8
19
14
13
13
33
15
10
6
12
6
17
11
14
11
16
11
10
13
12
12
8
10
14
13
12
11
9
8
9
12
8
7
12
10
12
14
8
7
