68
45
32
28
23
16
11
6
16
69
57
10
16
8
31
12
16
14
35
23
24
19
17
26
8
21
12
6
50
45
24
16
60
9
11
14
35
5
44
19
45
13
13
9
52
38
36
20
12
28
12
10
11
12
12
16
9
57
14
34
60
7
30
19
21
12
20
10
61
26
14
16
5
20
17
16
16
17
12
40
54
15
8
10
68
73
38
37
29
21
20
11
49
49
6
7
7
23
9
91
51
51
59
26
27
16
18
18
4
85
40
19
14
12
50
30
22
10
14
19
29
12
12
12
23
18
20
8
43
57
41
31
15
17
34
16
17
13
16
11
16
9
9
15
5
20
18
40
13
50
36
23
19
15
38
34
22
12
42
39
36
30
58
21
14
11
16
19
6
29
24
11
12
31
31
21
5
30
27
22
25
14
12
32
25
88
17
10
25
12
10
9
15
16
19
14
10
6
45
32
36
33
8
36
10
19
18
49
19
49
20
55
19
11
38
32
17
3
59
13
8
11
7
9
14
34
52
8
10
49
16
19
30
12
17
10
4
18
20
10
18
16
11
58
25
18
16
11
20
8
9
16
5
52
42
24
20
13
16
26
18
7
13
6
11
8
74
33
11
27
24
16
13
12
16
14
5
85
70
44
27
12
11
16
20
21
18
23
15
25
10
8
32
19
40
35
7
51
8
5
10
7
41
16
21
12
15
45
15
9
16
35
50
8
43
60
25
18
16
12
54
36
20
12
50
22
51
14
5
19
19
15
12
59
6
18
24
17
56
16
10
10
8
22
20
22
9
43
12
14
12
35
7
9
56
27
29
7
8
11
10
12
14
38
11
16
7
56
32
18
15
11
22
26
25
11
16
15
24
24
45
29
25
13
8
8
9
30
21
11
10
13
16
6
11
17
13
35
15
9
9
12
15
24
13
8
15
21
12
3
9
10
14
10
40
36
29
26
20
17
10
8
31
14
20
15
47
29
5
5
56
72
12
10
15
48
14
11
50
23
10
42
32
27
17
27
27
17
18
17
15
12
19
20
49
15
20
29
21
10
15
15
6
6
5
16
6
26
28
19
29
31
13
38
24
17
6
15
11
18
9
7
8
16
16
25
18
18
10
20
11
30
19
14
12
14
32
21
14
33
15
17
16
15
18
15
8
16
18
11
13
13
10
9
13
7
6
6
21
9
10
43
48
12
14
11
16
15
5
8
5
11
19
18
14
45
10
10
28
27
21
14
14
17
12
15
21
17
19
11
17
15
13
15
18
16
15
11
58
17
13
15
8
28
21
15
13
15
16
5
15
12
13
16
9
33
20
11
15
21
17
9
28
19
14
14
10
10
13
23
9
39
24
12
11
11
11
14
13
12
10
22
17
28
18
23
22
6
28
27
30
9
22
13
19
22
8
15
13
8
16
9
12
21
11
9
13
13
9
11
18
12
7
18
11
21
14
11
13
10
9
13
5
15
9
35
23
7
14
16
14
15
23
25
17
8
16
10
6
14
9
16
13
10
11
14
35
11
24
18
10
12
27
21
12
20
18
18
31
19
9
18
18
9
26
24
14
11
8
11
13
9
9
44
25
15
9
7
15
30
14
12
13
9
7
12
11
13
15
9
23
14
6
11
16
10
14
11
11
20
10
22
13
11
30
15
24
21
10
10
22
13
17
13
11
17
19
27
15
11
45
10
17
8
12
22
27
7
12
11
13
7
15
13
14
12
21
17
15
6
17
11
12
19
27
16
16
12
12
12
21
6
16
14
17
13
18
12
27
9
17
11
16
16
4
8
42
32
18
19
14
12
22
12
12
15
14
19
17
5
10
14
13
11
12
5
9
9
7
14
27
15
21
14
13
7
13
10
10
10
9
15
12
12
15
10
9
14
8
9
9
39
19
19
13
22
13
10
12
10
12
9
5
14
10
10
10
19
13
11
7
9
9
11
13
18
17
20
12
9
7
9
7
9
10
15
9
12
9
10
8
3
13
14
16
4
11
6
13
3
12
14
11
4
9
9
18
14
9
14
15
19
10
8
8
16
25
7
3
16
15
22
15
8
15
14
30
11
11
16
15
11
13
16
13
9
12
7
12
16
11
17
24
7
14
9
8
7
7
14
4
11
4
6
8
16
11
5
14
7
8
9
10
6
18
13
14
7
9
17
35
15
10
11
15
15
11
13
9
10
23
4
5
10
7
10
6
17
11
21
6
14
14
10
10
9
8
11
13
17
16
5
7
21
7
14
8
12
15
6
9
9
4
12
8
15
12
14
5
14
