8
14
10
35
14
9
12
33
6
36
35
28
83
75
41
37
53
58
33
24
40
9
70
17
38
25
69
43
33
18
21
73
68
52
18
14
27
6
70
57
49
9
10
62
65
22
9
11
18
82
58
33
27
22
26
13
16
17
12
31
24
16
69
89
33
22
16
11
33
24
53
14
37
15
25
4
54
24
69
60
48
26
22
61
6
8
41
8
68
17
15
10
11
67
42
11
20
69
54
15
14
7
10
11
13
59
45
23
30
17
14
14
27
20
66
19
8
24
8
61
38
10
37
9
73
3
36
31
33
35
18
11
13
53
35
13
13
12
8
14
54
51
41
30
26
26
14
18
19
14
15
25
8
49
38
20
25
19
10
17
27
12
42
8
14
22
34
25
10
52
71
36
24
7
12
27
9
27
12
11
13
28
10
30
13
19
13
4
47
54
14
30
6
20
66
41
30
10
18
77
40
18
11
12
45
14
14
5
49
9
72
56
56
7
15
21
11
10
7
9
47
20
17
8
8
41
21
16
11
59
18
12
22
23
14
11
13
10
10
65
19
15
9
11
26
13
6
27
16
14
7
15
16
7
19
10
10
8
13
13
4
7
36
11
19
5
38
28
58
38
43
16
28
15
11
11
24
11
7
17
24
7
11
30
35
21
11
21
9
12
19
15
6
11
7
83
21
11
17
23
22
9
14
14
13
18
4
15
11
9
14
22
66
39
20
20
22
21
23
21
19
39
20
26
12
14
11
41
28
12
9
41
28
9
23
7
10
8
12
26
21
22
13
7
4
32
10
85
43
21
18
17
41
17
15
9
37
22
11
17
8
68
38
12
6
10
22
59
65
20
15
13
24
14
9
8
65
6
19
9
7
17
14
34
23
11
14
9
10
16
14
5
45
6
15
24
7
8
47
7
11
18
22
12
35
25
15
19
11
34
38
20
10
4
17
27
7
10
20
11
52
14
10
13
52
15
15
25
11
11
7
10
11
57
28
31
20
15
65
13
49
25
16
11
25
13
5
13
9
6
46
42
26
20
11
13
16
8
28
13
22
17
7
6
10
4
17
23
15
12
36
33
11
9
7
22
17
18
14
11
15
9
42
29
19
14
45
30
10
36
10
14
12
57
11
14
8
21
12
11
7
10
30
23
9
9
8
14
21
13
16
13
9
23
20
9
8
12
42
19
15
15
9
20
10
4
8
12
12
15
9
9
24
8
10
6
10
14
6
28
13
42
11
17
24
11
16
9
9
5
9
21
13
16
11
26
7
16
17
11
14
25
21
16
10
17
29
24
24
16
15
18
12
25
9
12
12
10
63
5
14
28
20
15
26
8
21
20
16
17
29
5
8
19
10
30
9
36
33
7
12
11
13
9
10
14
13
23
9
11
20
39
11
21
19
12
17
7
10
7
26
8
7
8
12
11
6
20
13
9
24
17
18
12
11
38
6
9
6
9
23
10
7
12
30
17
4
5
7
6
31
12
4
13
7
24
13
20
9
5
6
35
13
14
9
16
6
8
11
7
6
10
19
9
15
8
12
8
10
9
9
18
8
32
18
4
16
15
6
10
24
9
4
9
14
5
11
13
15
9
14
45
22
18
11
8
10
20
18
10
17
26
15
9
15
15
13
8
28
18
16
19
9
12
4
17
24
17
13
11
17
6
7
16
14
21
14
18
5
7
19
20
19
16
9
16
15
6
25
19
16
10
25
27
28
11
17
11
17
31
14
12
11
11
16
9
19
13
25
18
11
9
12
13
15
9
11
8
13
11
20
10
14
9
13
16
22
6
23
11
19
14
15
9
10
9
20
11
19
11
10
25
14
16
13
9
15
16
6
7
7
11
13
10
9
14
10
11
15
21
15
15
13
14
20
17
10
18
20
21
10
5
19
19
15
10
24
10
11
7
7
18
12
16
17
8
9
8
15
8
11
7
13
13
6
6
9
10
16
5
13
18
13
15
7
5
15
8
18
14
7
24
6
26
14
9
13
11
9
8
16
23
13
13
7
10
9
10
14
18
13
11
7
13
13
13
27
12
19
19
24
15
26
12
11
6
10
5
12
10
16
14
10
5
6
14
13
9
23
11
8
14
16
13
9
14
5
12
13
12
6
14
5
15
8
29
15
10
22
21
11
9
13
18
14
18
6
15
18
11
9
12
4
10
7
15
12
14
14
10
6
12
10
8
10
12
12
10
7
8
7
13
14
12
5
22
16
12
13
13
11
21
21
9
6
4
13
9
7
12
14
11
11
18
12
3
9
9
10
9
