10
6
66
14
11
9
59
5
7
9
34
9
18
11
12
16
52
39
34
20
17
15
12
15
19
11
13
29
15
8
20
15
18
8
13
41
11
38
20
15
16
7
40
17
10
47
17
8
12
24
16
13
14
49
11
10
39
34
28
85
44
22
12
13
11
18
26
29
9
19
12
20
8
44
11
11
13
10
8
31
26
22
11
16
14
38
25
32
6
57
9
48
15
20
53
27
18
14
18
10
9
13
6
15
10
38
33
20
8
22
16
53
30
55
31
35
12
35
18
18
15
14
7
52
26
20
19
9
46
41
26
14
4
37
22
15
9
56
5
9
14
61
17
12
34
17
41
20
6
61
41
58
20
12
14
12
23
10
4
45
21
27
18
10
13
10
14
15
12
6
8
35
40
21
15
86
19
9
35
16
9
10
15
11
4
4
27
30
38
14
24
16
16
10
10
73
60
53
29
18
16
13
34
11
12
25
9
12
9
15
32
14
28
12
7
4
7
69
29
24
30
7
11
27
18
21
8
14
6
3
33
14
21
7
4
25
11
11
13
35
36
17
14
12
17
14
33
26
49
24
18
11
26
31
21
16
17
17
12
16
22
17
19
8
7
24
32
21
13
7
32
27
17
13
28
69
11
39
17
22
9
79
35
22
16
36
28
16
12
16
10
13
63
37
21
15
20
10
11
15
14
55
18
25
28
15
23
17
6
21
8
9
8
41
13
4
30
8
15
24
13
11
13
7
34
12
12
7
37
30
18
43
29
9
9
56
4
18
11
20
50
40
23
41
20
42
24
18
26
17
12
15
17
25
7
55
15
12
10
10
3
17
20
10
18
12
18
18
10
7
16
12
10
9
34
10
11
16
16
18
15
18
9
13
13
22
80
21
37
12
8
11
35
25
9
9
16
11
17
16
43
6
10
7
26
8
7
17
11
25
6
13
32
17
14
41
23
24
45
38
25
16
13
26
22
20
13
12
9
10
14
7
17
14
14
19
17
27
19
32
48
20
13
8
15
7
14
17
11
68
40
26
24
19
32
31
16
19
10
20
14
25
9
10
11
22
22
9
14
43
15
10
11
29
4
12
16
25
22
17
6
11
9
11
43
13
6
23
32
17
14
15
10
11
30
7
9
16
8
6
37
7
30
15
9
13
18
19
11
15
33
49
24
15
20
24
20
17
14
9
12
14
12
30
12
7
36
7
31
11
49
13
13
21
6
15
13
8
4
19
10
14
13
15
96
27
33
23
27
16
16
7
10
16
16
13
14
8
11
5
9
11
21
17
29
28
29
26
29
10
6
25
16
13
21
16
11
26
11
14
8
5
26
14
12
8
7
8
28
11
11
7
15
12
13
10
34
10
19
7
17
9
9
20
18
14
9
15
12
32
18
10
54
12
8
10
10
7
12
6
16
15
13
11
27
14
16
24
16
12
19
7
10
47
32
16
7
14
21
44
12
16
14
7
32
8
41
6
21
16
8
5
8
38
27
14
20
16
11
12
12
26
18
20
9
11
17
6
11
27
17
10
11
6
9
7
16
9
47
23
19
12
12
7
19
23
30
7
16
16
16
10
14
9
12
17
8
28
21
9
28
34
23
6
18
21
10
10
5
15
10
8
15
10
11
34
9
11
16
7
9
9
7
7
19
18
12
22
22
22
14
12
23
25
11
7
10
17
11
7
5
7
14
40
18
14
7
14
17
8
12
6
8
12
17
16
9
6
16
19
14
15
18
12
7
12
10
17
11
14
12
20
15
10
12
18
16
8
7
7
10
14
9
23
9
15
19
13
32
18
22
15
7
15
14
21
17
19
16
12
20
10
15
11
34
15
9
8
9
10
13
10
19
20
7
14
9
4
43
15
20
15
5
4
8
7
7
27
17
11
15
12
8
12
15
11
14
14
9
13
7
24
26
11
13
8
9
15
16
15
12
12
9
13
38
19
26
9
7
10
7
14
14
8
14
10
11
16
13
22
13
10
7
16
16
10
9
22
10
12
13
8
13
4
11
15
10
30
12
7
10
16
7
12
11
22
11
24
10
5
19
10
23
14
13
13
16
7
5
9
6
7
26
8
4
16
14
16
10
12
7
19
11
11
11
22
7
13
13
20
14
11
5
19
15
12
15
6
15
11
11
8
14
13
17
4
12
6
11
9
10
13
5
8
11
6
11
10
20
13
22
17
16
23
16
12
19
8
8
13
16
6
15
17
9
14
10
15
13
18
10
11
16
21
15
7
15
7
8
16
14
8
15
14
10
8
8
6
7
9
