106
47
30
21
16
24
35
17
22
24
20
17
70
8
36
26
18
16
10
7
28
7
6
15
11
85
29
25
18
9
19
14
8
18
33
20
23
15
11
89
50
46
20
19
16
25
57
66
69
53
36
4
19
18
75
24
16
9
56
40
63
43
35
27
17
8
4
11
59
8
8
35
13
56
16
17
8
13
14
38
37
38
66
17
8
39
7
27
25
9
38
29
21
23
18
14
39
23
17
52
33
14
19
62
25
12
23
13
13
16
60
54
59
24
17
15
50
39
65
22
19
11
14
18
20
18
17
11
20
24
8
8
6
18
13
14
57
23
19
12
14
19
86
27
18
15
31
50
40
38
19
10
20
5
75
58
32
44
37
24
15
10
16
45
20
16
28
20
14
27
11
16
16
28
11
17
51
22
26
13
22
15
38
34
23
18
6
25
3
57
41
17
20
12
18
46
3
14
14
9
12
20
13
68
63
30
55
11
7
10
22
14
13
14
19
11
36
12
74
10
13
14
40
32
14
3
42
24
16
31
15
28
92
20
14
15
10
5
60
29
14
6
31
12
22
13
9
23
43
41
19
14
31
16
6
35
19
15
5
38
17
6
8
55
46
38
23
15
6
22
53
48
14
15
13
30
33
34
20
23
18
19
11
14
29
15
9
11
17
23
22
9
28
18
12
10
84
10
14
8
16
12
27
38
15
10
12
36
15
16
38
20
29
9
21
14
18
8
7
47
30
39
34
14
12
24
11
41
13
12
14
18
10
14
21
8
20
12
12
13
23
16
9
25
9
39
4
17
44
20
15
11
13
28
16
20
17
15
15
13
19
14
5
13
12
18
21
25
23
17
54
43
45
6
6
10
58
32
18
13
51
14
12
17
9
32
53
40
19
20
12
71
62
25
23
14
15
19
35
27
14
4
3
11
30
11
17
16
11
9
27
14
20
10
12
17
35
33
24
22
28
12
17
16
33
26
86
32
17
15
21
15
9
23
10
11
4
27
20
15
7
15
16
24
25
27
16
13
25
19
9
34
11
30
18
18
21
37
15
21
37
6
7
20
13
13
9
23
11
54
52
20
8
22
14
35
7
14
26
9
9
7
48
14
11
12
9
15
12
23
8
36
28
21
13
20
14
30
23
15
14
22
12
42
12
5
29
15
15
11
12
9
14
16
23
7
29
10
8
9
37
24
19
7
14
15
20
11
19
12
22
11
27
13
11
15
12
13
18
25
9
7
16
37
19
12
15
16
9
8
29
13
9
31
14
18
13
11
11
13
6
35
18
23
14
15
20
9
21
14
6
18
25
6
9
18
18
17
12
23
11
13
31
11
12
10
12
21
28
14
20
17
28
6
54
15
8
8
16
16
16
11
13
7
6
23
10
20
7
25
17
19
19
7
14
13
7
14
14
13
13
23
27
14
15
10
13
23
13
13
32
34
25
24
20
20
13
11
11
40
17
10
26
17
23
16
13
24
15
14
10
11
9
12
8
7
29
12
8
5
6
12
12
4
13
14
14
10
8
13
12
9
28
17
21
28
12
5
29
16
15
11
14
10
14
7
11
12
6
15
11
9
22
19
8
7
12
5
19
12
14
18
8
10
10
9
8
21
18
12
6
18
22
14
26
25
27
22
14
13
32
10
13
15
16
8
10
10
9
8
12
18
17
14
8
11
14
22
16
7
11
11
18
12
6
12
8
8
13
22
19
16
17
37
15
11
12
9
34
21
10
25
11
16
25
12
9
10
14
9
13
16
21
21
12
12
13
15
15
9
16
11
8
13
9
11
16
15
24
19
26
11
20
12
9
9
14
22
18
18
12
8
24
3
29
13
18
16
11
17
11
9
11
8
13
8
12
18
14
11
20
10
7
9
12
16
10
13
38
23
13
9
13
5
9
14
6
10
17
8
7
12
14
17
9
15
8
25
17
9
11
9
9
12
15
5
13
9
9
34
28
19
23
18
14
14
16
5
16
13
18
13
35
12
12
29
20
19
12
6
9
14
17
18
9
17
16
7
9
12
25
19
7
8
18
3
12
10
15
10
14
14
7
12
23
12
8
13
12
24
10
7
11
4
13
5
20
11
9
8
10
9
9
22
9
13
15
12
10
17
7
7
7
5
17
9
8
25
20
17
6
16
14
8
16
12
12
8
20
17
7
10
7
29
5
11
13
16
10
7
7
20
16
12
20
16
8
7
14
6
10
9
12
8
13
16
13
14
11
14
9
16
5
7
5
18
7
16
16
13
11
15
10
14
10
14
9
10
16
9
