7
10
41
17
8
13
19
9
15
17
64
36
9
10
27
4
44
51
29
20
20
17
12
7
14
80
16
58
22
21
8
70
39
20
18
80
47
27
19
16
15
12
36
9
9
6
80
5
27
7
8
44
18
87
53
41
79
8
49
11
28
25
20
23
9
9
16
61
71
45
24
14
17
14
7
9
9
23
4
40
4
60
54
24
23
14
17
17
57
56
63
20
20
16
10
93
19
39
8
8
16
9
32
20
17
22
20
10
12
14
35
38
42
14
39
8
9
31
13
32
35
27
21
25
14
15
15
16
17
18
7
11
23
7
13
5
25
18
43
34
21
16
12
16
31
16
20
6
14
33
9
51
23
14
14
13
8
72
23
19
73
10
31
18
18
4
11
6
67
22
10
34
10
40
29
26
16
6
12
14
8
7
16
21
25
23
37
24
42
15
17
15
22
20
16
24
6
12
54
31
13
13
12
13
13
11
7
36
17
10
24
18
32
7
53
23
18
18
6
55
24
24
13
66
35
29
39
14
7
15
54
9
62
33
36
17
16
13
36
23
11
14
39
13
18
43
18
18
11
28
21
30
8
36
30
21
11
50
20
21
18
90
15
10
14
57
16
11
27
5
66
16
8
21
12
17
11
6
37
32
37
9
44
11
16
21
21
16
13
16
9
15
33
18
27
8
7
28
7
19
8
10
25
10
25
16
16
16
16
12
30
23
15
19
51
13
32
31
20
5
7
19
12
11
40
7
9
56
22
21
18
19
12
16
8
30
24
16
22
24
44
6
23
12
16
15
9
15
9
26
8
16
13
16
7
14
9
15
17
10
10
16
47
59
39
37
26
65
15
8
6
6
32
31
14
12
22
11
15
40
30
9
32
40
19
18
13
32
11
10
14
18
11
20
21
18
9
12
58
17
15
12
63
16
55
30
19
21
19
15
18
59
18
9
17
13
12
11
13
15
15
8
10
19
18
14
16
23
14
6
7
10
27
23
21
21
14
18
18
4
9
11
8
32
13
23
12
20
8
14
8
20
10
16
13
12
34
15
9
6
11
22
9
12
12
10
50
5
9
18
8
11
28
6
9
11
9
5
16
17
11
10
7
34
22
20
14
12
10
9
19
57
19
8
30
20
18
20
11
38
36
7
11
10
8
14
9
49
15
12
7
41
62
13
18
11
17
16
14
31
30
5
37
18
13
7
7
16
31
15
6
37
38
28
19
32
13
31
19
10
27
26
9
8
56
21
15
12
11
12
32
16
11
13
10
11
68
14
18
13
4
19
7
9
36
18
12
12
9
8
14
10
22
21
18
47
27
16
19
14
6
6
17
7
22
14
14
15
21
41
20
10
13
16
8
12
16
18
47
13
8
6
12
13
8
12
19
8
37
24
13
16
15
14
14
11
12
4
12
21
4
17
15
23
10
12
16
21
15
4
16
10
7
16
12
7
13
26
20
16
10
12
21
25
12
24
7
28
25
13
16
14
12
55
23
9
25
17
9
16
5
19
22
17
11
16
12
9
21
10
27
8
7
23
12
19
3
17
18
24
16
15
34
9
12
11
10
9
11
8
10
30
15
9
8
37
14
23
13
13
10
12
8
21
16
15
5
13
19
7
14
22
8
9
21
9
24
12
17
15
9
16
11
10
23
17
10
12
16
11
12
11
7
27
12
5
10
3
15
17
11
11
16
15
16
37
21
13
12
10
8
14
36
27
19
11
11
10
28
13
16
19
10
15
14
7
14
11
26
17
17
12
8
18
12
10
12
8
16
11
13
17
5
7
22
6
22
9
25
14
20
15
14
11
13
5
13
11
26
6
4
18
7
7
5
35
19
20
11
11
13
6
10
17
9
4
20
37
20
26
11
13
6
20
14
11
14
21
15
18
16
13
7
8
11
10
14
11
12
9
22
13
13
9
18
15
13
6
12
9
10
14
10
13
12
7
19
13
12
14
11
23
16
17
12
11
24
10
24
5
14
11
11
12
51
12
9
25
12
10
4
9
16
17
4
7
16
14
4
7
16
5
10
10
20
14
11
15
9
8
14
16
14
20
13
25
23
11
19
10
11
12
9
17
13
6
19
14
8
12
14
5
17
13
12
19
9
8
15
12
6
16
9
17
16
11
16
13
14
8
26
10
19
14
8
7
11
13
8
13
22
7
5
9
5
9
16
12
11
9
11
15
28
10
6
4
16
10
3
11
7
5
11
18
5
10
6
16
11
13
9
8
17
14
10
7
18
14
7
5
9
11
9
9
14
10
12
8
9
13
