65
46
26
21
87
49
25
28
35
35
12
80
11
11
12
35
35
21
10
7
10
9
39
38
22
17
23
12
17
25
14
10
65
38
24
14
41
30
18
30
13
13
6
7
7
11
11
6
57
46
13
81
9
6
14
36
32
33
18
18
12
9
56
9
63
24
41
34
28
32
19
12
21
17
44
37
10
20
10
62
7
8
32
10
13
6
52
4
32
28
24
60
47
54
35
12
8
8
43
12
74
58
68
53
16
30
17
17
46
16
11
56
11
57
15
75
43
23
18
21
11
12
45
34
28
12
15
56
16
19
19
22
9
36
13
6
35
28
27
17
16
21
16
29
16
16
13
11
36
10
54
39
22
21
13
8
10
18
6
18
16
19
13
65
78
45
30
27
24
61
22
64
16
52
24
20
20
65
54
23
22
14
23
11
18
9
67
49
18
21
33
12
9
14
17
23
14
57
31
27
22
26
13
17
15
58
9
15
34
45
24
12
10
6
23
24
25
18
22
27
12
47
35
11
54
19
10
40
15
9
11
23
17
12
15
11
43
32
23
15
9
37
27
8
67
23
19
9
16
47
9
16
24
18
11
18
32
35
17
14
15
45
13
27
29
17
8
14
69
11
55
28
23
19
14
29
21
64
34
17
24
22
9
5
62
13
15
8
12
10
36
20
6
9
9
37
7
10
22
13
25
7
12
25
15
24
7
25
8
8
9
67
21
21
10
13
65
42
12
37
15
19
12
38
12
24
24
17
8
7
50
24
19
19
11
37
16
9
7
58
8
5
7
22
23
37
23
27
13
30
7
39
11
11
25
44
18
9
21
10
33
14
22
76
16
26
15
13
19
17
14
30
33
14
14
8
35
23
26
12
22
34
9
6
29
14
25
20
13
26
15
20
13
19
40
6
8
27
25
14
16
5
22
29
17
10
6
4
23
24
19
23
17
20
12
10
21
9
17
9
30
28
19
10
82
12
28
10
12
11
10
52
35
20
11
14
26
19
19
15
22
21
18
32
26
11
16
10
13
17
18
18
17
7
25
12
11
14
15
13
11
46
11
3
14
32
13
44
31
28
10
25
11
13
9
13
16
9
24
8
16
10
15
6
21
22
3
6
22
21
11
27
11
33
22
10
21
15
19
12
10
6
21
11
11
8
14
5
16
20
3
6
7
12
11
16
21
14
13
15
12
23
20
14
15
12
13
33
11
8
14
15
11
10
6
5
16
15
16
8
13
20
12
7
12
37
16
24
20
15
12
27
23
12
9
17
12
7
16
16
8
16
10
7
9
15
36
14
11
18
14
15
11
5
14
7
11
28
12
9
8
6
13
12
29
11
10
4
64
13
9
15
10
9
14
8
5
4
16
12
13
17
31
21
12
12
11
22
9
5
36
20
18
17
13
12
5
4
7
22
17
12
38
21
5
11
12
12
4
31
20
18
13
11
13
9
34
9
10
10
7
19
28
19
22
3
28
31
27
13
14
12
16
30
18
20
7
13
34
13
9
26
24
14
20
37
15
10
14
13
55
47
23
11
10
12
15
17
15
18
17
15
13
19
13
16
11
9
10
13
11
8
14
11
13
20
12
36
20
13
12
24
14
34
32
20
11
16
7
23
10
23
11
20
6
8
13
14
9
6
29
7
13
31
11
8
14
24
21
7
10
3
16
12
12
18
16
21
17
26
20
5
15
13
12
6
14
8
19
8
11
15
29
9
9
16
23
10
22
31
12
13
7
15
25
12
18
17
12
5
4
14
17
14
10
19
7
16
11
21
16
8
17
11
14
24
11
8
4
10
13
13
5
11
6
6
24
13
10
24
10
7
8
13
11
6
5
10
17
13
7
13
11
8
11
27
16
18
8
16
19
9
9
6
8
15
17
15
5
11
15
15
12
9
12
20
15
14
7
9
4
15
11
11
17
14
27
17
8
12
14
9
17
18
13
11
14
11
11
5
18
10
8
10
10
11
17
7
5
14
17
11
10
13
15
7
4
8
8
8
18
13
14
16
5
12
13
13
13
11
11
4
10
11
11
8
4
9
13
18
7
10
14
15
20
18
13
10
11
21
15
9
12
8
8
15
13
10
15
15
17
8
7
5
10
19
13
6
15
19
20
10
3
22
8
12
10
13
22
7
4
7
12
11
10
14
5
8
21
4
11
14
7
8
15
9
9
10
10
11
9
9
9
10
10
13
8
14
12
12
10
15
11
10
7
13
8
18
14
12
21
6
6
11
8
17
6
19
3
14
12
10
5
15
12
10
7
7
15
18
