27
16
10
65
47
32
7
9
54
41
4
69
53
10
15
18
19
15
7
8
17
12
27
25
12
100
75
20
12
15
10
58
49
34
16
13
60
27
17
8
47
8
58
34
50
36
28
33
24
44
34
26
17
20
11
17
20
40
15
14
8
7
24
18
72
74
8
60
45
53
38
18
33
30
17
52
18
17
83
79
18
25
23
69
31
11
12
75
41
25
20
8
16
9
78
75
41
29
17
8
26
40
51
12
11
50
48
23
21
16
16
14
51
9
91
43
43
15
18
15
13
68
23
15
4
9
8
55
29
17
7
10
13
11
14
10
75
22
12
8
28
8
13
11
13
87
67
42
22
24
16
12
16
15
16
17
46
27
42
36
27
10
8
22
58
32
13
14
9
13
9
22
10
46
10
17
15
13
5
11
21
10
13
12
12
49
9
12
17
39
34
10
16
45
13
9
18
30
17
63
21
17
9
23
19
18
40
34
7
38
11
10
15
8
26
35
7
56
39
33
23
18
16
17
35
16
13
22
8
44
33
18
19
20
18
17
12
11
76
34
24
14
24
65
40
29
9
115
22
13
36
7
14
17
79
33
19
16
62
9
9
7
30
20
9
61
29
11
23
48
26
13
18
7
7
18
5
29
12
21
17
10
43
16
13
60
24
67
59
24
14
11
8
12
12
8
16
55
49
20
19
11
28
28
6
13
5
5
15
11
11
8
57
44
32
22
23
16
18
43
8
21
8
9
7
34
20
20
23
17
37
12
7
19
27
15
25
11
34
23
47
11
14
29
14
29
13
12
13
3
27
15
16
11
16
13
24
15
34
7
12
60
22
10
21
28
13
12
7
37
31
23
27
18
19
11
36
14
19
22
21
36
23
27
18
12
7
19
16
23
12
20
13
12
7
19
8
13
25
33
27
18
12
12
26
7
12
9
6
65
27
21
5
23
17
38
13
18
14
10
40
14
11
10
8
29
21
13
14
17
31
27
13
9
14
11
10
4
18
16
13
10
14
5
33
34
18
19
21
15
5
8
18
9
13
10
11
22
9
7
7
19
10
7
10
5
10
12
6
28
11
9
14
9
9
14
37
37
18
20
20
5
24
17
9
19
16
8
18
15
52
11
22
22
20
13
36
50
37
52
31
25
23
25
19
22
14
19
17
6
10
65
13
13
10
12
27
22
19
39
32
28
30
5
20
12
10
10
24
19
15
13
28
7
17
32
14
8
17
15
8
10
13
18
14
14
14
25
26
10
7
14
27
25
13
17
17
15
5
8
52
11
12
7
17
5
21
33
14
4
20
23
5
19
7
14
18
8
25
11
9
7
28
51
17
24
32
24
15
12
10
14
44
17
19
11
13
20
9
9
14
30
13
12
11
14
14
15
44
14
17
13
5
15
18
12
9
14
10
24
13
15
12
59
8
31
14
10
18
10
19
19
10
11
13
27
26
27
19
19
16
42
11
50
22
15
22
12
6
4
17
5
19
7
17
19
13
16
10
31
35
15
16
15
8
10
9
33
12
7
7
7
18
19
17
22
6
6
14
14
24
13
20
18
46
13
7
18
11
12
10
10
7
11
6
10
21
14
11
22
8
12
20
13
11
15
11
21
20
18
7
16
26
17
15
19
18
10
6
5
13
36
14
19
11
5
28
9
24
15
13
18
13
5
13
9
10
43
21
15
12
12
7
19
13
9
4
11
10
6
13
25
12
15
18
17
23
14
18
25
14
12
21
14
21
8
9
11
14
12
24
14
18
14
11
7
5
7
7
12
3
19
5
14
12
10
13
10
30
23
12
8
10
5
11
27
13
7
12
27
13
17
14
18
13
8
7
16
17
26
13
8
11
11
7
4
15
12
22
6
18
12
14
19
6
38
14
13
17
17
10
7
7
11
12
12
29
18
11
8
12
6
8
4
12
11
8
7
17
12
7
21
19
14
8
8
9
15
12
16
11
14
11
8
12
11
6
18
12
15
9
10
11
8
10
13
17
9
13
13
11
19
15
11
8
8
15
27
22
19
11
7
5
12
10
4
8
6
10
4
18
14
15
9
14
32
13
9
13
14
7
16
18
20
15
7
13
8
15
6
14
16
23
27
7
10
24
16
14
9
10
8
9
10
27
23
13
16
13
15
15
11
4
10
8
18
12
15
9
6
14
13
9
16
25
11
8
16
18
11
13
9
5
18
6
8
6
19
12
11
26
17
11
22
15
8
8
10
5
6
9
12
7
20
11
9
12
16
10
7
17
8
11
7
8
13
23
12
16
11
