20
12
11
13
10
53
44
20
10
6
37
21
12
13
11
9
33
17
7
13
6
35
10
18
6
3
11
17
14
29
9
14
60
18
20
7
17
15
29
15
17
36
24
25
15
54
37
27
38
12
22
15
6
6
5
103
46
12
24
8
18
6
13
61
42
25
11
68
13
9
7
29
20
21
26
16
77
25
17
14
65
17
24
12
11
12
39
11
10
13
36
18
22
28
15
68
35
22
76
29
33
19
21
22
15
27
21
17
8
14
19
50
12
12
15
16
8
19
14
16
35
11
14
9
14
60
44
20
11
74
19
15
11
16
6
31
7
12
51
29
44
23
17
29
27
20
15
13
63
8
24
13
7
20
19
7
37
40
29
15
7
39
18
32
27
45
23
19
20
19
16
15
42
48
27
13
9
12
54
17
8
10
49
9
60
19
4
70
45
41
20
10
10
49
4
55
37
18
14
10
17
9
12
10
13
14
27
25
16
9
16
10
18
10
7
17
19
8
9
36
8
19
15
18
9
16
7
22
19
21
10
5
85
9
52
27
20
9
15
14
19
26
5
9
43
17
61
5
6
4
18
16
50
16
12
5
19
7
42
40
6
26
26
19
14
15
10
14
12
37
22
12
14
12
54
42
37
27
17
12
28
6
36
10
22
4
20
19
9
58
64
38
12
22
15
16
17
92
31
41
35
17
10
64
49
24
16
14
80
23
33
20
9
40
11
11
34
15
10
7
24
12
23
30
27
9
61
17
16
6
32
26
23
16
11
27
19
19
10
6
38
24
29
35
29
27
23
22
14
14
19
16
9
19
53
25
16
15
15
45
13
11
31
21
18
14
12
5
12
14
9
12
20
28
14
9
18
10
15
7
69
23
17
6
26
11
67
56
53
27
23
10
9
31
8
11
40
13
5
9
12
27
12
11
7
23
16
11
11
13
9
6
22
16
12
35
13
13
8
46
12
16
13
18
79
9
7
13
15
7
48
68
27
23
14
55
18
14
12
13
11
14
9
11
10
5
16
28
25
8
19
11
12
8
24
67
27
21
10
6
35
25
7
26
31
22
15
43
10
13
12
17
20
10
13
10
14
19
16
8
18
7
9
17
13
12
9
13
7
20
13
9
8
12
8
18
30
19
8
7
39
34
14
36
32
24
10
19
15
8
43
12
18
27
27
17
12
10
11
9
15
13
11
19
5
7
19
13
17
15
35
17
22
29
5
8
24
6
9
12
9
9
21
11
6
4
10
17
32
30
8
17
8
7
6
28
18
13
8
9
19
60
8
26
12
18
27
9
11
15
10
11
13
38
33
10
40
19
20
17
11
21
12
10
20
14
8
12
20
28
9
18
5
22
13
11
10
15
11
9
13
15
16
17
5
10
41
41
20
18
17
11
14
13
17
23
11
6
16
8
35
28
14
12
17
14
16
12
15
19
23
16
9
11
6
30
11
10
18
20
17
11
15
21
9
18
12
18
20
15
6
27
9
9
25
11
14
25
18
12
7
12
8
14
10
6
7
37
29
9
25
10
14
12
27
9
5
13
8
14
9
47
21
15
14
23
29
15
18
21
17
12
14
17
20
13
22
13
7
20
8
12
11
17
7
6
20
9
7
24
6
19
18
19
22
9
21
17
11
13
27
13
7
10
7
10
4
4
12
11
9
28
24
21
7
14
7
15
13
11
13
18
15
18
17
13
17
11
12
12
8
11
12
15
10
7
24
9
15
23
12
12
12
23
11
22
9
6
12
8
12
12
25
43
14
10
10
12
12
7
6
3
8
9
14
3
22
15
11
8
19
12
14
7
25
18
31
10
20
15
8
13
29
17
7
24
5
13
11
7
17
12
18
17
12
13
17
14
14
11
40
16
11
11
28
12
8
5
11
9
5
7
6
9
10
11
28
19
18
14
13
9
11
13
7
14
9
14
11
12
17
14
22
15
27
15
7
13
14
16
8
3
14
12
13
5
9
22
19
17
7
7
13
8
9
13
9
19
18
12
20
19
14
14
14
19
6
7
11
7
8
12
8
4
11
12
8
12
9
26
11
16
15
15
14
15
6
10
6
13
12
29
6
12
11
11
21
8
14
11
14
14
12
9
8
4
7
13
7
7
12
7
18
8
15
11
7
17
19
16
7
13
11
8
26
14
9
16
12
20
5
10
20
18
7
14
8
14
16
12
15
14
12
8
15
6
13
12
14
11
9
10
7
15
19
16
11
12
14
15
7
11
11
15
10
12
14
14
13
21
13
8
16
13
17
12
8
6
12
7
